SEF	1.0.0
ID	YorkFactoryCanada
Name	YorkFactory
Lat	57.03
Lon	267.5
Alt	16.75
Source	ACRE-Canada
Link	https://opendatarescue.org
Vbl	e
Stat	point
Unit	hPa
Meta		UTCOffset=NO
Year	Month	Day	Hour	Minute	Period	Value	|	Meta
1874	10	02	07	00	0	5.93	|	orig=.175 inHg|Local time: 0700|QC flag: low value|Image File: YorkFactory_USSS-412_M1958_1874-10-01_OBS-R.jpg
1874	10	02	14	00	0	5.89	|	orig=.174 inHg|Local time: 1400|QC flag: low value|Image File: YorkFactory_USSS-412_M1958_1874-10-01_OBS-R.jpg
1874	10	02	21	00	0	5.93	|	orig=.175 inHg|Local time: 2100|QC flag: low value|Image File: YorkFactory_USSS-412_M1958_1874-10-01_OBS-R.jpg
1874	10	03	07	00	0	5.82	|	orig=.172 inHg|Local time: 0700|QC flag: low value|Image File: YorkFactory_USSS-412_M1958_1874-10-01_OBS-R.jpg
1874	10	03	14	00	0	8.67	|	orig=.256 inHg|Local time: 1400|QC flag: none|Image File: YorkFactory_USSS-412_M1958_1874-10-01_OBS-R.jpg
1874	10	03	21	00	0	6.74	|	orig=.199 inHg|Local time: 2100|QC flag: low value|Image File: YorkFactory_USSS-412_M1958_1874-10-01_OBS-R.jpg
1874	10	04	07	00	0	6.30	|	orig=.186 inHg|Local time: 0700|QC flag: low value|Image File: YorkFactory_USSS-412_M1958_1874-10-01_OBS-R.jpg
1874	10	04	14	00	0	11.45	|	orig=.338 inHg|Local time: 1400|QC flag: none|Image File: YorkFactory_USSS-412_M1958_1874-10-01_OBS-R.jpg
1874	10	04	21	00	0	7.86	|	orig=.232 inHg|Local time: 2100|QC flag: none|Image File: YorkFactory_USSS-412_M1958_1874-10-01_OBS-R.jpg
1874	10	05	07	00	0	6.74	|	orig=.199 inHg|Local time: 0700|QC flag: low value|Image File: YorkFactory_USSS-412_M1958_1874-10-01_OBS-R.jpg
1874	10	05	14	00	0	6.74	|	orig=.199 inHg|Local time: 1400|QC flag: low value|Image File: YorkFactory_USSS-412_M1958_1874-10-01_OBS-R.jpg
1874	10	05	21	00	0	8.57	|	orig=.253 inHg|Local time: 2100|QC flag: none|Image File: YorkFactory_USSS-412_M1958_1874-10-01_OBS-R.jpg
1874	10	06	07	00	0	8.47	|	orig=.250 inHg|Local time: 0700|QC flag: none|Image File: YorkFactory_USSS-412_M1958_1874-10-01_OBS-R.jpg
1874	10	06	14	00	0	10.02	|	orig=.296 inHg|Local time: 1400|QC flag: none|Image File: YorkFactory_USSS-412_M1958_1874-10-01_OBS-R.jpg
1874	10	06	21	00	0	8.64	|	orig=.255 inHg|Local time: 2100|QC flag: none|Image File: YorkFactory_USSS-412_M1958_1874-10-01_OBS-R.jpg
1874	10	07	07	00	0	8.94	|	orig=.264 inHg|Local time: 0700|QC flag: none|Image File: YorkFactory_USSS-412_M1958_1874-10-01_OBS-R.jpg
1874	10	07	14	00	0	10.43	|	orig=.308 inHg|Local time: 1400|QC flag: none|Image File: YorkFactory_USSS-412_M1958_1874-10-01_OBS-R.jpg
1874	10	07	21	00	0	11.34	|	orig=.335 inHg|Local time: 2100|QC flag: none|Image File: YorkFactory_USSS-412_M1958_1874-10-01_OBS-R.jpg
1874	10	08	07	00	0	6.87	|	orig=.203 inHg|Local time: 0700|QC flag: none|Image File: YorkFactory_USSS-412_M1958_1874-10-01_OBS-R.jpg
1874	10	08	14	00	0	6.06	|	orig=.179 inHg|Local time: 1400|QC flag: low value|Image File: YorkFactory_USSS-412_M1958_1874-10-01_OBS-R.jpg
1874	10	08	21	00	0	3.69	|	orig=.109 inHg|Local time: 2100|QC flag: low value|Image File: YorkFactory_USSS-412_M1958_1874-10-01_OBS-R.jpg
1874	10	09	07	00	0	7.72	|	orig=.228 inHg|Local time: 0700|QC flag: none|Image File: YorkFactory_USSS-412_M1958_1874-10-01_OBS-R.jpg
1874	10	09	14	00	0	8.97	|	orig=.265 inHg|Local time: 1400|QC flag: none|Image File: YorkFactory_USSS-412_M1958_1874-10-01_OBS-R.jpg
1874	10	09	21	00	0	6.81	|	orig=.201 inHg|Local time: 2100|QC flag: none|Image File: YorkFactory_USSS-412_M1958_1874-10-01_OBS-R.jpg
1874	10	10	07	00	0	5.55	|	orig=.164 inHg|Local time: 0700|QC flag: low value|Image File: YorkFactory_USSS-412_M1958_1874-10-01_OBS-R.jpg
1874	10	10	14	00	0	3.89	|	orig=.115 inHg|Local time: 1400|QC flag: low value|Image File: YorkFactory_USSS-412_M1958_1874-10-01_OBS-R.jpg
1874	10	10	21	00	0	4.67	|	orig=.138 inHg|Local time: 2100|QC flag: low value|Image File: YorkFactory_USSS-412_M1958_1874-10-01_OBS-R.jpg
1874	10	11	07	00	0	4.47	|	orig=.132 inHg|Local time: 0700|QC flag: low value|Image File: YorkFactory_USSS-412_M1958_1874-10-01_OBS-R.jpg
1874	10	11	14	00	0	3.01	|	orig=.089 inHg|Local time: 1400|QC flag: low value|Image File: YorkFactory_USSS-412_M1958_1874-10-01_OBS-R.jpg
1874	10	11	21	00	0	3.25	|	orig=.096 inHg|Local time: 2100|QC flag: low value|Image File: YorkFactory_USSS-412_M1958_1874-10-01_OBS-R.jpg
1874	10	12	07	00	0	3.28	|	orig=.097 inHg|Local time: 0700|QC flag: low value|Image File: YorkFactory_USSS-412_M1958_1874-10-01_OBS-R.jpg
1874	10	12	14	00	0	6.43	|	orig=.190 inHg|Local time: 1400|QC flag: low value|Image File: YorkFactory_USSS-412_M1958_1874-10-01_OBS-R.jpg
1874	10	12	21	00	0	5.62	|	orig=.166 inHg|Local time: 2100|QC flag: low value|Image File: YorkFactory_USSS-412_M1958_1874-10-01_OBS-R.jpg
1874	10	13	07	00	0	6.50	|	orig=.192 inHg|Local time: 0700|QC flag: low value|Image File: YorkFactory_USSS-412_M1958_1874-10-01_OBS-R.jpg
1874	10	13	14	00	0	8.16	|	orig=.241 inHg|Local time: 1400|QC flag: none|Image File: YorkFactory_USSS-412_M1958_1874-10-01_OBS-R.jpg
1874	10	13	21	00	0	7.96	|	orig=.235 inHg|Local time: 2100|QC flag: none|Image File: YorkFactory_USSS-412_M1958_1874-10-01_OBS-R.jpg
1874	10	14	07	00	0	7.79	|	orig=.230 inHg|Local time: 0700|QC flag: none|Image File: YorkFactory_USSS-412_M1958_1874-10-01_OBS-R.jpg
1874	10	14	14	00	0	9.31	|	orig=.275 inHg|Local time: 1400|QC flag: none|Image File: YorkFactory_USSS-412_M1958_1874-10-01_OBS-R.jpg
1874	10	14	21	00	0	9.58	|	orig=.283 inHg|Local time: 2100|QC flag: none|Image File: YorkFactory_USSS-412_M1958_1874-10-01_OBS-R.jpg
1874	10	15	07	00	0	6.91	|	orig=.204 inHg|Local time: 0700|QC flag: none|Image File: YorkFactory_USSS-412_M1958_1874-10-01_OBS-R.jpg
1874	10	15	14	00	0	7.86	|	orig=.232 inHg|Local time: 1400|QC flag: none|Image File: YorkFactory_USSS-412_M1958_1874-10-01_OBS-R.jpg
1874	10	15	21	00	0	7.11	|	orig=.210 inHg|Local time: 2100|QC flag: none|Image File: YorkFactory_USSS-412_M1958_1874-10-01_OBS-R.jpg
1874	10	16	07	00	0	7.89	|	orig=.233 inHg|Local time: 0700|QC flag: none|Image File: YorkFactory_USSS-412_M1958_1874-10-01_OBS-R.jpg
1874	10	16	14	00	0	6.54	|	orig=.193 inHg|Local time: 1400|QC flag: low value|Image File: YorkFactory_USSS-412_M1958_1874-10-01_OBS-R.jpg
1874	10	16	21	00	0	5.93	|	orig=.175 inHg|Local time: 2100|QC flag: low value|Image File: YorkFactory_USSS-412_M1958_1874-10-01_OBS-R.jpg
1874	10	17	07	00	0	5.49	|	orig=.162 inHg|Local time: 0700|QC flag: low value|Image File: YorkFactory_USSS-412_M1958_1874-10-01_OBS-R.jpg
1874	10	17	14	00	0	5.25	|	orig=.155 inHg|Local time: 1400|QC flag: low value|Image File: YorkFactory_USSS-412_M1958_1874-10-01_OBS-R.jpg
1874	10	17	21	00	0	5.55	|	orig=.164 inHg|Local time: 2100|QC flag: low value|Image File: YorkFactory_USSS-412_M1958_1874-10-01_OBS-R.jpg
1874	10	18	07	00	0	5.76	|	orig=.170 inHg|Local time: 0700|QC flag: low value|Image File: YorkFactory_USSS-412_M1958_1874-10-01_OBS-R.jpg
1874	10	18	14	00	0	6.64	|	orig=.196 inHg|Local time: 1400|QC flag: low value|Image File: YorkFactory_USSS-412_M1958_1874-10-01_OBS-R.jpg
1874	10	18	21	00	0	6.50	|	orig=.192 inHg|Local time: 2100|QC flag: low value|Image File: YorkFactory_USSS-412_M1958_1874-10-01_OBS-R.jpg
1874	10	19	07	00	0	5.59	|	orig=.165 inHg|Local time: 0700|QC flag: low value|Image File: YorkFactory_USSS-412_M1958_1874-10-01_OBS-R.jpg
1874	10	19	14	00	0	5.01	|	orig=.148 inHg|Local time: 1400|QC flag: low value|Image File: YorkFactory_USSS-412_M1958_1874-10-01_OBS-R.jpg
1874	10	19	21	00	0	4.30	|	orig=.127 inHg|Local time: 2100|QC flag: low value|Image File: YorkFactory_USSS-412_M1958_1874-10-01_OBS-R.jpg
1874	10	20	07	00	0	4.23	|	orig=.125 inHg|Local time: 0700|QC flag: low value|Image File: YorkFactory_USSS-412_M1958_1874-10-01_OBS-R.jpg
1874	10	20	14	00	0	4.33	|	orig=.128 inHg|Local time: 1400|QC flag: low value|Image File: YorkFactory_USSS-412_M1958_1874-10-01_OBS-R.jpg
1874	10	20	21	00	0	5.28	|	orig=.156 inHg|Local time: 2100|QC flag: low value|Image File: YorkFactory_USSS-412_M1958_1874-10-01_OBS-R.jpg
1874	10	21	07	00	0	5.62	|	orig=.166 inHg|Local time: 0700|QC flag: low value|Image File: YorkFactory_USSS-412_M1958_1874-10-01_OBS-R.jpg
1874	10	21	14	00	0	7.18	|	orig=.212 inHg|Local time: 1400|QC flag: none|Image File: YorkFactory_USSS-412_M1958_1874-10-01_OBS-R.jpg
1874	10	21	21	00	0	5.93	|	orig=.175 inHg|Local time: 2100|QC flag: low value|Image File: YorkFactory_USSS-412_M1958_1874-10-01_OBS-R.jpg
1874	10	22	07	00	0	5.55	|	orig=.164 inHg|Local time: 0700|QC flag: low value|Image File: YorkFactory_USSS-412_M1958_1874-10-01_OBS-R.jpg
1874	10	22	14	00	0	6.47	|	orig=.191 inHg|Local time: 1400|QC flag: low value|Image File: YorkFactory_USSS-412_M1958_1874-10-01_OBS-R.jpg
1874	10	22	21	00	0	5.52	|	orig=.163 inHg|Local time: 2100|QC flag: low value|Image File: YorkFactory_USSS-412_M1958_1874-10-01_OBS-R.jpg
1874	10	23	07	00	0	5.93	|	orig=.175 inHg|Local time: 0700|QC flag: low value|Image File: YorkFactory_USSS-412_M1958_1874-10-01_OBS-R.jpg
1874	10	23	14	00	0	8.43	|	orig=.249 inHg|Local time: 1400|QC flag: none|Image File: YorkFactory_USSS-412_M1958_1874-10-01_OBS-R.jpg
1874	10	23	21	00	0	8.30	|	orig=.245 inHg|Local time: 2100|QC flag: none|Image File: YorkFactory_USSS-412_M1958_1874-10-01_OBS-R.jpg
1874	10	24	07	00	0	6.74	|	orig=.199 inHg|Local time: 0700|QC flag: low value|Image File: YorkFactory_USSS-412_M1958_1874-10-01_OBS-R.jpg
1874	10	24	14	00	0	5.89	|	orig=.174 inHg|Local time: 1400|QC flag: low value|Image File: YorkFactory_USSS-412_M1958_1874-10-01_OBS-R.jpg
1874	10	24	21	00	0	6.37	|	orig=.188 inHg|Local time: 2100|QC flag: low value|Image File: YorkFactory_USSS-412_M1958_1874-10-01_OBS-R.jpg
1874	10	25	07	00	0	5.22	|	orig=.154 inHg|Local time: 0700|QC flag: low value|Image File: YorkFactory_USSS-412_M1958_1874-10-01_OBS-R.jpg
1874	10	25	14	00	0	4.61	|	orig=.136 inHg|Local time: 1400|QC flag: low value|Image File: YorkFactory_USSS-412_M1958_1874-10-01_OBS-R.jpg
1874	10	25	21	00	0	4.47	|	orig=.132 inHg|Local time: 2100|QC flag: low value|Image File: YorkFactory_USSS-412_M1958_1874-10-01_OBS-R.jpg
1874	10	26	07	00	0	3.05	|	orig=.090 inHg|Local time: 0700|QC flag: low value|Image File: YorkFactory_USSS-412_M1958_1874-10-01_OBS-R.jpg
1874	10	26	14	00	0	5.35	|	orig=.158 inHg|Local time: 1400|QC flag: low value|Image File: YorkFactory_USSS-412_M1958_1874-10-01_OBS-R.jpg
1874	10	26	21	00	0	5.18	|	orig=.153 inHg|Local time: 2100|QC flag: low value|Image File: YorkFactory_USSS-412_M1958_1874-10-01_OBS-R.jpg
1874	10	27	07	00	0	5.25	|	orig=.155 inHg|Local time: 0700|QC flag: low value|Image File: YorkFactory_USSS-412_M1958_1874-10-01_OBS-R.jpg
1874	10	27	14	00	0	3.73	|	orig=.110 inHg|Local time: 1400|QC flag: low value|Image File: YorkFactory_USSS-412_M1958_1874-10-01_OBS-R.jpg
1874	10	27	21	00	0	2.64	|	orig=.078 inHg|Local time: 2100|QC flag: low value|Image File: YorkFactory_USSS-412_M1958_1874-10-01_OBS-R.jpg
1874	10	28	07	00	0	1.69	|	orig=.050 inHg|Local time: 0700|QC flag: low value|Image File: YorkFactory_USSS-412_M1958_1874-10-01_OBS-R.jpg
1874	10	28	14	00	0	2.34	|	orig=.069 inHg|Local time: 1400|QC flag: low value|Image File: YorkFactory_USSS-412_M1958_1874-10-01_OBS-R.jpg
1874	10	28	21	00	0	2.91	|	orig=.086 inHg|Local time: 2100|QC flag: low value|Image File: YorkFactory_USSS-412_M1958_1874-10-01_OBS-R.jpg
1874	10	29	07	00	0	2.88	|	orig=.085 inHg|Local time: 0700|QC flag: low value|Image File: YorkFactory_USSS-412_M1958_1874-10-01_OBS-R.jpg
1874	10	29	14	00	0	2.64	|	orig=.078 inHg|Local time: 1400|QC flag: low value|Image File: YorkFactory_USSS-412_M1958_1874-10-01_OBS-R.jpg
1874	10	29	21	00	0	3.15	|	orig=.093 inHg|Local time: 2100|QC flag: low value|Image File: YorkFactory_USSS-412_M1958_1874-10-01_OBS-R.jpg
1874	10	30	07	00	0	2.34	|	orig=.069 inHg|Local time: 0700|QC flag: low value|Image File: YorkFactory_USSS-412_M1958_1874-10-01_OBS-R.jpg
1874	10	30	14	00	0	4.37	|	orig=.129 inHg|Local time: 1400|QC flag: low value|Image File: YorkFactory_USSS-412_M1958_1874-10-01_OBS-R.jpg
1874	10	30	21	00	0	4.27	|	orig=.126 inHg|Local time: 2100|QC flag: low value|Image File: YorkFactory_USSS-412_M1958_1874-10-01_OBS-R.jpg
1874	10	31	07	00	0	4.00	|	orig=.118 inHg|Local time: 0700|QC flag: low value|Image File: YorkFactory_USSS-412_M1958_1874-10-01_OBS-R.jpg
1874	10	31	14	00	0	4.81	|	orig=.142 inHg|Local time: 1400|QC flag: low value|Image File: YorkFactory_USSS-412_M1958_1874-10-01_OBS-R.jpg
1874	10	31	21	00	0	3.73	|	orig=.110 inHg|Local time: 2100|QC flag: low value|Image File: YorkFactory_USSS-412_M1958_1874-10-01_OBS-R.jpg
1874	11	01	07	00	0	3.25	|	orig=0.096 inHg|Local time: 0700|QC flag: low value|Image File: YorkFactory_USSS-412_M1958_1874-11-01_OBS-R.jpg
1874	11	01	14	00	0	3.79	|	orig=.112 inHg|Local time: 1400|QC flag: low value|Image File: YorkFactory_USSS-412_M1958_1874-11-01_OBS-R.jpg
1874	11	01	21	00	0	5.22	|	orig=.154 inHg|Local time: 2100|QC flag: low value|Image File: YorkFactory_USSS-412_M1958_1874-11-01_OBS-R.jpg
1874	11	02	07	00	0	4.77	|	orig=.141 inHg|Local time: 0700|QC flag: low value|Image File: YorkFactory_USSS-412_M1958_1874-11-01_OBS-R.jpg
1874	11	02	14	00	0	6.13	|	orig=.181 inHg|Local time: 1400|QC flag: low value|Image File: YorkFactory_USSS-412_M1958_1874-11-01_OBS-R.jpg
1874	11	02	21	00	0	4.00	|	orig=.118 inHg|Local time: 2100|QC flag: low value|Image File: YorkFactory_USSS-412_M1958_1874-11-01_OBS-R.jpg
1874	11	03	07	00	0	3.12	|	orig=.092 inHg|Local time: 0700|QC flag: low value|Image File: YorkFactory_USSS-412_M1958_1874-11-01_OBS-R.jpg
1874	11	03	14	00	0	2.88	|	orig=.085 inHg|Local time: 1400|QC flag: low value|Image File: YorkFactory_USSS-412_M1958_1874-11-01_OBS-R.jpg
1874	11	03	21	00	0	2.57	|	orig=.076 inHg|Local time: 2100|QC flag: low value|Image File: YorkFactory_USSS-412_M1958_1874-11-01_OBS-R.jpg
1874	11	04	07	00	0	2.78	|	orig=.082 inHg|Local time: 0700|QC flag: low value|Image File: YorkFactory_USSS-412_M1958_1874-11-01_OBS-R.jpg
1874	11	04	14	00	0	3.25	|	orig=.096 inHg|Local time: 1400|QC flag: low value|Image File: YorkFactory_USSS-412_M1958_1874-11-01_OBS-R.jpg
1874	11	04	21	00	0	3.49	|	orig=.103 inHg|Local time: 2100|QC flag: low value|Image File: YorkFactory_USSS-412_M1958_1874-11-01_OBS-R.jpg
1874	11	05	07	00	0	3.76	|	orig=.111 inHg|Local time: 0700|QC flag: low value|Image File: YorkFactory_USSS-412_M1958_1874-11-01_OBS-R.jpg
1874	11	05	14	00	0	4.40	|	orig=.130 inHg|Local time: 1400|QC flag: low value|Image File: YorkFactory_USSS-412_M1958_1874-11-01_OBS-R.jpg
1874	11	05	21	00	0	4.37	|	orig=.129 inHg|Local time: 2100|QC flag: low value|Image File: YorkFactory_USSS-412_M1958_1874-11-01_OBS-R.jpg
1874	11	06	07	00	0	4.77	|	orig=.141 inHg|Local time: 0700|QC flag: low value|Image File: YorkFactory_USSS-412_M1958_1874-11-01_OBS-R.jpg
1874	11	06	14	00	0	5.01	|	orig=.148 inHg|Local time: 1400|QC flag: low value|Image File: YorkFactory_USSS-412_M1958_1874-11-01_OBS-R.jpg
1874	11	06	21	00	0	5.55	|	orig=.164 inHg|Local time: 2100|QC flag: low value|Image File: YorkFactory_USSS-412_M1958_1874-11-01_OBS-R.jpg
1874	11	07	07	00	0	5.76	|	orig=.170 inHg|Local time: 0700|QC flag: low value|Image File: YorkFactory_USSS-412_M1958_1874-11-01_OBS-R.jpg
1874	11	07	14	00	0	5.69	|	orig=.168 inHg|Local time: 1400|QC flag: low value|Image File: YorkFactory_USSS-412_M1958_1874-11-01_OBS-R.jpg
1874	11	07	21	00	0	6.13	|	orig=.181 inHg|Local time: 2100|QC flag: low value|Image File: YorkFactory_USSS-412_M1958_1874-11-01_OBS-R.jpg
1874	11	08	07	00	0	4.17	|	orig=.123 inHg|Local time: 0700|QC flag: low value|Image File: YorkFactory_USSS-412_M1958_1874-11-01_OBS-R.jpg
1874	11	08	14	00	0	3.79	|	orig=.112 inHg|Local time: 1400|QC flag: low value|Image File: YorkFactory_USSS-412_M1958_1874-11-01_OBS-R.jpg
1874	11	08	21	00	0	4.88	|	orig=.144 inHg|Local time: 2100|QC flag: low value|Image File: YorkFactory_USSS-412_M1958_1874-11-01_OBS-R.jpg
1874	11	09	07	00	0	3.32	|	orig=.098 inHg|Local time: 0700|QC flag: low value|Image File: YorkFactory_USSS-412_M1958_1874-11-01_OBS-R.jpg
1874	11	09	14	00	0	2.51	|	orig=.074 inHg|Local time: 1400|QC flag: low value|Image File: YorkFactory_USSS-412_M1958_1874-11-01_OBS-R.jpg
1874	11	09	21	00	0	2.17	|	orig=.064 inHg|Local time: 2100|QC flag: low value|Image File: YorkFactory_USSS-412_M1958_1874-11-01_OBS-R.jpg
1874	11	10	07	00	0	2.64	|	orig=.078 inHg|Local time: 0700|QC flag: low value|Image File: YorkFactory_USSS-412_M1958_1874-11-01_OBS-R.jpg
1874	11	10	14	00	0	2.98	|	orig=.088 inHg|Local time: 1400|QC flag: low value|Image File: YorkFactory_USSS-412_M1958_1874-11-01_OBS-R.jpg
1874	11	10	21	00	0	2.57	|	orig=.076 inHg|Local time: 2100|QC flag: low value|Image File: YorkFactory_USSS-412_M1958_1874-11-01_OBS-R.jpg
1874	11	11	07	00	0	2.30	|	orig=.068 inHg|Local time: 0700|QC flag: low value|Image File: YorkFactory_USSS-412_M1958_1874-11-01_OBS-R.jpg
1874	11	11	14	00	0	2.98	|	orig=.088 inHg|Local time: 1400|QC flag: low value|Image File: YorkFactory_USSS-412_M1958_1874-11-01_OBS-R.jpg
1874	11	11	21	00	0	1.35	|	orig=.040 inHg|Local time: 2100|QC flag: low value|Image File: YorkFactory_USSS-412_M1958_1874-11-01_OBS-R.jpg
1874	11	12	07	00	0	1.32	|	orig=0.039 inHg|Local time: 0700|QC flag: low value|Image File: YorkFactory_USSS-412_M1958_1874-11-01_OBS-R.jpg
1874	11	12	14	00	0	1.52	|	orig=.045 inHg|Local time: 1400|QC flag: low value|Image File: YorkFactory_USSS-412_M1958_1874-11-01_OBS-R.jpg
1874	11	12	21	00	0	1.42	|	orig=.042 inHg|Local time: 2100|QC flag: low value|Image File: YorkFactory_USSS-412_M1958_1874-11-01_OBS-R.jpg
1874	11	13	07	00	0	1.52	|	orig=.045 inHg|Local time: 0700|QC flag: low value|Image File: YorkFactory_USSS-412_M1958_1874-11-01_OBS-R.jpg
1874	11	13	14	00	0	2.30	|	orig=.068 inHg|Local time: 1400|QC flag: low value|Image File: YorkFactory_USSS-412_M1958_1874-11-01_OBS-R.jpg
1874	11	13	21	00	0	1.79	|	orig=.053 inHg|Local time: 2100|QC flag: low value|Image File: YorkFactory_USSS-412_M1958_1874-11-01_OBS-R.jpg
1874	11	14	07	00	0	2.78	|	orig=.082 inHg|Local time: 0700|QC flag: low value|Image File: YorkFactory_USSS-412_M1958_1874-11-01_OBS-R.jpg
1874	11	14	14	00	0	3.22	|	orig=.095 inHg|Local time: 1400|QC flag: low value|Image File: YorkFactory_USSS-412_M1958_1874-11-01_OBS-R.jpg
1874	11	14	21	00	0	2.61	|	orig=.077 inHg|Local time: 2100|QC flag: low value|Image File: YorkFactory_USSS-412_M1958_1874-11-01_OBS-R.jpg
1874	11	15	07	00	0	1.52	|	orig=.045 inHg|Local time: 0700|QC flag: low value|Image File: YorkFactory_USSS-412_M1958_1874-11-01_OBS-R.jpg
1874	11	15	14	00	0	1.12	|	orig=.033 inHg|Local time: 1400|QC flag: low value|Image File: YorkFactory_USSS-412_M1958_1874-11-01_OBS-R.jpg
1874	11	15	21	00	0	1.39	|	orig=.041 inHg|Local time: 2100|QC flag: low value|Image File: YorkFactory_USSS-412_M1958_1874-11-01_OBS-R.jpg
1874	11	16	07	00	0	0.61	|	orig=.018 inHg|Local time: 0700|QC flag: low value|Image File: YorkFactory_USSS-412_M1958_1874-11-01_OBS-R.jpg
1874	11	16	14	00	0	1.22	|	orig=.036 inHg|Local time: 1400|QC flag: low value|Image File: YorkFactory_USSS-412_M1958_1874-11-01_OBS-R.jpg
1874	11	16	21	00	0	1.29	|	orig=.038 inHg|Local time: 2100|QC flag: low value|Image File: YorkFactory_USSS-412_M1958_1874-11-01_OBS-R.jpg
1874	11	17	07	00	0	1.05	|	orig=.031 inHg|Local time: 0700|QC flag: low value|Image File: YorkFactory_USSS-412_M1958_1874-11-01_OBS-R.jpg
1874	11	17	14	00	0	1.02	|	orig=.030 inHg|Local time: 1400|QC flag: low value|Image File: YorkFactory_USSS-412_M1958_1874-11-01_OBS-R.jpg
1874	11	17	21	00	0	0.85	|	orig=.025 inHg|Local time: 2100|QC flag: low value|Image File: YorkFactory_USSS-412_M1958_1874-11-01_OBS-R.jpg
1874	11	18	07	00	0	0.68	|	orig=0.020 inHg|Local time: 0700|QC flag: low value|Image File: YorkFactory_USSS-412_M1958_1874-11-01_OBS-R.jpg
1874	11	18	14	00	0	1.39	|	orig=.041 inHg|Local time: 1400|QC flag: low value|Image File: YorkFactory_USSS-412_M1958_1874-11-01_OBS-R.jpg
1874	11	18	21	00	0	1.05	|	orig=.031 inHg|Local time: 2100|QC flag: low value|Image File: YorkFactory_USSS-412_M1958_1874-11-01_OBS-R.jpg
1874	11	19	07	00	0	0.95	|	orig=.028 inHg|Local time: 0700|QC flag: low value|Image File: YorkFactory_USSS-412_M1958_1874-11-01_OBS-R.jpg
1874	11	19	14	00	0	1.69	|	orig=.050 inHg|Local time: 1400|QC flag: low value|Image File: YorkFactory_USSS-412_M1958_1874-11-01_OBS-R.jpg
1874	11	19	21	00	0	1.93	|	orig=.057 inHg|Local time: 2100|QC flag: low value|Image File: YorkFactory_USSS-412_M1958_1874-11-01_OBS-R.jpg
1874	11	20	07	00	0	1.49	|	orig=.044 inHg|Local time: 0700|QC flag: low value|Image File: YorkFactory_USSS-412_M1958_1874-11-01_OBS-R.jpg
1874	11	20	14	00	0	1.76	|	orig=.052 inHg|Local time: 1400|QC flag: low value|Image File: YorkFactory_USSS-412_M1958_1874-11-01_OBS-R.jpg
1874	11	20	21	00	0	1.83	|	orig=.054 inHg|Local time: 2100|QC flag: low value|Image File: YorkFactory_USSS-412_M1958_1874-11-01_OBS-R.jpg
1874	11	21	07	00	0	1.86	|	orig=.055 inHg|Local time: 0700|QC flag: low value|Image File: YorkFactory_USSS-412_M1958_1874-11-01_OBS-R.jpg
1874	11	21	14	00	0	1.76	|	orig=.052 inHg|Local time: 1400|QC flag: low value|Image File: YorkFactory_USSS-412_M1958_1874-11-01_OBS-R.jpg
1874	11	21	21	00	0	1.29	|	orig=.038 inHg|Local time: 2100|QC flag: low value|Image File: YorkFactory_USSS-412_M1958_1874-11-01_OBS-R.jpg
1874	11	22	07	00	0	0.61	|	orig=0.018 inHg|Local time: 0700|QC flag: low value|Image File: YorkFactory_USSS-412_M1958_1874-11-01_OBS-R.jpg
1874	11	22	14	00	0	0.81	|	orig=.024 inHg|Local time: 1400|QC flag: low value|Image File: YorkFactory_USSS-412_M1958_1874-11-01_OBS-R.jpg
1874	11	22	21	00	0	0.47	|	orig=.014 inHg|Local time: 2100|QC flag: low value|Image File: YorkFactory_USSS-412_M1958_1874-11-01_OBS-R.jpg
1874	11	23	07	00	0	0.75	|	orig=.022 inHg|Local time: 0700|QC flag: low value|Image File: YorkFactory_USSS-412_M1958_1874-11-01_OBS-R.jpg
1874	11	23	14	00	0	0.68	|	orig=.020 inHg|Local time: 1400|QC flag: low value|Image File: YorkFactory_USSS-412_M1958_1874-11-01_OBS-R.jpg
1874	11	23	21	00	0	0.54	|	orig=.016 inHg|Local time: 2100|QC flag: low value|Image File: YorkFactory_USSS-412_M1958_1874-11-01_OBS-R.jpg
1874	11	24	07	00	0	1.22	|	orig=.036 inHg|Local time: 0700|QC flag: low value|Image File: YorkFactory_USSS-412_M1958_1874-11-01_OBS-R.jpg
1874	11	24	14	00	0	1.56	|	orig=.046 inHg|Local time: 1400|QC flag: low value|Image File: YorkFactory_USSS-412_M1958_1874-11-01_OBS-R.jpg
1874	11	24	21	00	0	1.56	|	orig=.046 inHg|Local time: 2100|QC flag: low value|Image File: YorkFactory_USSS-412_M1958_1874-11-01_OBS-R.jpg
1874	11	25	07	00	0	1.52	|	orig=.045 inHg|Local time: 0700|QC flag: low value|Image File: YorkFactory_USSS-412_M1958_1874-11-01_OBS-R.jpg
1874	11	25	14	00	0	-999	|	orig=Empty inHg|Local time: 1400|QC flag: missing|Image File: YorkFactory_USSS-412_M1958_1874-11-01_OBS-R.jpg
1874	11	25	21	00	0	1.90	|	orig=.056 inHg|Local time: 2100|QC flag: low value|Image File: YorkFactory_USSS-412_M1958_1874-11-01_OBS-R.jpg
1874	11	26	07	00	0	1.90	|	orig=.056 inHg|Local time: 0700|QC flag: low value|Image File: YorkFactory_USSS-412_M1958_1874-11-01_OBS-R.jpg
1874	11	26	14	00	0	1.93	|	orig=.057 inHg|Local time: 1400|QC flag: low value|Image File: YorkFactory_USSS-412_M1958_1874-11-01_OBS-R.jpg
1874	11	26	21	00	0	1.76	|	orig=.052 inHg|Local time: 2100|QC flag: low value|Image File: YorkFactory_USSS-412_M1958_1874-11-01_OBS-R.jpg
1874	11	27	07	00	0	1.19	|	orig=.035 inHg|Local time: 0700|QC flag: low value|Image File: YorkFactory_USSS-412_M1958_1874-11-01_OBS-R.jpg
1874	11	27	14	00	0	0.91	|	orig=.027 inHg|Local time: 1400|QC flag: low value|Image File: YorkFactory_USSS-412_M1958_1874-11-01_OBS-R.jpg
1874	11	27	21	00	0	0.64	|	orig=.019 inHg|Local time: 2100|QC flag: low value|Image File: YorkFactory_USSS-412_M1958_1874-11-01_OBS-R.jpg
1874	11	28	07	00	0	0.00	|	orig=.000 inHg|Local time: 0700|QC flag: low value|Image File: YorkFactory_USSS-412_M1958_1874-11-01_OBS-R.jpg
1874	11	28	14	00	0	0.98	|	orig=.029 inHg|Local time: 1400|QC flag: low value|Image File: YorkFactory_USSS-412_M1958_1874-11-01_OBS-R.jpg
1874	11	28	21	00	0	1.83	|	orig=.054 inHg|Local time: 2100|QC flag: low value|Image File: YorkFactory_USSS-412_M1958_1874-11-01_OBS-R.jpg
1874	11	29	07	00	0	1.32	|	orig=.039 inHg|Local time: 0700|QC flag: low value|Image File: YorkFactory_USSS-412_M1958_1874-11-01_OBS-R.jpg
1874	11	29	14	00	0	1.32	|	orig=.039 inHg|Local time: 1400|QC flag: low value|Image File: YorkFactory_USSS-412_M1958_1874-11-01_OBS-R.jpg
1874	11	29	21	00	0	1.12	|	orig=.033 inHg|Local time: 2100|QC flag: low value|Image File: YorkFactory_USSS-412_M1958_1874-11-01_OBS-R.jpg
1874	11	30	07	00	0	0.47	|	orig=.014 inHg|Local time: 0700|QC flag: low value|Image File: YorkFactory_USSS-412_M1958_1874-11-01_OBS-R.jpg
1874	11	30	14	00	0	1.05	|	orig=.031 inHg|Local time: 1400|QC flag: low value|Image File: YorkFactory_USSS-412_M1958_1874-11-01_OBS-R.jpg
1874	11	30	21	00	0	0.88	|	orig=.026 inHg|Local time: 2100|QC flag: low value|Image File: YorkFactory_USSS-412_M1958_1874-11-01_OBS-R.jpg
1874	12	01	07	00	0	0.44	|	orig=0.013 inHg|Local time: 0700|QC flag: low value|Image File: YorkFactory_USSS-412_M1958_1874-12-01_OBS-R.jpg
1874	12	01	14	00	0	0.68	|	orig=0.020 inHg|Local time: 1400|QC flag: low value|Image File: YorkFactory_USSS-412_M1958_1874-12-01_OBS-R.jpg
1874	12	01	21	00	0	0.85	|	orig=0.025 inHg|Local time: 2100|QC flag: low value|Image File: YorkFactory_USSS-412_M1958_1874-12-01_OBS-R.jpg
1874	12	02	07	00	0	0.51	|	orig=0.015 inHg|Local time: 0700|QC flag: low value|Image File: YorkFactory_USSS-412_M1958_1874-12-01_OBS-R.jpg
1874	12	02	14	00	0	0.58	|	orig=0.017 inHg|Local time: 1400|QC flag: low value|Image File: YorkFactory_USSS-412_M1958_1874-12-01_OBS-R.jpg
1874	12	02	21	00	0	0.64	|	orig=0.019 inHg|Local time: 2100|QC flag: low value|Image File: YorkFactory_USSS-412_M1958_1874-12-01_OBS-R.jpg
1874	12	03	07	00	0	0.98	|	orig=0.029 inHg|Local time: 0700|QC flag: low value|Image File: YorkFactory_USSS-412_M1958_1874-12-01_OBS-R.jpg
1874	12	03	14	00	0	2.30	|	orig=0.068 inHg|Local time: 1400|QC flag: low value|Image File: YorkFactory_USSS-412_M1958_1874-12-01_OBS-R.jpg
1874	12	03	21	00	0	2.34	|	orig=0.069 inHg|Local time: 2100|QC flag: low value|Image File: YorkFactory_USSS-412_M1958_1874-12-01_OBS-R.jpg
1874	12	04	07	00	0	3.18	|	orig=0.094 inHg|Local time: 0700|QC flag: low value|Image File: YorkFactory_USSS-412_M1958_1874-12-01_OBS-R.jpg
1874	12	04	14	00	0	3.18	|	orig=0.094 inHg|Local time: 1400|QC flag: low value|Image File: YorkFactory_USSS-412_M1958_1874-12-01_OBS-R.jpg
1874	12	04	21	00	0	3.56	|	orig=0.105 inHg|Local time: 2100|QC flag: low value|Image File: YorkFactory_USSS-412_M1958_1874-12-01_OBS-R.jpg
1874	12	05	07	00	0	2.00	|	orig=0.059 inHg|Local time: 0700|QC flag: low value|Image File: YorkFactory_USSS-412_M1958_1874-12-01_OBS-R.jpg
1874	12	05	14	00	0	1.93	|	orig=0.057 inHg|Local time: 1400|QC flag: low value|Image File: YorkFactory_USSS-412_M1958_1874-12-01_OBS-R.jpg
1874	12	05	21	00	0	1.56	|	orig=0.046 inHg|Local time: 2100|QC flag: low value|Image File: YorkFactory_USSS-412_M1958_1874-12-01_OBS-R.jpg
1874	12	06	07	00	0	1.12	|	orig=0.033 inHg|Local time: 0700|QC flag: low value|Image File: YorkFactory_USSS-412_M1958_1874-12-01_OBS-R.jpg
1874	12	06	14	00	0	1.29	|	orig=0.038 inHg|Local time: 1400|QC flag: low value|Image File: YorkFactory_USSS-412_M1958_1874-12-01_OBS-R.jpg
1874	12	06	21	00	0	1.52	|	orig=0.045 inHg|Local time: 2100|QC flag: low value|Image File: YorkFactory_USSS-412_M1958_1874-12-01_OBS-R.jpg
1874	12	07	07	00	0	1.12	|	orig=0.033 inHg|Local time: 0700|QC flag: low value|Image File: YorkFactory_USSS-412_M1958_1874-12-01_OBS-R.jpg
1874	12	07	14	00	0	1.56	|	orig=0.046 inHg|Local time: 1400|QC flag: low value|Image File: YorkFactory_USSS-412_M1958_1874-12-01_OBS-R.jpg
1874	12	07	21	00	0	2.20	|	orig=0.065 inHg|Local time: 2100|QC flag: low value|Image File: YorkFactory_USSS-412_M1958_1874-12-01_OBS-R.jpg
1874	12	08	07	00	0	2.64	|	orig=0.078 inHg|Local time: 0700|QC flag: low value|Image File: YorkFactory_USSS-412_M1958_1874-12-01_OBS-R.jpg
1874	12	08	14	00	0	0.91	|	orig=0.027 inHg|Local time: 1400|QC flag: low value|Image File: YorkFactory_USSS-412_M1958_1874-12-01_OBS-R.jpg
1874	12	08	21	00	0	1.69	|	orig=0.05 inHg|Local time: 2100|QC flag: low value|Image File: YorkFactory_USSS-412_M1958_1874-12-01_OBS-R.jpg
1874	12	09	07	00	0	0.47	|	orig=0.014 inHg|Local time: 0700|QC flag: low value|Image File: YorkFactory_USSS-412_M1958_1874-12-01_OBS-R.jpg
1874	12	09	14	00	0	0.75	|	orig=0.022 inHg|Local time: 1400|QC flag: low value|Image File: YorkFactory_USSS-412_M1958_1874-12-01_OBS-R.jpg
1874	12	09	21	00	0	0.85	|	orig=0.025 inHg|Local time: 2100|QC flag: low value|Image File: YorkFactory_USSS-412_M1958_1874-12-01_OBS-R.jpg
1874	12	10	07	00	0	0.37	|	orig=0.011 inHg|Local time: 0700|QC flag: low value|Image File: YorkFactory_USSS-412_M1958_1874-12-01_OBS-R.jpg
1874	12	10	14	00	0	0.41	|	orig=0.012 inHg|Local time: 1400|QC flag: low value|Image File: YorkFactory_USSS-412_M1958_1874-12-01_OBS-R.jpg
1874	12	10	21	00	0	0.64	|	orig=0.019 inHg|Local time: 2100|QC flag: low value|Image File: YorkFactory_USSS-412_M1958_1874-12-01_OBS-R.jpg
1874	12	11	07	00	0	0.51	|	orig=0.015 inHg|Local time: 0700|QC flag: low value|Image File: YorkFactory_USSS-412_M1958_1874-12-01_OBS-R.jpg
1874	12	11	14	00	0	0.51	|	orig=0.015 inHg|Local time: 1400|QC flag: low value|Image File: YorkFactory_USSS-412_M1958_1874-12-01_OBS-R.jpg
1874	12	11	21	00	0	0.44	|	orig=0.013 inHg|Local time: 2100|QC flag: low value|Image File: YorkFactory_USSS-412_M1958_1874-12-01_OBS-R.jpg
1874	12	12	07	00	0	0.34	|	orig=0.01 inHg|Local time: 0700|QC flag: low value|Image File: YorkFactory_USSS-412_M1958_1874-12-01_OBS-R.jpg
1874	12	12	14	00	0	0.51	|	orig=0.015 inHg|Local time: 1400|QC flag: low value|Image File: YorkFactory_USSS-412_M1958_1874-12-01_OBS-R.jpg
1874	12	12	21	00	0	0.51	|	orig=0.015 inHg|Local time: 2100|QC flag: low value|Image File: YorkFactory_USSS-412_M1958_1874-12-01_OBS-R.jpg
1874	12	13	07	00	0	0.51	|	orig=0.015 inHg|Local time: 0700|QC flag: low value|Image File: YorkFactory_USSS-412_M1958_1874-12-01_OBS-R.jpg
1874	12	13	14	00	0	0.41	|	orig=0.012 inHg|Local time: 1400|QC flag: low value|Image File: YorkFactory_USSS-412_M1958_1874-12-01_OBS-R.jpg
1874	12	13	21	00	0	0.58	|	orig=0.017 inHg|Local time: 2100|QC flag: low value|Image File: YorkFactory_USSS-412_M1958_1874-12-01_OBS-R.jpg
1874	12	14	07	00	0	0.47	|	orig=0.014 inHg|Local time: 0700|QC flag: low value|Image File: YorkFactory_USSS-412_M1958_1874-12-01_OBS-R.jpg
1874	12	14	14	00	0	1.19	|	orig=0.035 inHg|Local time: 1400|QC flag: low value|Image File: YorkFactory_USSS-412_M1958_1874-12-01_OBS-R.jpg
1874	12	14	21	00	0	1.42	|	orig=0.042 inHg|Local time: 2100|QC flag: low value|Image File: YorkFactory_USSS-412_M1958_1874-12-01_OBS-R.jpg
1874	12	15	07	00	0	1.93	|	orig=0.057 inHg|Local time: 0700|QC flag: low value|Image File: YorkFactory_USSS-412_M1958_1874-12-01_OBS-R.jpg
1874	12	15	14	00	0	2.91	|	orig=0.086 inHg|Local time: 1400|QC flag: low value|Image File: YorkFactory_USSS-412_M1958_1874-12-01_OBS-R.jpg
1874	12	15	21	00	0	1.35	|	orig=0.04 inHg|Local time: 2100|QC flag: low value|Image File: YorkFactory_USSS-412_M1958_1874-12-01_OBS-R.jpg
1874	12	16	07	00	0	1.05	|	orig=0.031 inHg|Local time: 0700|QC flag: low value|Image File: YorkFactory_USSS-412_M1958_1874-12-01_OBS-R.jpg
1874	12	16	14	00	0	0.58	|	orig=0.017 inHg|Local time: 1400|QC flag: low value|Image File: YorkFactory_USSS-412_M1958_1874-12-01_OBS-R.jpg
1874	12	16	21	00	0	0.78	|	orig=0.023 inHg|Local time: 2100|QC flag: low value|Image File: YorkFactory_USSS-412_M1958_1874-12-01_OBS-R.jpg
1874	12	17	07	00	0	0.51	|	orig=0.015 inHg|Local time: 0700|QC flag: low value|Image File: YorkFactory_USSS-412_M1958_1874-12-01_OBS-R.jpg
1874	12	17	14	00	0	0.91	|	orig=0.027 inHg|Local time: 1400|QC flag: low value|Image File: YorkFactory_USSS-412_M1958_1874-12-01_OBS-R.jpg
1874	12	17	21	00	0	0.78	|	orig=0.023 inHg|Local time: 2100|QC flag: low value|Image File: YorkFactory_USSS-412_M1958_1874-12-01_OBS-R.jpg
1874	12	18	07	00	0	0.98	|	orig=0.029 inHg|Local time: 0700|QC flag: low value|Image File: YorkFactory_USSS-412_M1958_1874-12-01_OBS-R.jpg
1874	12	18	14	00	0	1.12	|	orig=0.033 inHg|Local time: 1400|QC flag: low value|Image File: YorkFactory_USSS-412_M1958_1874-12-01_OBS-R.jpg
1874	12	18	21	00	0	1.12	|	orig=0.033 inHg|Local time: 2100|QC flag: low value|Image File: YorkFactory_USSS-412_M1958_1874-12-01_OBS-R.jpg
1874	12	19	07	00	0	0.27	|	orig=0.008 inHg|Local time: 0700|QC flag: low value|Image File: YorkFactory_USSS-412_M1958_1874-12-01_OBS-R.jpg
1874	12	19	14	00	0	0.34	|	orig=0.01 inHg|Local time: 1400|QC flag: low value|Image File: YorkFactory_USSS-412_M1958_1874-12-01_OBS-R.jpg
1874	12	19	21	00	0	0.30	|	orig=0.009 inHg|Local time: 2100|QC flag: low value|Image File: YorkFactory_USSS-412_M1958_1874-12-01_OBS-R.jpg
1874	12	20	07	00	0	0.27	|	orig=0.008 inHg|Local time: 0700|QC flag: low value|Image File: YorkFactory_USSS-412_M1958_1874-12-01_OBS-R.jpg
1874	12	20	14	00	0	0.75	|	orig=0.022 inHg|Local time: 1400|QC flag: low value|Image File: YorkFactory_USSS-412_M1958_1874-12-01_OBS-R.jpg
1874	12	20	21	00	0	0.78	|	orig=0.023 inHg|Local time: 2100|QC flag: low value|Image File: YorkFactory_USSS-412_M1958_1874-12-01_OBS-R.jpg
1874	12	21	07	00	0	0.41	|	orig=0.012 inHg|Local time: 0700|QC flag: low value|Image File: YorkFactory_USSS-412_M1958_1874-12-01_OBS-R.jpg
1874	12	21	14	00	0	0.34	|	orig=0.01 inHg|Local time: 1400|QC flag: low value|Image File: YorkFactory_USSS-412_M1958_1874-12-01_OBS-R.jpg
1874	12	21	21	00	0	0.34	|	orig=0.01 inHg|Local time: 2100|QC flag: low value|Image File: YorkFactory_USSS-412_M1958_1874-12-01_OBS-R.jpg
1874	12	22	07	00	0	0.95	|	orig=0.028 inHg|Local time: 0700|QC flag: low value|Image File: YorkFactory_USSS-412_M1958_1874-12-01_OBS-R.jpg
1874	12	22	14	00	0	0.98	|	orig=0.029 inHg|Local time: 1400|QC flag: low value|Image File: YorkFactory_USSS-412_M1958_1874-12-01_OBS-R.jpg
1874	12	22	21	00	0	1.22	|	orig=0.036 inHg|Local time: 2100|QC flag: low value|Image File: YorkFactory_USSS-412_M1958_1874-12-01_OBS-R.jpg
1874	12	23	07	00	0	0.61	|	orig=0.018 inHg|Local time: 0700|QC flag: low value|Image File: YorkFactory_USSS-412_M1958_1874-12-01_OBS-R.jpg
1874	12	23	14	00	0	0.47	|	orig=0.014 inHg|Local time: 1400|QC flag: low value|Image File: YorkFactory_USSS-412_M1958_1874-12-01_OBS-R.jpg
1874	12	23	21	00	0	0.24	|	orig=0.007 inHg|Local time: 2100|QC flag: low value|Image File: YorkFactory_USSS-412_M1958_1874-12-01_OBS-R.jpg
1874	12	24	07	00	0	0.51	|	orig=0.015 inHg|Local time: 0700|QC flag: low value|Image File: YorkFactory_USSS-412_M1958_1874-12-01_OBS-R.jpg
1874	12	24	14	00	0	0.85	|	orig=0.025 inHg|Local time: 1400|QC flag: low value|Image File: YorkFactory_USSS-412_M1958_1874-12-01_OBS-R.jpg
1874	12	24	21	00	0	0.54	|	orig=0.016 inHg|Local time: 2100|QC flag: low value|Image File: YorkFactory_USSS-412_M1958_1874-12-01_OBS-R.jpg
1874	12	25	07	00	0	0.37	|	orig=0.011 inHg|Local time: 0700|QC flag: low value|Image File: YorkFactory_USSS-412_M1958_1874-12-01_OBS-R.jpg
1874	12	25	14	00	0	0.71	|	orig=0.021 inHg|Local time: 1400|QC flag: low value|Image File: YorkFactory_USSS-412_M1958_1874-12-01_OBS-R.jpg
1874	12	25	21	00	0	1.15	|	orig=0.034 inHg|Local time: 2100|QC flag: low value|Image File: YorkFactory_USSS-412_M1958_1874-12-01_OBS-R.jpg
1874	12	26	07	00	0	0.51	|	orig=0.015 inHg|Local time: 0700|QC flag: low value|Image File: YorkFactory_USSS-412_M1958_1874-12-01_OBS-R.jpg
1874	12	26	14	00	0	0.51	|	orig=0.015 inHg|Local time: 1400|QC flag: low value|Image File: YorkFactory_USSS-412_M1958_1874-12-01_OBS-R.jpg
1874	12	26	21	00	0	1.02	|	orig=0.03 inHg|Local time: 2100|QC flag: low value|Image File: YorkFactory_USSS-412_M1958_1874-12-01_OBS-R.jpg
1874	12	27	07	00	0	0.17	|	orig=0.005 inHg|Local time: 0700|QC flag: low value|Image File: YorkFactory_USSS-412_M1958_1874-12-01_OBS-R.jpg
1874	12	27	14	00	0	0.27	|	orig=0.008 inHg|Local time: 1400|QC flag: low value|Image File: YorkFactory_USSS-412_M1958_1874-12-01_OBS-R.jpg
1874	12	27	21	00	0	0.14	|	orig=0.004 inHg|Local time: 2100|QC flag: low value|Image File: YorkFactory_USSS-412_M1958_1874-12-01_OBS-R.jpg
1874	12	28	07	00	0	0.10	|	orig=0.003 inHg|Local time: 0700|QC flag: low value|Image File: YorkFactory_USSS-412_M1958_1874-12-01_OBS-R.jpg
1874	12	28	14	00	0	0.27	|	orig=0.008 inHg|Local time: 1400|QC flag: low value|Image File: YorkFactory_USSS-412_M1958_1874-12-01_OBS-R.jpg
1874	12	28	21	00	0	0.34	|	orig=0.01 inHg|Local time: 2100|QC flag: low value|Image File: YorkFactory_USSS-412_M1958_1874-12-01_OBS-R.jpg
1874	12	29	07	00	0	0.58	|	orig=0.017 inHg|Local time: 0700|QC flag: low value|Image File: YorkFactory_USSS-412_M1958_1874-12-01_OBS-R.jpg
1874	12	29	14	00	0	0.68	|	orig=0.02 inHg|Local time: 1400|QC flag: low value|Image File: YorkFactory_USSS-412_M1958_1874-12-01_OBS-R.jpg
1874	12	29	21	00	0	0.75	|	orig=0.022 inHg|Local time: 2100|QC flag: low value|Image File: YorkFactory_USSS-412_M1958_1874-12-01_OBS-R.jpg
1874	12	30	07	00	0	0.75	|	orig=0.022 inHg|Local time: 0700|QC flag: low value|Image File: YorkFactory_USSS-412_M1958_1874-12-01_OBS-R.jpg
1874	12	30	14	00	0	0.51	|	orig=0.015 inHg|Local time: 1400|QC flag: low value|Image File: YorkFactory_USSS-412_M1958_1874-12-01_OBS-R.jpg
1874	12	30	21	00	0	0.37	|	orig=0.011 inHg|Local time: 2100|QC flag: low value|Image File: YorkFactory_USSS-412_M1958_1874-12-01_OBS-R.jpg
1874	12	31	07	00	0	0.44	|	orig=0.013 inHg|Local time: 0700|QC flag: low value|Image File: YorkFactory_USSS-412_M1958_1874-12-01_OBS-R.jpg
1874	12	31	14	00	0	0.75	|	orig=0.022 inHg|Local time: 1400|QC flag: low value|Image File: YorkFactory_USSS-412_M1958_1874-12-01_OBS-R.jpg
1874	12	31	21	00	0	0.95	|	orig=0.028 inHg|Local time: 2100|QC flag: low value|Image File: YorkFactory_USSS-412_M1958_1874-12-01_OBS-R.jpg
1875	01	01	07	00	0	1.22	|	orig=36 inHg|Local time: 0700|QC flag: low value|Image File: YorkFactory_USSS-412_M1958_1875-01-01_OBS-R.jpg
1875	01	01	14	00	0	0.81	|	orig=24 inHg|Local time: 1400|QC flag: low value|Image File: YorkFactory_USSS-412_M1958_1875-01-01_OBS-R.jpg
1875	01	01	21	00	0	0.88	|	orig=26 inHg|Local time: 2100|QC flag: low value|Image File: YorkFactory_USSS-412_M1958_1875-01-01_OBS-R.jpg
1875	01	02	07	00	0	0.71	|	orig=21 inHg|Local time: 0700|QC flag: low value|Image File: YorkFactory_USSS-412_M1958_1875-01-01_OBS-R.jpg
1875	01	02	14	00	0	0.51	|	orig=15 inHg|Local time: 1400|QC flag: low value|Image File: YorkFactory_USSS-412_M1958_1875-01-01_OBS-R.jpg
1875	01	02	21	00	0	0.68	|	orig=20 inHg|Local time: 2100|QC flag: low value|Image File: YorkFactory_USSS-412_M1958_1875-01-01_OBS-R.jpg
1875	01	03	07	00	0	0.58	|	orig=17 inHg|Local time: 0700|QC flag: low value|Image File: YorkFactory_USSS-412_M1958_1875-01-01_OBS-R.jpg
1875	01	03	14	00	0	0.51	|	orig=15 inHg|Local time: 1400|QC flag: low value|Image File: YorkFactory_USSS-412_M1958_1875-01-01_OBS-R.jpg
1875	01	03	21	00	0	0.61	|	orig=18 inHg|Local time: 2100|QC flag: low value|Image File: YorkFactory_USSS-412_M1958_1875-01-01_OBS-R.jpg
1875	01	04	07	00	0	0.85	|	orig=25 inHg|Local time: 0700|QC flag: low value|Image File: YorkFactory_USSS-412_M1958_1875-01-01_OBS-R.jpg
1875	01	04	14	00	0	0.47	|	orig=14 inHg|Local time: 1400|QC flag: low value|Image File: YorkFactory_USSS-412_M1958_1875-01-01_OBS-R.jpg
1875	01	04	21	00	0	0.51	|	orig=15 inHg|Local time: 2100|QC flag: low value|Image File: YorkFactory_USSS-412_M1958_1875-01-01_OBS-R.jpg
1875	01	05	07	00	0	0.47	|	orig=14 inHg|Local time: 0700|QC flag: low value|Image File: YorkFactory_USSS-412_M1958_1875-01-01_OBS-R.jpg
1875	01	05	14	00	0	0.41	|	orig=12 inHg|Local time: 1400|QC flag: low value|Image File: YorkFactory_USSS-412_M1958_1875-01-01_OBS-R.jpg
1875	01	05	21	00	0	0.41	|	orig=12 inHg|Local time: 2100|QC flag: low value|Image File: YorkFactory_USSS-412_M1958_1875-01-01_OBS-R.jpg
1875	01	06	07	00	0	0.27	|	orig=8 inHg|Local time: 0700|QC flag: low value|Image File: YorkFactory_USSS-412_M1958_1875-01-01_OBS-R.jpg
1875	01	06	14	00	0	0.34	|	orig=10 inHg|Local time: 1400|QC flag: low value|Image File: YorkFactory_USSS-412_M1958_1875-01-01_OBS-R.jpg
1875	01	06	21	00	0	0.17	|	orig=5 inHg|Local time: 2100|QC flag: low value|Image File: YorkFactory_USSS-412_M1958_1875-01-01_OBS-R.jpg
1875	01	07	07	00	0	0.17	|	orig=5 inHg|Local time: 0700|QC flag: low value|Image File: YorkFactory_USSS-412_M1958_1875-01-01_OBS-R.jpg
1875	01	07	14	00	0	0.41	|	orig=12 inHg|Local time: 1400|QC flag: low value|Image File: YorkFactory_USSS-412_M1958_1875-01-01_OBS-R.jpg
1875	01	07	21	00	0	0.41	|	orig=12 inHg|Local time: 2100|QC flag: low value|Image File: YorkFactory_USSS-412_M1958_1875-01-01_OBS-R.jpg
1875	01	08	07	00	0	0.30	|	orig=9 inHg|Local time: 0700|QC flag: low value|Image File: YorkFactory_USSS-412_M1958_1875-01-01_OBS-R.jpg
1875	01	08	14	00	0	0.34	|	orig=10 inHg|Local time: 1400|QC flag: low value|Image File: YorkFactory_USSS-412_M1958_1875-01-01_OBS-R.jpg
1875	01	08	21	00	0	0.20	|	orig=6 inHg|Local time: 2100|QC flag: low value|Image File: YorkFactory_USSS-412_M1958_1875-01-01_OBS-R.jpg
1875	01	09	07	00	0	0.17	|	orig=5 inHg|Local time: 0700|QC flag: low value|Image File: YorkFactory_USSS-412_M1958_1875-01-01_OBS-R.jpg
1875	01	09	14	00	0	0.24	|	orig=7 inHg|Local time: 1400|QC flag: low value|Image File: YorkFactory_USSS-412_M1958_1875-01-01_OBS-R.jpg
1875	01	09	21	00	0	0.17	|	orig=5 inHg|Local time: 2100|QC flag: low value|Image File: YorkFactory_USSS-412_M1958_1875-01-01_OBS-R.jpg
1875	01	10	07	00	0	0.51	|	orig=15 inHg|Local time: 0700|QC flag: low value|Image File: YorkFactory_USSS-412_M1958_1875-01-01_OBS-R.jpg
1875	01	10	14	00	0	0.71	|	orig=21 inHg|Local time: 1400|QC flag: low value|Image File: YorkFactory_USSS-412_M1958_1875-01-01_OBS-R.jpg
1875	01	10	21	00	0	0.85	|	orig=25 inHg|Local time: 2100|QC flag: low value|Image File: YorkFactory_USSS-412_M1958_1875-01-01_OBS-R.jpg
1875	01	11	07	00	0	0.68	|	orig=20 inHg|Local time: 0700|QC flag: low value|Image File: YorkFactory_USSS-412_M1958_1875-01-01_OBS-R.jpg
1875	01	11	14	00	0	0.51	|	orig=15 inHg|Local time: 1400|QC flag: low value|Image File: YorkFactory_USSS-412_M1958_1875-01-01_OBS-R.jpg
1875	01	11	21	00	0	0.51	|	orig=15 inHg|Local time: 2100|QC flag: low value|Image File: YorkFactory_USSS-412_M1958_1875-01-01_OBS-R.jpg
1875	01	12	07	00	0	0.51	|	orig=15 inHg|Local time: 0700|QC flag: low value|Image File: YorkFactory_USSS-412_M1958_1875-01-01_OBS-R.jpg
1875	01	12	14	00	0	0.54	|	orig=16 inHg|Local time: 1400|QC flag: low value|Image File: YorkFactory_USSS-412_M1958_1875-01-01_OBS-R.jpg
1875	01	12	21	00	0	0.34	|	orig=10 inHg|Local time: 2100|QC flag: low value|Image File: YorkFactory_USSS-412_M1958_1875-01-01_OBS-R.jpg
1875	01	13	07	00	0	0.17	|	orig=5 inHg|Local time: 0700|QC flag: low value|Image File: YorkFactory_USSS-412_M1958_1875-01-01_OBS-R.jpg
1875	01	13	14	00	0	0.41	|	orig=12 inHg|Local time: 1400|QC flag: low value|Image File: YorkFactory_USSS-412_M1958_1875-01-01_OBS-R.jpg
1875	01	13	21	00	0	0.24	|	orig=7 inHg|Local time: 2100|QC flag: low value|Image File: YorkFactory_USSS-412_M1958_1875-01-01_OBS-R.jpg
1875	01	14	07	00	0	0.27	|	orig=8 inHg|Local time: 0700|QC flag: low value|Image File: YorkFactory_USSS-412_M1958_1875-01-01_OBS-R.jpg
1875	01	14	14	00	0	0.34	|	orig=10 inHg|Local time: 1400|QC flag: low value|Image File: YorkFactory_USSS-412_M1958_1875-01-01_OBS-R.jpg
1875	01	14	21	00	0	0.24	|	orig=7 inHg|Local time: 2100|QC flag: low value|Image File: YorkFactory_USSS-412_M1958_1875-01-01_OBS-R.jpg
1875	01	15	07	00	0	0.14	|	orig=4 inHg|Local time: 0700|QC flag: low value|Image File: YorkFactory_USSS-412_M1958_1875-01-01_OBS-R.jpg
1875	01	15	14	00	0	0.24	|	orig=7 inHg|Local time: 1400|QC flag: low value|Image File: YorkFactory_USSS-412_M1958_1875-01-01_OBS-R.jpg
1875	01	15	21	00	0	0.17	|	orig=5 inHg|Local time: 2100|QC flag: low value|Image File: YorkFactory_USSS-412_M1958_1875-01-01_OBS-R.jpg
1875	01	16	07	00	0	0.14	|	orig=4 inHg|Local time: 0700|QC flag: low value|Image File: YorkFactory_USSS-412_M1958_1875-01-01_OBS-R.jpg
1875	01	16	14	00	0	0.27	|	orig=8 inHg|Local time: 1400|QC flag: low value|Image File: YorkFactory_USSS-412_M1958_1875-01-01_OBS-R.jpg
1875	01	16	21	00	0	0.14	|	orig=4 inHg|Local time: 2100|QC flag: low value|Image File: YorkFactory_USSS-412_M1958_1875-01-01_OBS-R.jpg
1875	01	17	07	00	0	0.14	|	orig=4 inHg|Local time: 0700|QC flag: low value|Image File: YorkFactory_USSS-412_M1958_1875-01-01_OBS-R.jpg
1875	01	17	14	00	0	0.27	|	orig=8 inHg|Local time: 1400|QC flag: low value|Image File: YorkFactory_USSS-412_M1958_1875-01-01_OBS-R.jpg
1875	01	17	21	00	0	0.14	|	orig=4 inHg|Local time: 2100|QC flag: low value|Image File: YorkFactory_USSS-412_M1958_1875-01-01_OBS-R.jpg
1875	01	18	07	00	0	0.14	|	orig=4 inHg|Local time: 0700|QC flag: low value|Image File: YorkFactory_USSS-412_M1958_1875-01-01_OBS-R.jpg
1875	01	18	14	00	0	0.27	|	orig=8 inHg|Local time: 1400|QC flag: low value|Image File: YorkFactory_USSS-412_M1958_1875-01-01_OBS-R.jpg
1875	01	18	21	00	0	0.14	|	orig=4 inHg|Local time: 2100|QC flag: low value|Image File: YorkFactory_USSS-412_M1958_1875-01-01_OBS-R.jpg
1875	01	19	07	00	0	0.14	|	orig=4 inHg|Local time: 0700|QC flag: low value|Image File: YorkFactory_USSS-412_M1958_1875-01-01_OBS-R.jpg
1875	01	19	14	00	0	0.30	|	orig=9 inHg|Local time: 1400|QC flag: low value|Image File: YorkFactory_USSS-412_M1958_1875-01-01_OBS-R.jpg
1875	01	19	21	00	0	0.24	|	orig=7 inHg|Local time: 2100|QC flag: low value|Image File: YorkFactory_USSS-412_M1958_1875-01-01_OBS-R.jpg
1875	01	20	07	00	0	0.27	|	orig=8 inHg|Local time: 0700|QC flag: low value|Image File: YorkFactory_USSS-412_M1958_1875-01-01_OBS-R.jpg
1875	01	20	14	00	0	0.41	|	orig=12 inHg|Local time: 1400|QC flag: low value|Image File: YorkFactory_USSS-412_M1958_1875-01-01_OBS-R.jpg
1875	01	20	21	00	0	0.30	|	orig=9 inHg|Local time: 2100|QC flag: low value|Image File: YorkFactory_USSS-412_M1958_1875-01-01_OBS-R.jpg
1875	01	21	07	00	0	0.24	|	orig=7 inHg|Local time: 0700|QC flag: low value|Image File: YorkFactory_USSS-412_M1958_1875-01-01_OBS-R.jpg
1875	01	21	14	00	0	0.41	|	orig=12 inHg|Local time: 1400|QC flag: low value|Image File: YorkFactory_USSS-412_M1958_1875-01-01_OBS-R.jpg
1875	01	21	21	00	0	0.27	|	orig=8 inHg|Local time: 2100|QC flag: low value|Image File: YorkFactory_USSS-412_M1958_1875-01-01_OBS-R.jpg
1875	01	22	07	00	0	0.24	|	orig=7 inHg|Local time: 0700|QC flag: low value|Image File: YorkFactory_USSS-412_M1958_1875-01-01_OBS-R.jpg
1875	01	22	14	00	0	0.41	|	orig=12 inHg|Local time: 1400|QC flag: low value|Image File: YorkFactory_USSS-412_M1958_1875-01-01_OBS-R.jpg
1875	01	22	21	00	0	0.30	|	orig=9 inHg|Local time: 2100|QC flag: low value|Image File: YorkFactory_USSS-412_M1958_1875-01-01_OBS-R.jpg
1875	01	23	07	00	0	0.17	|	orig=5 inHg|Local time: 0700|QC flag: low value|Image File: YorkFactory_USSS-412_M1958_1875-01-01_OBS-R.jpg
1875	01	23	14	00	0	0.24	|	orig=7 inHg|Local time: 1400|QC flag: low value|Image File: YorkFactory_USSS-412_M1958_1875-01-01_OBS-R.jpg
1875	01	23	21	00	0	0.41	|	orig=12 inHg|Local time: 2100|QC flag: low value|Image File: YorkFactory_USSS-412_M1958_1875-01-01_OBS-R.jpg
1875	01	24	07	00	0	0.41	|	orig=12 inHg|Local time: 0700|QC flag: low value|Image File: YorkFactory_USSS-412_M1958_1875-01-01_OBS-R.jpg
1875	01	24	14	00	0	0.51	|	orig=15 inHg|Local time: 1400|QC flag: low value|Image File: YorkFactory_USSS-412_M1958_1875-01-01_OBS-R.jpg
1875	01	24	21	00	0	0.34	|	orig=10 inHg|Local time: 2100|QC flag: low value|Image File: YorkFactory_USSS-412_M1958_1875-01-01_OBS-R.jpg
1875	01	25	07	00	0	0.34	|	orig=10 inHg|Local time: 0700|QC flag: low value|Image File: YorkFactory_USSS-412_M1958_1875-01-01_OBS-R.jpg
1875	01	25	14	00	0	0.58	|	orig=17 inHg|Local time: 1400|QC flag: low value|Image File: YorkFactory_USSS-412_M1958_1875-01-01_OBS-R.jpg
1875	01	25	21	00	0	0.44	|	orig=13 inHg|Local time: 2100|QC flag: low value|Image File: YorkFactory_USSS-412_M1958_1875-01-01_OBS-R.jpg
1875	01	26	07	00	0	0.51	|	orig=15 inHg|Local time: 0700|QC flag: low value|Image File: YorkFactory_USSS-412_M1958_1875-01-01_OBS-R.jpg
1875	01	26	14	00	0	0.91	|	orig=27 inHg|Local time: 1400|QC flag: low value|Image File: YorkFactory_USSS-412_M1958_1875-01-01_OBS-R.jpg
1875	01	26	21	00	0	0.78	|	orig=23 inHg|Local time: 2100|QC flag: low value|Image File: YorkFactory_USSS-412_M1958_1875-01-01_OBS-R.jpg
1875	01	27	07	00	0	0.75	|	orig=22 inHg|Local time: 0700|QC flag: low value|Image File: YorkFactory_USSS-412_M1958_1875-01-01_OBS-R.jpg
1875	01	27	14	00	0	0.71	|	orig=21 inHg|Local time: 1400|QC flag: low value|Image File: YorkFactory_USSS-412_M1958_1875-01-01_OBS-R.jpg
1875	01	27	21	00	0	0.78	|	orig=23 inHg|Local time: 2100|QC flag: low value|Image File: YorkFactory_USSS-412_M1958_1875-01-01_OBS-R.jpg
1875	01	28	07	00	0	0.68	|	orig=20 inHg|Local time: 0700|QC flag: low value|Image File: YorkFactory_USSS-412_M1958_1875-01-01_OBS-R.jpg
1875	01	28	14	00	0	0.75	|	orig=22 inHg|Local time: 1400|QC flag: low value|Image File: YorkFactory_USSS-412_M1958_1875-01-01_OBS-R.jpg
1875	01	28	21	00	0	0.61	|	orig=18 inHg|Local time: 2100|QC flag: low value|Image File: YorkFactory_USSS-412_M1958_1875-01-01_OBS-R.jpg
1875	01	29	07	00	0	0.51	|	orig=15 inHg|Local time: 0700|QC flag: low value|Image File: YorkFactory_USSS-412_M1958_1875-01-01_OBS-R.jpg
1875	01	29	14	00	0	0.98	|	orig=29 inHg|Local time: 1400|QC flag: low value|Image File: YorkFactory_USSS-412_M1958_1875-01-01_OBS-R.jpg
1875	01	29	21	00	0	0.78	|	orig=23 inHg|Local time: 2100|QC flag: low value|Image File: YorkFactory_USSS-412_M1958_1875-01-01_OBS-R.jpg
1875	01	30	07	00	0	0.41	|	orig=12 inHg|Local time: 0700|QC flag: low value|Image File: YorkFactory_USSS-412_M1958_1875-01-01_OBS-R.jpg
1875	01	30	14	00	0	0.51	|	orig=15 inHg|Local time: 1400|QC flag: low value|Image File: YorkFactory_USSS-412_M1958_1875-01-01_OBS-R.jpg
1875	01	30	21	00	0	0.37	|	orig=11 inHg|Local time: 2100|QC flag: low value|Image File: YorkFactory_USSS-412_M1958_1875-01-01_OBS-R.jpg
1875	01	31	07	00	0	0.44	|	orig=13 inHg|Local time: 0700|QC flag: low value|Image File: YorkFactory_USSS-412_M1958_1875-01-01_OBS-R.jpg
1875	01	31	14	00	0	0.91	|	orig=27 inHg|Local time: 1400|QC flag: low value|Image File: YorkFactory_USSS-412_M1958_1875-01-01_OBS-R.jpg
1875	01	31	21	00	0	0.75	|	orig=22 inHg|Local time: 2100|QC flag: low value|Image File: YorkFactory_USSS-412_M1958_1875-01-01_OBS-R.jpg
1875	02	01	07	00	0	0.81	|	orig=.024 inHg|Local time: 0700|QC flag: low value|Image File: YorkFactory_USSS-412_M1958_1875-02-01_OBS-R.jpg
1875	02	01	14	00	0	0.51	|	orig=.015 inHg|Local time: 1400|QC flag: low value|Image File: YorkFactory_USSS-412_M1958_1875-02-01_OBS-R.jpg
1875	02	01	21	00	0	0.51	|	orig=.015 inHg|Local time: 2100|QC flag: low value|Image File: YorkFactory_USSS-412_M1958_1875-02-01_OBS-R.jpg
1875	02	02	07	00	0	0.41	|	orig=.012 inHg|Local time: 0700|QC flag: low value|Image File: YorkFactory_USSS-412_M1958_1875-02-01_OBS-R.jpg
1875	02	02	14	00	0	0.51	|	orig=.015 inHg|Local time: 1400|QC flag: low value|Image File: YorkFactory_USSS-412_M1958_1875-02-01_OBS-R.jpg
1875	02	02	21	00	0	0.37	|	orig=.011 inHg|Local time: 2100|QC flag: low value|Image File: YorkFactory_USSS-412_M1958_1875-02-01_OBS-R.jpg
1875	02	03	07	00	0	0.24	|	orig=.007 inHg|Local time: 0700|QC flag: low value|Image File: YorkFactory_USSS-412_M1958_1875-02-01_OBS-R.jpg
1875	02	03	14	00	0	0.34	|	orig=.010 inHg|Local time: 1400|QC flag: low value|Image File: YorkFactory_USSS-412_M1958_1875-02-01_OBS-R.jpg
1875	02	03	21	00	0	0.24	|	orig=.007 inHg|Local time: 2100|QC flag: low value|Image File: YorkFactory_USSS-412_M1958_1875-02-01_OBS-R.jpg
1875	02	04	07	00	0	0.14	|	orig=.004 inHg|Local time: 0700|QC flag: low value|Image File: YorkFactory_USSS-412_M1958_1875-02-01_OBS-R.jpg
1875	02	04	14	00	0	0.41	|	orig=.012 inHg|Local time: 1400|QC flag: low value|Image File: YorkFactory_USSS-412_M1958_1875-02-01_OBS-R.jpg
1875	02	04	21	00	0	0.37	|	orig=.011 inHg|Local time: 2100|QC flag: low value|Image File: YorkFactory_USSS-412_M1958_1875-02-01_OBS-R.jpg
1875	02	05	07	00	0	0.24	|	orig=.007 inHg|Local time: 0700|QC flag: low value|Image File: YorkFactory_USSS-412_M1958_1875-02-01_OBS-R.jpg
1875	02	05	14	00	0	0.30	|	orig=.009 inHg|Local time: 1400|QC flag: low value|Image File: YorkFactory_USSS-412_M1958_1875-02-01_OBS-R.jpg
1875	02	05	21	00	0	0.20	|	orig=.006 inHg|Local time: 2100|QC flag: low value|Image File: YorkFactory_USSS-412_M1958_1875-02-01_OBS-R.jpg
1875	02	06	07	00	0	0.20	|	orig=.006 inHg|Local time: 0700|QC flag: low value|Image File: YorkFactory_USSS-412_M1958_1875-02-01_OBS-R.jpg
1875	02	06	14	00	0	0.41	|	orig=.012 inHg|Local time: 1400|QC flag: low value|Image File: YorkFactory_USSS-412_M1958_1875-02-01_OBS-R.jpg
1875	02	06	21	00	0	0.37	|	orig=.011 inHg|Local time: 2100|QC flag: low value|Image File: YorkFactory_USSS-412_M1958_1875-02-01_OBS-R.jpg
1875	02	07	07	00	0	0.20	|	orig=.006 inHg|Local time: 0700|QC flag: low value|Image File: YorkFactory_USSS-412_M1958_1875-02-01_OBS-R.jpg
1875	02	07	14	00	0	0.30	|	orig=.009 inHg|Local time: 1400|QC flag: low value|Image File: YorkFactory_USSS-412_M1958_1875-02-01_OBS-R.jpg
1875	02	07	21	00	0	0.30	|	orig=.009 inHg|Local time: 2100|QC flag: low value|Image File: YorkFactory_USSS-412_M1958_1875-02-01_OBS-R.jpg
1875	02	08	07	00	0	0.17	|	orig=.005 inHg|Local time: 0700|QC flag: low value|Image File: YorkFactory_USSS-412_M1958_1875-02-01_OBS-R.jpg
1875	02	08	14	00	0	0.34	|	orig=.010 inHg|Local time: 1400|QC flag: low value|Image File: YorkFactory_USSS-412_M1958_1875-02-01_OBS-R.jpg
1875	02	08	21	00	0	0.30	|	orig=.009 inHg|Local time: 2100|QC flag: low value|Image File: YorkFactory_USSS-412_M1958_1875-02-01_OBS-R.jpg
1875	02	09	07	00	0	0.47	|	orig=.014 inHg|Local time: 0700|QC flag: low value|Image File: YorkFactory_USSS-412_M1958_1875-02-01_OBS-R.jpg
1875	02	09	14	00	0	0.78	|	orig=.023 inHg|Local time: 1400|QC flag: low value|Image File: YorkFactory_USSS-412_M1958_1875-02-01_OBS-R.jpg
1875	02	09	21	00	0	0.61	|	orig=.018 inHg|Local time: 2100|QC flag: low value|Image File: YorkFactory_USSS-412_M1958_1875-02-01_OBS-R.jpg
1875	02	10	07	00	0	0.34	|	orig=.010 inHg|Local time: 0700|QC flag: low value|Image File: YorkFactory_USSS-412_M1958_1875-02-01_OBS-R.jpg
1875	02	10	14	00	0	0.30	|	orig=.009 inHg|Local time: 1400|QC flag: low value|Image File: YorkFactory_USSS-412_M1958_1875-02-01_OBS-R.jpg
1875	02	10	21	00	0	0.27	|	orig=.008 inHg|Local time: 2100|QC flag: low value|Image File: YorkFactory_USSS-412_M1958_1875-02-01_OBS-R.jpg
1875	02	11	07	00	0	0.17	|	orig=.005 inHg|Local time: 0700|QC flag: low value|Image File: YorkFactory_USSS-412_M1958_1875-02-01_OBS-R.jpg
1875	02	11	14	00	0	0.24	|	orig=.007 inHg|Local time: 1400|QC flag: low value|Image File: YorkFactory_USSS-412_M1958_1875-02-01_OBS-R.jpg
1875	02	11	21	00	0	0.27	|	orig=.008 inHg|Local time: 2100|QC flag: low value|Image File: YorkFactory_USSS-412_M1958_1875-02-01_OBS-R.jpg
1875	02	12	07	00	0	0.27	|	orig=.008 inHg|Local time: 0700|QC flag: low value|Image File: YorkFactory_USSS-412_M1958_1875-02-01_OBS-R.jpg
1875	02	12	14	00	0	0.41	|	orig=.012 inHg|Local time: 1400|QC flag: low value|Image File: YorkFactory_USSS-412_M1958_1875-02-01_OBS-R.jpg
1875	02	12	21	00	0	0.05	|	orig=.0014 inHg|Local time: 2100|QC flag: low value|Image File: YorkFactory_USSS-412_M1958_1875-02-01_OBS-R.jpg
1875	02	13	07	00	0	0.34	|	orig=.010 inHg|Local time: 0700|QC flag: low value|Image File: YorkFactory_USSS-412_M1958_1875-02-01_OBS-R.jpg
1875	02	13	14	00	0	0.58	|	orig=.017 inHg|Local time: 1400|QC flag: low value|Image File: YorkFactory_USSS-412_M1958_1875-02-01_OBS-R.jpg
1875	02	13	21	00	0	0.64	|	orig=.019 inHg|Local time: 2100|QC flag: low value|Image File: YorkFactory_USSS-412_M1958_1875-02-01_OBS-R.jpg
1875	02	14	07	00	0	0.78	|	orig=0.023 inHg|Local time: 0700|QC flag: low value|Image File: YorkFactory_USSS-412_M1958_1875-02-01_OBS-R.jpg
1875	02	14	14	00	0	0.68	|	orig=0.020 inHg|Local time: 1400|QC flag: low value|Image File: YorkFactory_USSS-412_M1958_1875-02-01_OBS-R.jpg
1875	02	14	21	00	0	0.75	|	orig=0.022 inHg|Local time: 2100|QC flag: low value|Image File: YorkFactory_USSS-412_M1958_1875-02-01_OBS-R.jpg
1875	02	15	07	00	0	0.54	|	orig=.016 inHg|Local time: 0700|QC flag: low value|Image File: YorkFactory_USSS-412_M1958_1875-02-01_OBS-R.jpg
1875	02	15	14	00	0	0.51	|	orig=.015 inHg|Local time: 1400|QC flag: low value|Image File: YorkFactory_USSS-412_M1958_1875-02-01_OBS-R.jpg
1875	02	15	21	00	0	0.44	|	orig=.013 inHg|Local time: 2100|QC flag: low value|Image File: YorkFactory_USSS-412_M1958_1875-02-01_OBS-R.jpg
1875	02	16	07	00	0	0.41	|	orig=.012 inHg|Local time: 0700|QC flag: low value|Image File: YorkFactory_USSS-412_M1958_1875-02-01_OBS-R.jpg
1875	02	16	14	00	0	0.64	|	orig=.019 inHg|Local time: 1400|QC flag: low value|Image File: YorkFactory_USSS-412_M1958_1875-02-01_OBS-R.jpg
1875	02	16	21	00	0	0.47	|	orig=.014 inHg|Local time: 2100|QC flag: low value|Image File: YorkFactory_USSS-412_M1958_1875-02-01_OBS-R.jpg
1875	02	17	07	00	0	0.75	|	orig=.022 inHg|Local time: 0700|QC flag: low value|Image File: YorkFactory_USSS-412_M1958_1875-02-01_OBS-R.jpg
1875	02	17	14	00	0	1.19	|	orig=.035 inHg|Local time: 1400|QC flag: low value|Image File: YorkFactory_USSS-412_M1958_1875-02-01_OBS-R.jpg
1875	02	17	21	00	0	1.15	|	orig=.034 inHg|Local time: 2100|QC flag: low value|Image File: YorkFactory_USSS-412_M1958_1875-02-01_OBS-R.jpg
1875	02	18	07	00	0	0.51	|	orig=.015 inHg|Local time: 0700|QC flag: low value|Image File: YorkFactory_USSS-412_M1958_1875-02-01_OBS-R.jpg
1875	02	18	14	00	0	0.91	|	orig=.027 inHg|Local time: 1400|QC flag: low value|Image File: YorkFactory_USSS-412_M1958_1875-02-01_OBS-R.jpg
1875	02	18	21	00	0	0.58	|	orig=.017 inHg|Local time: 2100|QC flag: low value|Image File: YorkFactory_USSS-412_M1958_1875-02-01_OBS-R.jpg
1875	02	19	07	00	0	0.51	|	orig=.015 inHg|Local time: 0700|QC flag: low value|Image File: YorkFactory_USSS-412_M1958_1875-02-01_OBS-R.jpg
1875	02	19	14	00	0	0.58	|	orig=.017 inHg|Local time: 1400|QC flag: low value|Image File: YorkFactory_USSS-412_M1958_1875-02-01_OBS-R.jpg
1875	02	19	21	00	0	0.51	|	orig=.015 inHg|Local time: 2100|QC flag: low value|Image File: YorkFactory_USSS-412_M1958_1875-02-01_OBS-R.jpg
1875	02	20	07	00	0	0.47	|	orig=.014 inHg|Local time: 0700|QC flag: low value|Image File: YorkFactory_USSS-412_M1958_1875-02-01_OBS-R.jpg
1875	02	20	14	00	0	0.41	|	orig=.012 inHg|Local time: 1400|QC flag: low value|Image File: YorkFactory_USSS-412_M1958_1875-02-01_OBS-R.jpg
1875	02	20	21	00	0	0.41	|	orig=.012 inHg|Local time: 2100|QC flag: low value|Image File: YorkFactory_USSS-412_M1958_1875-02-01_OBS-R.jpg
1875	02	21	07	00	0	0.20	|	orig=.006 inHg|Local time: 0700|QC flag: low value|Image File: YorkFactory_USSS-412_M1958_1875-02-01_OBS-R.jpg
1875	02	21	14	00	0	0.37	|	orig=.011 inHg|Local time: 1400|QC flag: low value|Image File: YorkFactory_USSS-412_M1958_1875-02-01_OBS-R.jpg
1875	02	21	21	00	0	0.24	|	orig=.007 inHg|Local time: 2100|QC flag: low value|Image File: YorkFactory_USSS-412_M1958_1875-02-01_OBS-R.jpg
1875	02	22	07	00	0	0.14	|	orig=.004 inHg|Local time: 0700|QC flag: low value|Image File: YorkFactory_USSS-412_M1958_1875-02-01_OBS-R.jpg
1875	02	22	14	00	0	0.27	|	orig=.008 inHg|Local time: 1400|QC flag: low value|Image File: YorkFactory_USSS-412_M1958_1875-02-01_OBS-R.jpg
1875	02	22	21	00	0	0.20	|	orig=.006 inHg|Local time: 2100|QC flag: low value|Image File: YorkFactory_USSS-412_M1958_1875-02-01_OBS-R.jpg
1875	02	23	07	00	0	0.34	|	orig=.010 inHg|Local time: 0700|QC flag: low value|Image File: YorkFactory_USSS-412_M1958_1875-02-01_OBS-R.jpg
1875	02	23	14	00	0	0.68	|	orig=.020 inHg|Local time: 1400|QC flag: low value|Image File: YorkFactory_USSS-412_M1958_1875-02-01_OBS-R.jpg
1875	02	23	21	00	0	0.44	|	orig=.013 inHg|Local time: 2100|QC flag: low value|Image File: YorkFactory_USSS-412_M1958_1875-02-01_OBS-R.jpg
1875	02	24	07	00	0	0.54	|	orig=.016 inHg|Local time: 0700|QC flag: low value|Image File: YorkFactory_USSS-412_M1958_1875-02-01_OBS-R.jpg
1875	02	24	14	00	0	0.71	|	orig=.021 inHg|Local time: 1400|QC flag: low value|Image File: YorkFactory_USSS-412_M1958_1875-02-01_OBS-R.jpg
1875	02	24	21	00	0	0.41	|	orig=.012 inHg|Local time: 2100|QC flag: low value|Image File: YorkFactory_USSS-412_M1958_1875-02-01_OBS-R.jpg
1875	02	25	07	00	0	0.30	|	orig=.009 inHg|Local time: 0700|QC flag: low value|Image File: YorkFactory_USSS-412_M1958_1875-02-01_OBS-R.jpg
1875	02	25	14	00	0	0.54	|	orig=.016 inHg|Local time: 1400|QC flag: low value|Image File: YorkFactory_USSS-412_M1958_1875-02-01_OBS-R.jpg
1875	02	25	21	00	0	0.44	|	orig=.013 inHg|Local time: 2100|QC flag: low value|Image File: YorkFactory_USSS-412_M1958_1875-02-01_OBS-R.jpg
1875	02	26	07	00	0	0.27	|	orig=.008 inHg|Local time: 0700|QC flag: low value|Image File: YorkFactory_USSS-412_M1958_1875-02-01_OBS-R.jpg
1875	02	26	14	00	0	0.44	|	orig=.013 inHg|Local time: 1400|QC flag: low value|Image File: YorkFactory_USSS-412_M1958_1875-02-01_OBS-R.jpg
1875	02	26	21	00	0	0.44	|	orig=.013 inHg|Local time: 2100|QC flag: low value|Image File: YorkFactory_USSS-412_M1958_1875-02-01_OBS-R.jpg
1875	02	27	07	00	0	0.20	|	orig=.006 inHg|Local time: 0700|QC flag: low value|Image File: YorkFactory_USSS-412_M1958_1875-02-01_OBS-R.jpg
1875	02	27	14	00	0	0.34	|	orig=.010 inHg|Local time: 1400|QC flag: low value|Image File: YorkFactory_USSS-412_M1958_1875-02-01_OBS-R.jpg
1875	02	27	21	00	0	0.27	|	orig=.008 inHg|Local time: 2100|QC flag: low value|Image File: YorkFactory_USSS-412_M1958_1875-02-01_OBS-R.jpg
1875	02	28	07	00	0	0.14	|	orig=.004 inHg|Local time: 0700|QC flag: low value|Image File: YorkFactory_USSS-412_M1958_1875-02-01_OBS-R.jpg
1875	02	28	14	00	0	0.30	|	orig=.009 inHg|Local time: 1400|QC flag: low value|Image File: YorkFactory_USSS-412_M1958_1875-02-01_OBS-R.jpg
1875	02	28	21	00	0	0.37	|	orig=.011 inHg|Local time: 2100|QC flag: low value|Image File: YorkFactory_USSS-412_M1958_1875-02-01_OBS-R.jpg
1875	03	01	07	00	0	0.37	|	orig=.011 inHg|Local time: 0700|QC flag: low value|Image File: YorkFactory_USSS-412_M1958_1875-03-01_OBS-R.jpg
1875	03	01	14	00	0	1.35	|	orig=.040 inHg|Local time: 1400|QC flag: low value|Image File: YorkFactory_USSS-412_M1958_1875-03-01_OBS-R.jpg
1875	03	01	21	00	0	0.88	|	orig=.026 inHg|Local time: 2100|QC flag: low value|Image File: YorkFactory_USSS-412_M1958_1875-03-01_OBS-R.jpg
1875	03	02	07	00	0	1.05	|	orig=.031 inHg|Local time: 0700|QC flag: low value|Image File: YorkFactory_USSS-412_M1958_1875-03-01_OBS-R.jpg
1875	03	02	14	00	0	2.13	|	orig=.063 inHg|Local time: 1400|QC flag: low value|Image File: YorkFactory_USSS-412_M1958_1875-03-01_OBS-R.jpg
1875	03	02	21	00	0	2.13	|	orig=.063 inHg|Local time: 2100|QC flag: low value|Image File: YorkFactory_USSS-412_M1958_1875-03-01_OBS-R.jpg
1875	03	03	07	00	0	2.40	|	orig=.071 inHg|Local time: 0700|QC flag: low value|Image File: YorkFactory_USSS-412_M1958_1875-03-01_OBS-R.jpg
1875	03	03	14	00	0	1.25	|	orig=.037 inHg|Local time: 1400|QC flag: low value|Image File: YorkFactory_USSS-412_M1958_1875-03-01_OBS-R.jpg
1875	03	03	21	00	0	0.37	|	orig=.011 inHg|Local time: 2100|QC flag: low value|Image File: YorkFactory_USSS-412_M1958_1875-03-01_OBS-R.jpg
1875	03	04	07	00	0	0.51	|	orig=.015 inHg|Local time: 0700|QC flag: low value|Image File: YorkFactory_USSS-412_M1958_1875-03-01_OBS-R.jpg
1875	03	04	14	00	0	0.78	|	orig=.023 inHg|Local time: 1400|QC flag: low value|Image File: YorkFactory_USSS-412_M1958_1875-03-01_OBS-R.jpg
1875	03	04	21	00	0	0.88	|	orig=.026 inHg|Local time: 2100|QC flag: low value|Image File: YorkFactory_USSS-412_M1958_1875-03-01_OBS-R.jpg
1875	03	05	07	00	0	0.54	|	orig=.016 inHg|Local time: 0700|QC flag: low value|Image File: YorkFactory_USSS-412_M1958_1875-03-01_OBS-R.jpg
1875	03	05	14	00	0	0.71	|	orig=.021 inHg|Local time: 1400|QC flag: low value|Image File: YorkFactory_USSS-412_M1958_1875-03-01_OBS-R.jpg
1875	03	05	21	00	0	0.41	|	orig=.012 inHg|Local time: 2100|QC flag: low value|Image File: YorkFactory_USSS-412_M1958_1875-03-01_OBS-R.jpg
1875	03	06	07	00	0	0.58	|	orig=.017 inHg|Local time: 0700|QC flag: low value|Image File: YorkFactory_USSS-412_M1958_1875-03-01_OBS-R.jpg
1875	03	06	14	00	0	0.78	|	orig=.023 inHg|Local time: 1400|QC flag: low value|Image File: YorkFactory_USSS-412_M1958_1875-03-01_OBS-R.jpg
1875	03	06	21	00	0	0.58	|	orig=.017 inHg|Local time: 2100|QC flag: low value|Image File: YorkFactory_USSS-412_M1958_1875-03-01_OBS-R.jpg
1875	03	07	07	00	0	0.41	|	orig=.012 inHg|Local time: 0700|QC flag: low value|Image File: YorkFactory_USSS-412_M1958_1875-03-01_OBS-R.jpg
1875	03	07	14	00	0	1.02	|	orig=.030 inHg|Local time: 1400|QC flag: low value|Image File: YorkFactory_USSS-412_M1958_1875-03-01_OBS-R.jpg
1875	03	07	21	00	0	0.85	|	orig=.025 inHg|Local time: 2100|QC flag: low value|Image File: YorkFactory_USSS-412_M1958_1875-03-01_OBS-R.jpg
1875	03	08	07	00	0	1.08	|	orig=.032 inHg|Local time: 0700|QC flag: low value|Image File: YorkFactory_USSS-412_M1958_1875-03-01_OBS-R.jpg
1875	03	08	14	00	0	2.24	|	orig=.066 inHg|Local time: 1400|QC flag: low value|Image File: YorkFactory_USSS-412_M1958_1875-03-01_OBS-R.jpg
1875	03	08	21	00	0	2.64	|	orig=.078 inHg|Local time: 2100|QC flag: low value|Image File: YorkFactory_USSS-412_M1958_1875-03-01_OBS-R.jpg
1875	03	09	07	00	0	1.22	|	orig=.036 inHg|Local time: 0700|QC flag: low value|Image File: YorkFactory_USSS-412_M1958_1875-03-01_OBS-R.jpg
1875	03	09	14	00	0	1.32	|	orig=.039 inHg|Local time: 1400|QC flag: low value|Image File: YorkFactory_USSS-412_M1958_1875-03-01_OBS-R.jpg
1875	03	09	21	00	0	0.64	|	orig=.019 inHg|Local time: 2100|QC flag: low value|Image File: YorkFactory_USSS-412_M1958_1875-03-01_OBS-R.jpg
1875	03	10	07	00	0	0.51	|	orig=.015 inHg|Local time: 0700|QC flag: low value|Image File: YorkFactory_USSS-412_M1958_1875-03-01_OBS-R.jpg
1875	03	10	14	00	0	0.71	|	orig=.021 inHg|Local time: 1400|QC flag: low value|Image File: YorkFactory_USSS-412_M1958_1875-03-01_OBS-R.jpg
1875	03	10	21	00	0	0.41	|	orig=.012 inHg|Local time: 2100|QC flag: low value|Image File: YorkFactory_USSS-412_M1958_1875-03-01_OBS-R.jpg
1875	03	11	07	00	0	0.20	|	orig=.006 inHg|Local time: 0700|QC flag: low value|Image File: YorkFactory_USSS-412_M1958_1875-03-01_OBS-R.jpg
1875	03	11	14	00	0	0.68	|	orig=.020 inHg|Local time: 1400|QC flag: low value|Image File: YorkFactory_USSS-412_M1958_1875-03-01_OBS-R.jpg
1875	03	11	21	00	0	0.37	|	orig=.011 inHg|Local time: 2100|QC flag: low value|Image File: YorkFactory_USSS-412_M1958_1875-03-01_OBS-R.jpg
1875	03	12	07	00	0	0.51	|	orig=.015 inHg|Local time: 0700|QC flag: low value|Image File: YorkFactory_USSS-412_M1958_1875-03-01_OBS-R.jpg
1875	03	12	14	00	0	1.79	|	orig=.053 inHg|Local time: 1400|QC flag: low value|Image File: YorkFactory_USSS-412_M1958_1875-03-01_OBS-R.jpg
1875	03	12	21	00	0	1.93	|	orig=.057 inHg|Local time: 2100|QC flag: low value|Image File: YorkFactory_USSS-412_M1958_1875-03-01_OBS-R.jpg
1875	03	13	07	00	0	1.29	|	orig=.038 inHg|Local time: 0700|QC flag: low value|Image File: YorkFactory_USSS-412_M1958_1875-03-01_OBS-R.jpg
1875	03	13	14	00	0	1.12	|	orig=.033 inHg|Local time: 1400|QC flag: low value|Image File: YorkFactory_USSS-412_M1958_1875-03-01_OBS-R.jpg
1875	03	13	21	00	0	0.68	|	orig=.020 inHg|Local time: 2100|QC flag: low value|Image File: YorkFactory_USSS-412_M1958_1875-03-01_OBS-R.jpg
1875	03	14	07	00	0	0.34	|	orig=.010 inHg|Local time: 0700|QC flag: low value|Image File: YorkFactory_USSS-412_M1958_1875-03-01_OBS-R.jpg
1875	03	14	14	00	0	0.30	|	orig=.009 inHg|Local time: 1400|QC flag: low value|Image File: YorkFactory_USSS-412_M1958_1875-03-01_OBS-R.jpg
1875	03	14	21	00	0	0.47	|	orig=.014 inHg|Local time: 2100|QC flag: low value|Image File: YorkFactory_USSS-412_M1958_1875-03-01_OBS-R.jpg
1875	03	15	07	00	0	0.30	|	orig=.009 inHg|Local time: 0700|QC flag: low value|Image File: YorkFactory_USSS-412_M1958_1875-03-01_OBS-R.jpg
1875	03	15	14	00	0	0.68	|	orig=.020 inHg|Local time: 1400|QC flag: low value|Image File: YorkFactory_USSS-412_M1958_1875-03-01_OBS-R.jpg
1875	03	15	21	00	0	0.47	|	orig=.014 inHg|Local time: 2100|QC flag: low value|Image File: YorkFactory_USSS-412_M1958_1875-03-01_OBS-R.jpg
1875	03	16	07	00	0	0.34	|	orig=.010 inHg|Local time: 0700|QC flag: low value|Image File: YorkFactory_USSS-412_M1958_1875-03-01_OBS-R.jpg
1875	03	16	14	00	0	0.64	|	orig=.019 inHg|Local time: 1400|QC flag: low value|Image File: YorkFactory_USSS-412_M1958_1875-03-01_OBS-R.jpg
1875	03	16	21	00	0	0.61	|	orig=.018 inHg|Local time: 2100|QC flag: low value|Image File: YorkFactory_USSS-412_M1958_1875-03-01_OBS-R.jpg
1875	03	17	07	00	0	0.44	|	orig=.013 inHg|Local time: 0700|QC flag: low value|Image File: YorkFactory_USSS-412_M1958_1875-03-01_OBS-R.jpg
1875	03	17	14	00	0	0.51	|	orig=.015 inHg|Local time: 1400|QC flag: low value|Image File: YorkFactory_USSS-412_M1958_1875-03-01_OBS-R.jpg
1875	03	17	21	00	0	0.41	|	orig=.012 inHg|Local time: 2100|QC flag: low value|Image File: YorkFactory_USSS-412_M1958_1875-03-01_OBS-R.jpg
1875	03	18	07	00	0	0.17	|	orig=.005 inHg|Local time: 0700|QC flag: low value|Image File: YorkFactory_USSS-412_M1958_1875-03-01_OBS-R.jpg
1875	03	18	14	00	0	0.47	|	orig=.014 inHg|Local time: 1400|QC flag: low value|Image File: YorkFactory_USSS-412_M1958_1875-03-01_OBS-R.jpg
1875	03	18	21	00	0	0.34	|	orig=.010 inHg|Local time: 2100|QC flag: low value|Image File: YorkFactory_USSS-412_M1958_1875-03-01_OBS-R.jpg
1875	03	19	07	00	0	0.44	|	orig=.013 inHg|Local time: 0700|QC flag: low value|Image File: YorkFactory_USSS-412_M1958_1875-03-01_OBS-R.jpg
1875	03	19	14	00	0	1.52	|	orig=.045 inHg|Local time: 1400|QC flag: low value|Image File: YorkFactory_USSS-412_M1958_1875-03-01_OBS-R.jpg
1875	03	19	21	00	0	1.56	|	orig=.046 inHg|Local time: 2100|QC flag: low value|Image File: YorkFactory_USSS-412_M1958_1875-03-01_OBS-R.jpg
1875	03	20	07	00	0	0.88	|	orig=.026 inHg|Local time: 0700|QC flag: low value|Image File: YorkFactory_USSS-412_M1958_1875-03-01_OBS-R.jpg
1875	03	20	14	00	0	1.66	|	orig=.049 inHg|Local time: 1400|QC flag: low value|Image File: YorkFactory_USSS-412_M1958_1875-03-01_OBS-R.jpg
1875	03	20	21	00	0	2.00	|	orig=.059 inHg|Local time: 2100|QC flag: low value|Image File: YorkFactory_USSS-412_M1958_1875-03-01_OBS-R.jpg
1875	03	21	07	00	0	1.56	|	orig=.046 inHg|Local time: 0700|QC flag: low value|Image File: YorkFactory_USSS-412_M1958_1875-03-01_OBS-R.jpg
1875	03	21	14	00	0	1.49	|	orig=.044 inHg|Local time: 1400|QC flag: low value|Image File: YorkFactory_USSS-412_M1958_1875-03-01_OBS-R.jpg
1875	03	21	21	00	0	2.20	|	orig=.065 inHg|Local time: 2100|QC flag: low value|Image File: YorkFactory_USSS-412_M1958_1875-03-01_OBS-R.jpg
1875	03	22	07	00	0	3.39	|	orig=.100 inHg|Local time: 0700|QC flag: low value|Image File: YorkFactory_USSS-412_M1958_1875-03-01_OBS-R.jpg
1875	03	22	14	00	0	3.01	|	orig=0.089 inHg|Local time: 1400|QC flag: low value|Image File: YorkFactory_USSS-412_M1958_1875-03-01_OBS-R.jpg
1875	03	22	21	00	0	2.98	|	orig=.088 inHg|Local time: 2100|QC flag: low value|Image File: YorkFactory_USSS-412_M1958_1875-03-01_OBS-R.jpg
1875	03	23	07	00	0	3.73	|	orig=.110 inHg|Local time: 0700|QC flag: low value|Image File: YorkFactory_USSS-412_M1958_1875-03-01_OBS-R.jpg
1875	03	23	14	00	0	1.63	|	orig=.048 inHg|Local time: 1400|QC flag: low value|Image File: YorkFactory_USSS-412_M1958_1875-03-01_OBS-R.jpg
1875	03	23	21	00	0	0.71	|	orig=.021 inHg|Local time: 2100|QC flag: low value|Image File: YorkFactory_USSS-412_M1958_1875-03-01_OBS-R.jpg
1875	03	24	07	00	0	0.58	|	orig=.017 inHg|Local time: 0700|QC flag: low value|Image File: YorkFactory_USSS-412_M1958_1875-03-01_OBS-R.jpg
1875	03	24	14	00	0	0.71	|	orig=.021 inHg|Local time: 1400|QC flag: low value|Image File: YorkFactory_USSS-412_M1958_1875-03-01_OBS-R.jpg
1875	03	24	21	00	0	0.68	|	orig=.020 inHg|Local time: 2100|QC flag: low value|Image File: YorkFactory_USSS-412_M1958_1875-03-01_OBS-R.jpg
1875	03	25	07	00	0	0.75	|	orig=.022 inHg|Local time: 0700|QC flag: low value|Image File: YorkFactory_USSS-412_M1958_1875-03-01_OBS-R.jpg
1875	03	25	14	00	0	1.69	|	orig=.050 inHg|Local time: 1400|QC flag: low value|Image File: YorkFactory_USSS-412_M1958_1875-03-01_OBS-R.jpg
1875	03	25	21	00	0	1.86	|	orig=.055 inHg|Local time: 2100|QC flag: low value|Image File: YorkFactory_USSS-412_M1958_1875-03-01_OBS-R.jpg
1875	03	26	07	00	0	1.69	|	orig=.050 inHg|Local time: 0700|QC flag: low value|Image File: YorkFactory_USSS-412_M1958_1875-03-01_OBS-R.jpg
1875	03	26	14	00	0	1.86	|	orig=.055 inHg|Local time: 1400|QC flag: low value|Image File: YorkFactory_USSS-412_M1958_1875-03-01_OBS-R.jpg
1875	03	26	21	00	0	2.00	|	orig=.059 inHg|Local time: 2100|QC flag: low value|Image File: YorkFactory_USSS-412_M1958_1875-03-01_OBS-R.jpg
1875	03	27	07	00	0	1.59	|	orig=.047 inHg|Local time: 0700|QC flag: low value|Image File: YorkFactory_USSS-412_M1958_1875-03-01_OBS-R.jpg
1875	03	27	14	00	0	1.29	|	orig=.038 inHg|Local time: 1400|QC flag: low value|Image File: YorkFactory_USSS-412_M1958_1875-03-01_OBS-R.jpg
1875	03	27	21	00	0	1.35	|	orig=.040 inHg|Local time: 2100|QC flag: low value|Image File: YorkFactory_USSS-412_M1958_1875-03-01_OBS-R.jpg
1875	03	28	07	00	0	1.42	|	orig=.042 inHg|Local time: 0700|QC flag: low value|Image File: YorkFactory_USSS-412_M1958_1875-03-01_OBS-R.jpg
1875	03	28	14	00	0	1.63	|	orig=.048 inHg|Local time: 1400|QC flag: low value|Image File: YorkFactory_USSS-412_M1958_1875-03-01_OBS-R.jpg
1875	03	28	21	00	0	1.73	|	orig=.051 inHg|Local time: 2100|QC flag: low value|Image File: YorkFactory_USSS-412_M1958_1875-03-01_OBS-R.jpg
1875	03	29	07	00	0	1.46	|	orig=.043 inHg|Local time: 0700|QC flag: low value|Image File: YorkFactory_USSS-412_M1958_1875-03-01_OBS-R.jpg
1875	03	29	14	00	0	2.54	|	orig=.075 inHg|Local time: 1400|QC flag: low value|Image File: YorkFactory_USSS-412_M1958_1875-03-01_OBS-R.jpg
1875	03	29	21	00	0	2.98	|	orig=.088 inHg|Local time: 2100|QC flag: low value|Image File: YorkFactory_USSS-412_M1958_1875-03-01_OBS-R.jpg
1875	03	30	07	00	0	5.55	|	orig=.164 inHg|Local time: 0700|QC flag: low value|Image File: YorkFactory_USSS-412_M1958_1875-03-01_OBS-R.jpg
1875	03	30	14	00	0	2.91	|	orig=.086 inHg|Local time: 1400|QC flag: low value|Image File: YorkFactory_USSS-412_M1958_1875-03-01_OBS-R.jpg
1875	03	30	21	00	0	1.93	|	orig=.057 inHg|Local time: 2100|QC flag: low value|Image File: YorkFactory_USSS-412_M1958_1875-03-01_OBS-R.jpg
1875	03	31	07	00	0	2.03	|	orig=.060 inHg|Local time: 0700|QC flag: low value|Image File: YorkFactory_USSS-412_M1958_1875-03-01_OBS-R.jpg
1875	03	31	14	00	0	2.13	|	orig=.063 inHg|Local time: 1400|QC flag: low value|Image File: YorkFactory_USSS-412_M1958_1875-03-01_OBS-R.jpg
1875	03	31	21	00	0	1.93	|	orig=.057 inHg|Local time: 2100|QC flag: low value|Image File: YorkFactory_USSS-412_M1958_1875-03-01_OBS-R.jpg
1875	04	01	07	00	0	2.78	|	orig=.082 inHg|Local time: 0700|QC flag: low value|Image File: YorkFactory_USSS-412_M1958_1875-04-01_OBS-R.jpg
1875	04	01	14	00	0	3.59	|	orig=.106 inHg|Local time: 1400|QC flag: low value|Image File: YorkFactory_USSS-412_M1958_1875-04-01_OBS-R.jpg
1875	04	01	21	00	0	4.00	|	orig=.118 inHg|Local time: 2100|QC flag: low value|Image File: YorkFactory_USSS-412_M1958_1875-04-01_OBS-R.jpg
1875	04	02	07	00	0	1.73	|	orig=.051 inHg|Local time: 0700|QC flag: low value|Image File: YorkFactory_USSS-412_M1958_1875-04-01_OBS-R.jpg
1875	04	02	14	00	0	1.93	|	orig=.057 inHg|Local time: 1400|QC flag: low value|Image File: YorkFactory_USSS-412_M1958_1875-04-01_OBS-R.jpg
1875	04	02	21	00	0	1.76	|	orig=.052 inHg|Local time: 2100|QC flag: low value|Image File: YorkFactory_USSS-412_M1958_1875-04-01_OBS-R.jpg
1875	04	03	07	00	0	1.19	|	orig=.035 inHg|Local time: 0700|QC flag: low value|Image File: YorkFactory_USSS-412_M1958_1875-04-01_OBS-R.jpg
1875	04	03	14	00	0	0.95	|	orig=.028 inHg|Local time: 1400|QC flag: low value|Image File: YorkFactory_USSS-412_M1958_1875-04-01_OBS-R.jpg
1875	04	03	21	00	0	0.64	|	orig=.019 inHg|Local time: 2100|QC flag: low value|Image File: YorkFactory_USSS-412_M1958_1875-04-01_OBS-R.jpg
1875	04	04	07	00	0	0.64	|	orig=.019 inHg|Local time: 0700|QC flag: low value|Image File: YorkFactory_USSS-412_M1958_1875-04-01_OBS-R.jpg
1875	04	04	14	00	0	0.41	|	orig=.012 inHg|Local time: 1400|QC flag: low value|Image File: YorkFactory_USSS-412_M1958_1875-04-01_OBS-R.jpg
1875	04	04	21	00	0	0.47	|	orig=.014 inHg|Local time: 2100|QC flag: low value|Image File: YorkFactory_USSS-412_M1958_1875-04-01_OBS-R.jpg
1875	04	05	07	00	0	0.81	|	orig=.024 inHg|Local time: 0700|QC flag: low value|Image File: YorkFactory_USSS-412_M1958_1875-04-01_OBS-R.jpg
1875	04	05	14	00	0	1.19	|	orig=.035 inHg|Local time: 1400|QC flag: low value|Image File: YorkFactory_USSS-412_M1958_1875-04-01_OBS-R.jpg
1875	04	05	21	00	0	1.52	|	orig=.045 inHg|Local time: 2100|QC flag: low value|Image File: YorkFactory_USSS-412_M1958_1875-04-01_OBS-R.jpg
1875	04	06	07	00	0	1.32	|	orig=.039 inHg|Local time: 0700|QC flag: low value|Image File: YorkFactory_USSS-412_M1958_1875-04-01_OBS-R.jpg
1875	04	06	14	00	0	2.44	|	orig=.072 inHg|Local time: 1400|QC flag: low value|Image File: YorkFactory_USSS-412_M1958_1875-04-01_OBS-R.jpg
1875	04	06	21	00	0	3.32	|	orig=.098 inHg|Local time: 2100|QC flag: low value|Image File: YorkFactory_USSS-412_M1958_1875-04-01_OBS-R.jpg
1875	04	07	07	00	0	2.78	|	orig=.082 inHg|Local time: 0700|QC flag: low value|Image File: YorkFactory_USSS-412_M1958_1875-04-01_OBS-R.jpg
1875	04	07	14	00	0	2.13	|	orig=.063 inHg|Local time: 1400|QC flag: low value|Image File: YorkFactory_USSS-412_M1958_1875-04-01_OBS-R.jpg
1875	04	07	21	00	0	1.93	|	orig=.057 inHg|Local time: 2100|QC flag: low value|Image File: YorkFactory_USSS-412_M1958_1875-04-01_OBS-R.jpg
1875	04	08	07	00	0	2.54	|	orig=.075 inHg|Local time: 0700|QC flag: low value|Image File: YorkFactory_USSS-412_M1958_1875-04-01_OBS-R.jpg
1875	04	08	14	00	0	3.39	|	orig=.100 inHg|Local time: 1400|QC flag: low value|Image File: YorkFactory_USSS-412_M1958_1875-04-01_OBS-R.jpg
1875	04	08	21	00	0	2.95	|	orig=.087 inHg|Local time: 2100|QC flag: low value|Image File: YorkFactory_USSS-412_M1958_1875-04-01_OBS-R.jpg
1875	04	09	07	00	0	2.74	|	orig=.081 inHg|Local time: 0700|QC flag: low value|Image File: YorkFactory_USSS-412_M1958_1875-04-01_OBS-R.jpg
1875	04	09	14	00	0	4.40	|	orig=.130 inHg|Local time: 1400|QC flag: low value|Image File: YorkFactory_USSS-412_M1958_1875-04-01_OBS-R.jpg
1875	04	09	21	00	0	5.15	|	orig=.152 inHg|Local time: 2100|QC flag: low value|Image File: YorkFactory_USSS-412_M1958_1875-04-01_OBS-R.jpg
1875	04	10	07	00	0	3.28	|	orig=.097 inHg|Local time: 0700|QC flag: low value|Image File: YorkFactory_USSS-412_M1958_1875-04-01_OBS-R.jpg
1875	04	10	14	00	0	4.94	|	orig=.146 inHg|Local time: 1400|QC flag: low value|Image File: YorkFactory_USSS-412_M1958_1875-04-01_OBS-R.jpg
1875	04	10	21	00	0	4.06	|	orig=.120 inHg|Local time: 2100|QC flag: low value|Image File: YorkFactory_USSS-412_M1958_1875-04-01_OBS-R.jpg
1875	04	11	07	00	0	2.91	|	orig=.086 inHg|Local time: 0700|QC flag: low value|Image File: YorkFactory_USSS-412_M1958_1875-04-01_OBS-R.jpg
1875	04	11	14	00	0	3.12	|	orig=.092 inHg|Local time: 1400|QC flag: low value|Image File: YorkFactory_USSS-412_M1958_1875-04-01_OBS-R.jpg
1875	04	11	21	00	0	2.98	|	orig=.088 inHg|Local time: 2100|QC flag: low value|Image File: YorkFactory_USSS-412_M1958_1875-04-01_OBS-R.jpg
1875	04	12	07	00	0	3.66	|	orig=.108 inHg|Local time: 0700|QC flag: low value|Image File: YorkFactory_USSS-412_M1958_1875-04-01_OBS-R.jpg
1875	04	12	14	00	0	3.73	|	orig=.110 inHg|Local time: 1400|QC flag: low value|Image File: YorkFactory_USSS-412_M1958_1875-04-01_OBS-R.jpg
1875	04	12	21	00	0	3.62	|	orig=.107 inHg|Local time: 2100|QC flag: low value|Image File: YorkFactory_USSS-412_M1958_1875-04-01_OBS-R.jpg
1875	04	13	07	00	0	2.78	|	orig=.082 inHg|Local time: 0700|QC flag: low value|Image File: YorkFactory_USSS-412_M1958_1875-04-01_OBS-R.jpg
1875	04	13	14	00	0	2.40	|	orig=.071 inHg|Local time: 1400|QC flag: low value|Image File: YorkFactory_USSS-412_M1958_1875-04-01_OBS-R.jpg
1875	04	13	21	00	0	1.76	|	orig=.052 inHg|Local time: 2100|QC flag: low value|Image File: YorkFactory_USSS-412_M1958_1875-04-01_OBS-R.jpg
1875	04	14	07	00	0	1.49	|	orig=.044 inHg|Local time: 0700|QC flag: low value|Image File: YorkFactory_USSS-412_M1958_1875-04-01_OBS-R.jpg
1875	04	14	14	00	0	1.22	|	orig=.036 inHg|Local time: 1400|QC flag: low value|Image File: YorkFactory_USSS-412_M1958_1875-04-01_OBS-R.jpg
1875	04	14	21	00	0	0.88	|	orig=.026 inHg|Local time: 2100|QC flag: low value|Image File: YorkFactory_USSS-412_M1958_1875-04-01_OBS-R.jpg
1875	04	15	07	00	0	0.44	|	orig=.013 inHg|Local time: 0700|QC flag: low value|Image File: YorkFactory_USSS-412_M1958_1875-04-01_OBS-R.jpg
1875	04	15	14	00	0	0.68	|	orig=.020 inHg|Local time: 1400|QC flag: low value|Image File: YorkFactory_USSS-412_M1958_1875-04-01_OBS-R.jpg
1875	04	15	21	00	0	-999	|	orig=* inHg|Local time: 2100|QC flag: instrument error|Image File: YorkFactory_USSS-412_M1958_1875-04-01_OBS-R.jpg
1875	04	16	07	00	0	-999	|	orig=* inHg|Local time: 0700|QC flag: instrument error|Image File: YorkFactory_USSS-412_M1958_1875-04-01_OBS-R.jpg
1875	04	16	14	00	0	0.88	|	orig=.026 inHg|Local time: 1400|QC flag: low value|Image File: YorkFactory_USSS-412_M1958_1875-04-01_OBS-R.jpg
1875	04	16	21	00	0	0.75	|	orig=.022 inHg|Local time: 2100|QC flag: low value|Image File: YorkFactory_USSS-412_M1958_1875-04-01_OBS-R.jpg
1875	04	17	07	00	0	1.79	|	orig=.053 inHg|Local time: 0700|QC flag: low value|Image File: YorkFactory_USSS-412_M1958_1875-04-01_OBS-R.jpg
1875	04	17	14	00	0	2.17	|	orig=.064 inHg|Local time: 1400|QC flag: low value|Image File: YorkFactory_USSS-412_M1958_1875-04-01_OBS-R.jpg
1875	04	17	21	00	0	2.20	|	orig=.065 inHg|Local time: 2100|QC flag: low value|Image File: YorkFactory_USSS-412_M1958_1875-04-01_OBS-R.jpg
1875	04	18	07	00	0	1.02	|	orig=.030 inHg|Local time: 0700|QC flag: low value|Image File: YorkFactory_USSS-412_M1958_1875-04-01_OBS-R.jpg
1875	04	18	14	00	0	1.59	|	orig=.047 inHg|Local time: 1400|QC flag: low value|Image File: YorkFactory_USSS-412_M1958_1875-04-01_OBS-R.jpg
1875	04	18	21	00	0	1.35	|	orig=.040 inHg|Local time: 2100|QC flag: low value|Image File: YorkFactory_USSS-412_M1958_1875-04-01_OBS-R.jpg
1875	04	19	07	00	0	1.15	|	orig=.034 inHg|Local time: 0700|QC flag: low value|Image File: YorkFactory_USSS-412_M1958_1875-04-01_OBS-R.jpg
1875	04	19	14	00	0	1.29	|	orig=.038 inHg|Local time: 1400|QC flag: low value|Image File: YorkFactory_USSS-412_M1958_1875-04-01_OBS-R.jpg
1875	04	19	21	00	0	1.39	|	orig=.041 inHg|Local time: 2100|QC flag: low value|Image File: YorkFactory_USSS-412_M1958_1875-04-01_OBS-R.jpg
1875	04	20	07	00	0	1.49	|	orig=.044 inHg|Local time: 0700|QC flag: low value|Image File: YorkFactory_USSS-412_M1958_1875-04-01_OBS-R.jpg
1875	04	20	14	00	0	2.91	|	orig=.086 inHg|Local time: 1400|QC flag: low value|Image File: YorkFactory_USSS-412_M1958_1875-04-01_OBS-R.jpg
1875	04	20	21	00	0	1.56	|	orig=.046 inHg|Local time: 2100|QC flag: low value|Image File: YorkFactory_USSS-412_M1958_1875-04-01_OBS-R.jpg
1875	04	21	07	00	0	1.90	|	orig=.056 inHg|Local time: 0700|QC flag: low value|Image File: YorkFactory_USSS-412_M1958_1875-04-01_OBS-R.jpg
1875	04	21	14	00	0	4.47	|	orig=.132 inHg|Local time: 1400|QC flag: low value|Image File: YorkFactory_USSS-412_M1958_1875-04-01_OBS-R.jpg
1875	04	21	21	00	0	5.18	|	orig=.153 inHg|Local time: 2100|QC flag: low value|Image File: YorkFactory_USSS-412_M1958_1875-04-01_OBS-R.jpg
1875	04	22	07	00	0	3.25	|	orig=.096 inHg|Local time: 0700|QC flag: low value|Image File: YorkFactory_USSS-412_M1958_1875-04-01_OBS-R.jpg
1875	04	22	14	00	0	3.15	|	orig=.093 inHg|Local time: 1400|QC flag: low value|Image File: YorkFactory_USSS-412_M1958_1875-04-01_OBS-R.jpg
1875	04	22	21	00	0	2.10	|	orig=.062 inHg|Local time: 2100|QC flag: low value|Image File: YorkFactory_USSS-412_M1958_1875-04-01_OBS-R.jpg
1875	04	23	07	00	0	1.49	|	orig=.044 inHg|Local time: 0700|QC flag: low value|Image File: YorkFactory_USSS-412_M1958_1875-04-01_OBS-R.jpg
1875	04	23	14	00	0	2.40	|	orig=.071 inHg|Local time: 1400|QC flag: low value|Image File: YorkFactory_USSS-412_M1958_1875-04-01_OBS-R.jpg
1875	04	23	21	00	0	1.93	|	orig=.057 inHg|Local time: 2100|QC flag: low value|Image File: YorkFactory_USSS-412_M1958_1875-04-01_OBS-R.jpg
1875	04	24	07	00	0	2.64	|	orig=.078 inHg|Local time: 0700|QC flag: low value|Image File: YorkFactory_USSS-412_M1958_1875-04-01_OBS-R.jpg
1875	04	24	14	00	0	5.89	|	orig=.174 inHg|Local time: 1400|QC flag: low value|Image File: YorkFactory_USSS-412_M1958_1875-04-01_OBS-R.jpg
1875	04	24	21	00	0	3.39	|	orig=.100 inHg|Local time: 2100|QC flag: low value|Image File: YorkFactory_USSS-412_M1958_1875-04-01_OBS-R.jpg
1875	04	25	07	00	0	1.46	|	orig=.043 inHg|Local time: 0700|QC flag: low value|Image File: YorkFactory_USSS-412_M1958_1875-04-01_OBS-R.jpg
1875	04	25	14	00	0	1.25	|	orig=.037 inHg|Local time: 1400|QC flag: low value|Image File: YorkFactory_USSS-412_M1958_1875-04-01_OBS-R.jpg
1875	04	25	21	00	0	1.59	|	orig=.047 inHg|Local time: 2100|QC flag: low value|Image File: YorkFactory_USSS-412_M1958_1875-04-01_OBS-R.jpg
1875	04	26	07	00	0	1.93	|	orig=.057 inHg|Local time: 0700|QC flag: low value|Image File: YorkFactory_USSS-412_M1958_1875-04-01_OBS-R.jpg
1875	04	26	14	00	0	3.66	|	orig=.108 inHg|Local time: 1400|QC flag: low value|Image File: YorkFactory_USSS-412_M1958_1875-04-01_OBS-R.jpg
1875	04	26	21	00	0	4.23	|	orig=.125 inHg|Local time: 2100|QC flag: low value|Image File: YorkFactory_USSS-412_M1958_1875-04-01_OBS-R.jpg
1875	04	27	07	00	0	5.11	|	orig=.151 inHg|Local time: 0700|QC flag: low value|Image File: YorkFactory_USSS-412_M1958_1875-04-01_OBS-R.jpg
1875	04	27	14	00	0	6.13	|	orig=.181 inHg|Local time: 1400|QC flag: low value|Image File: YorkFactory_USSS-412_M1958_1875-04-01_OBS-R.jpg
1875	04	27	21	00	0	5.42	|	orig=.160 inHg|Local time: 2100|QC flag: low value|Image File: YorkFactory_USSS-412_M1958_1875-04-01_OBS-R.jpg
1875	04	28	07	00	0	5.89	|	orig=.174 inHg|Local time: 0700|QC flag: low value|Image File: YorkFactory_USSS-412_M1958_1875-04-01_OBS-R.jpg
1875	04	28	14	00	0	5.96	|	orig=.176 inHg|Local time: 1400|QC flag: low value|Image File: YorkFactory_USSS-412_M1958_1875-04-01_OBS-R.jpg
1875	04	28	21	00	0	4.98	|	orig=.147 inHg|Local time: 2100|QC flag: low value|Image File: YorkFactory_USSS-412_M1958_1875-04-01_OBS-R.jpg
1875	04	29	07	00	0	2.78	|	orig=.082 inHg|Local time: 0700|QC flag: low value|Image File: YorkFactory_USSS-412_M1958_1875-04-01_OBS-R.jpg
1875	04	29	14	00	0	3.83	|	orig=.113 inHg|Local time: 1400|QC flag: low value|Image File: YorkFactory_USSS-412_M1958_1875-04-01_OBS-R.jpg
1875	04	29	21	00	0	3.18	|	orig=.094 inHg|Local time: 2100|QC flag: low value|Image File: YorkFactory_USSS-412_M1958_1875-04-01_OBS-R.jpg
1875	04	30	07	00	0	2.91	|	orig=.086 inHg|Local time: 0700|QC flag: low value|Image File: YorkFactory_USSS-412_M1958_1875-04-01_OBS-R.jpg
1875	04	30	14	00	0	3.52	|	orig=.104 inHg|Local time: 1400|QC flag: low value|Image File: YorkFactory_USSS-412_M1958_1875-04-01_OBS-R.jpg
1875	04	30	21	00	0	3.18	|	orig=.094 inHg|Local time: 2100|QC flag: low value|Image File: YorkFactory_USSS-412_M1958_1875-04-01_OBS-R.jpg
1875	05	01	07	00	0	2.30	|	orig=0.068 inHg|Local time: 0700|QC flag: low value|Image File: YorkFactory_USSS-412_M1958_1875-05-01_OBS-R.jpg
1875	05	01	14	00	0	1.49	|	orig=0.044 inHg|Local time: 1400|QC flag: low value|Image File: YorkFactory_USSS-412_M1958_1875-05-01_OBS-R.jpg
1875	05	01	21	00	0	2.98	|	orig=0.088 inHg|Local time: 2100|QC flag: low value|Image File: YorkFactory_USSS-412_M1958_1875-05-01_OBS-R.jpg
1875	05	02	07	00	0	3.05	|	orig=0.090 inHg|Local time: 0700|QC flag: low value|Image File: YorkFactory_USSS-412_M1958_1875-05-01_OBS-R.jpg
1875	05	02	14	00	0	3.49	|	orig=0.103 inHg|Local time: 1400|QC flag: low value|Image File: YorkFactory_USSS-412_M1958_1875-05-01_OBS-R.jpg
1875	05	02	21	00	0	3.32	|	orig=0.098 inHg|Local time: 2100|QC flag: low value|Image File: YorkFactory_USSS-412_M1958_1875-05-01_OBS-R.jpg
1875	05	03	07	00	0	3.69	|	orig=0.109 inHg|Local time: 0700|QC flag: low value|Image File: YorkFactory_USSS-412_M1958_1875-05-01_OBS-R.jpg
1875	05	03	14	00	0	3.39	|	orig=0.100 inHg|Local time: 1400|QC flag: low value|Image File: YorkFactory_USSS-412_M1958_1875-05-01_OBS-R.jpg
1875	05	03	21	00	0	2.91	|	orig=0.086 inHg|Local time: 2100|QC flag: low value|Image File: YorkFactory_USSS-412_M1958_1875-05-01_OBS-R.jpg
1875	05	04	07	00	0	2.98	|	orig=0.088 inHg|Local time: 0700|QC flag: low value|Image File: YorkFactory_USSS-412_M1958_1875-05-01_OBS-R.jpg
1875	05	04	14	00	0	3.79	|	orig=0.112 inHg|Local time: 1400|QC flag: low value|Image File: YorkFactory_USSS-412_M1958_1875-05-01_OBS-R.jpg
1875	05	04	21	00	0	2.91	|	orig=0.086 inHg|Local time: 2100|QC flag: low value|Image File: YorkFactory_USSS-412_M1958_1875-05-01_OBS-R.jpg
1875	05	05	07	00	0	3.05	|	orig=0.090 inHg|Local time: 0700|QC flag: low value|Image File: YorkFactory_USSS-412_M1958_1875-05-01_OBS-R.jpg
1875	05	05	14	00	0	4.17	|	orig=0.123 inHg|Local time: 1400|QC flag: low value|Image File: YorkFactory_USSS-412_M1958_1875-05-01_OBS-R.jpg
1875	05	05	21	00	0	3.73	|	orig=0.110 inHg|Local time: 2100|QC flag: low value|Image File: YorkFactory_USSS-412_M1958_1875-05-01_OBS-R.jpg
1875	05	06	07	00	0	3.18	|	orig=0.094 inHg|Local time: 0700|QC flag: low value|Image File: YorkFactory_USSS-412_M1958_1875-05-01_OBS-R.jpg
1875	05	06	14	00	0	3.79	|	orig=0.112 inHg|Local time: 1400|QC flag: low value|Image File: YorkFactory_USSS-412_M1958_1875-05-01_OBS-R.jpg
1875	05	06	21	00	0	2.54	|	orig=0.075 inHg|Local time: 2100|QC flag: low value|Image File: YorkFactory_USSS-412_M1958_1875-05-01_OBS-R.jpg
1875	05	07	07	00	0	4.17	|	orig=0.123 inHg|Local time: 0700|QC flag: low value|Image File: YorkFactory_USSS-412_M1958_1875-05-01_OBS-R.jpg
1875	05	07	14	00	0	5.25	|	orig=0.155 inHg|Local time: 1400|QC flag: low value|Image File: YorkFactory_USSS-412_M1958_1875-05-01_OBS-R.jpg
1875	05	07	21	00	0	5.69	|	orig=0.168 inHg|Local time: 2100|QC flag: low value|Image File: YorkFactory_USSS-412_M1958_1875-05-01_OBS-R.jpg
1875	05	08	07	00	0	6.13	|	orig=0.181 inHg|Local time: 0700|QC flag: low value|Image File: YorkFactory_USSS-412_M1958_1875-05-01_OBS-R.jpg
1875	05	08	14	00	0	5.05	|	orig=0.149 inHg|Local time: 1400|QC flag: low value|Image File: YorkFactory_USSS-412_M1958_1875-05-01_OBS-R.jpg
1875	05	08	21	00	0	5.08	|	orig=0.150 inHg|Local time: 2100|QC flag: low value|Image File: YorkFactory_USSS-412_M1958_1875-05-01_OBS-R.jpg
1875	05	09	07	00	0	5.05	|	orig=0.149 inHg|Local time: 0700|QC flag: low value|Image File: YorkFactory_USSS-412_M1958_1875-05-01_OBS-R.jpg
1875	05	09	14	00	0	4.88	|	orig=0.144 inHg|Local time: 1400|QC flag: low value|Image File: YorkFactory_USSS-412_M1958_1875-05-01_OBS-R.jpg
1875	05	09	21	00	0	4.57	|	orig=0.135 inHg|Local time: 2100|QC flag: low value|Image File: YorkFactory_USSS-412_M1958_1875-05-01_OBS-R.jpg
1875	05	10	07	00	0	4.47	|	orig=0.132 inHg|Local time: 0700|QC flag: low value|Image File: YorkFactory_USSS-412_M1958_1875-05-01_OBS-R.jpg
1875	05	10	14	00	0	4.61	|	orig=0.136 inHg|Local time: 1400|QC flag: low value|Image File: YorkFactory_USSS-412_M1958_1875-05-01_OBS-R.jpg
1875	05	10	21	00	0	4.57	|	orig=0.135 inHg|Local time: 2100|QC flag: low value|Image File: YorkFactory_USSS-412_M1958_1875-05-01_OBS-R.jpg
1875	05	11	07	00	0	3.52	|	orig=0.104 inHg|Local time: 0700|QC flag: low value|Image File: YorkFactory_USSS-412_M1958_1875-05-01_OBS-R.jpg
1875	05	11	14	00	0	4.47	|	orig=0.132 inHg|Local time: 1400|QC flag: low value|Image File: YorkFactory_USSS-412_M1958_1875-05-01_OBS-R.jpg
1875	05	11	21	00	0	4.00	|	orig=0.118 inHg|Local time: 2100|QC flag: low value|Image File: YorkFactory_USSS-412_M1958_1875-05-01_OBS-R.jpg
1875	05	12	07	00	0	3.79	|	orig=0.112 inHg|Local time: 0700|QC flag: low value|Image File: YorkFactory_USSS-412_M1958_1875-05-01_OBS-R.jpg
1875	05	12	14	00	0	4.17	|	orig=0.123 inHg|Local time: 1400|QC flag: low value|Image File: YorkFactory_USSS-412_M1958_1875-05-01_OBS-R.jpg
1875	05	12	21	00	0	3.83	|	orig=0.113 inHg|Local time: 2100|QC flag: low value|Image File: YorkFactory_USSS-412_M1958_1875-05-01_OBS-R.jpg
1875	05	13	07	00	0	3.52	|	orig=0.104 inHg|Local time: 0700|QC flag: low value|Image File: YorkFactory_USSS-412_M1958_1875-05-01_OBS-R.jpg
1875	05	13	14	00	0	4.40	|	orig=0.130 inHg|Local time: 1400|QC flag: low value|Image File: YorkFactory_USSS-412_M1958_1875-05-01_OBS-R.jpg
1875	05	13	21	00	0	3.69	|	orig=0.109 inHg|Local time: 2100|QC flag: low value|Image File: YorkFactory_USSS-412_M1958_1875-05-01_OBS-R.jpg
1875	05	14	07	00	0	4.61	|	orig=0.136 inHg|Local time: 0700|QC flag: low value|Image File: YorkFactory_USSS-412_M1958_1875-05-01_OBS-R.jpg
1875	05	14	14	00	0	5.05	|	orig=0.149 inHg|Local time: 1400|QC flag: low value|Image File: YorkFactory_USSS-412_M1958_1875-05-01_OBS-R.jpg
1875	05	14	21	00	0	6.16	|	orig=0.182 inHg|Local time: 2100|QC flag: low value|Image File: YorkFactory_USSS-412_M1958_1875-05-01_OBS-R.jpg
1875	05	15	07	00	0	5.25	|	orig=0.155 inHg|Local time: 0700|QC flag: low value|Image File: YorkFactory_USSS-412_M1958_1875-05-01_OBS-R.jpg
1875	05	15	14	00	0	6.87	|	orig=0.203 inHg|Local time: 1400|QC flag: none|Image File: YorkFactory_USSS-412_M1958_1875-05-01_OBS-R.jpg
1875	05	15	21	00	0	6.26	|	orig=0.185 inHg|Local time: 2100|QC flag: low value|Image File: YorkFactory_USSS-412_M1958_1875-05-01_OBS-R.jpg
1875	05	16	07	00	0	6.84	|	orig=0.202 inHg|Local time: 0700|QC flag: none|Image File: YorkFactory_USSS-412_M1958_1875-05-01_OBS-R.jpg
1875	05	16	14	00	0	11.72	|	orig=0.346 inHg|Local time: 1400|QC flag: none|Image File: YorkFactory_USSS-412_M1958_1875-05-01_OBS-R.jpg
1875	05	16	21	00	0	9.58	|	orig=0.283 inHg|Local time: 2100|QC flag: none|Image File: YorkFactory_USSS-412_M1958_1875-05-01_OBS-R.jpg
1875	05	17	07	00	0	9.14	|	orig=0.270 inHg|Local time: 0700|QC flag: none|Image File: YorkFactory_USSS-412_M1958_1875-05-01_OBS-R.jpg
1875	05	17	14	00	0	15.88	|	orig=0.469 inHg|Local time: 1400|QC flag: none|Image File: YorkFactory_USSS-412_M1958_1875-05-01_OBS-R.jpg
1875	05	17	21	00	0	6.91	|	orig=0.204 inHg|Local time: 2100|QC flag: none|Image File: YorkFactory_USSS-412_M1958_1875-05-01_OBS-R.jpg
1875	05	18	07	00	0	5.99	|	orig=0.177 inHg|Local time: 0700|QC flag: low value|Image File: YorkFactory_USSS-412_M1958_1875-05-01_OBS-R.jpg
1875	05	18	14	00	0	5.76	|	orig=0.170 inHg|Local time: 1400|QC flag: low value|Image File: YorkFactory_USSS-412_M1958_1875-05-01_OBS-R.jpg
1875	05	18	21	00	0	5.66	|	orig=0.167 inHg|Local time: 2100|QC flag: low value|Image File: YorkFactory_USSS-412_M1958_1875-05-01_OBS-R.jpg
1875	05	19	07	00	0	6.23	|	orig=0.184 inHg|Local time: 0700|QC flag: low value|Image File: YorkFactory_USSS-412_M1958_1875-05-01_OBS-R.jpg
1875	05	19	14	00	0	8.26	|	orig=0.244 inHg|Local time: 1400|QC flag: none|Image File: YorkFactory_USSS-412_M1958_1875-05-01_OBS-R.jpg
1875	05	19	21	00	0	7.18	|	orig=0.212 inHg|Local time: 2100|QC flag: none|Image File: YorkFactory_USSS-412_M1958_1875-05-01_OBS-R.jpg
1875	05	20	07	00	0	7.48	|	orig=0.221 inHg|Local time: 0700|QC flag: none|Image File: YorkFactory_USSS-412_M1958_1875-05-01_OBS-R.jpg
1875	05	20	14	00	0	8.47	|	orig=0.250 inHg|Local time: 1400|QC flag: none|Image File: YorkFactory_USSS-412_M1958_1875-05-01_OBS-R.jpg
1875	05	20	21	00	0	5.49	|	orig=0.162 inHg|Local time: 2100|QC flag: low value|Image File: YorkFactory_USSS-412_M1958_1875-05-01_OBS-R.jpg
1875	05	21	07	00	0	4.67	|	orig=0.138 inHg|Local time: 0700|QC flag: low value|Image File: YorkFactory_USSS-412_M1958_1875-05-01_OBS-R.jpg
1875	05	21	14	00	0	4.71	|	orig=0.139 inHg|Local time: 1400|QC flag: low value|Image File: YorkFactory_USSS-412_M1958_1875-05-01_OBS-R.jpg
1875	05	21	21	00	0	4.40	|	orig=0.130 inHg|Local time: 2100|QC flag: low value|Image File: YorkFactory_USSS-412_M1958_1875-05-01_OBS-R.jpg
1875	05	22	07	00	0	5.99	|	orig=0.177 inHg|Local time: 0700|QC flag: low value|Image File: YorkFactory_USSS-412_M1958_1875-05-01_OBS-R.jpg
1875	05	22	14	00	0	7.72	|	orig=0.228 inHg|Local time: 1400|QC flag: none|Image File: YorkFactory_USSS-412_M1958_1875-05-01_OBS-R.jpg
1875	05	22	21	00	0	6.50	|	orig=0.192 inHg|Local time: 2100|QC flag: low value|Image File: YorkFactory_USSS-412_M1958_1875-05-01_OBS-R.jpg
1875	05	23	07	00	0	7.25	|	orig=0.214 inHg|Local time: 0700|QC flag: none|Image File: YorkFactory_USSS-412_M1958_1875-05-01_OBS-R.jpg
1875	05	23	14	00	0	9.11	|	orig=0.269 inHg|Local time: 1400|QC flag: none|Image File: YorkFactory_USSS-412_M1958_1875-05-01_OBS-R.jpg
1875	05	23	21	00	0	7.82	|	orig=0.231 inHg|Local time: 2100|QC flag: none|Image File: YorkFactory_USSS-412_M1958_1875-05-01_OBS-R.jpg
1875	05	24	07	00	0	7.62	|	orig=0.225 inHg|Local time: 0700|QC flag: none|Image File: YorkFactory_USSS-412_M1958_1875-05-01_OBS-R.jpg
1875	05	24	14	00	0	7.31	|	orig=0.216 inHg|Local time: 1400|QC flag: none|Image File: YorkFactory_USSS-412_M1958_1875-05-01_OBS-R.jpg
1875	05	24	21	00	0	6.13	|	orig=0.181 inHg|Local time: 2100|QC flag: low value|Image File: YorkFactory_USSS-412_M1958_1875-05-01_OBS-R.jpg
1875	05	25	07	00	0	6.37	|	orig=0.188 inHg|Local time: 0700|QC flag: low value|Image File: YorkFactory_USSS-412_M1958_1875-05-01_OBS-R.jpg
1875	05	25	14	00	0	5.59	|	orig=0.165 inHg|Local time: 1400|QC flag: low value|Image File: YorkFactory_USSS-412_M1958_1875-05-01_OBS-R.jpg
1875	05	25	21	00	0	5.69	|	orig=0.168 inHg|Local time: 2100|QC flag: low value|Image File: YorkFactory_USSS-412_M1958_1875-05-01_OBS-R.jpg
1875	05	26	07	00	0	6.26	|	orig=0.185 inHg|Local time: 0700|QC flag: low value|Image File: YorkFactory_USSS-412_M1958_1875-05-01_OBS-R.jpg
1875	05	26	14	00	0	6.26	|	orig=0.185 inHg|Local time: 1400|QC flag: low value|Image File: YorkFactory_USSS-412_M1958_1875-05-01_OBS-R.jpg
1875	05	26	21	00	0	6.91	|	orig=0.204 inHg|Local time: 2100|QC flag: none|Image File: YorkFactory_USSS-412_M1958_1875-05-01_OBS-R.jpg
1875	05	27	07	00	0	8.40	|	orig=0.248 inHg|Local time: 0700|QC flag: none|Image File: YorkFactory_USSS-412_M1958_1875-05-01_OBS-R.jpg
1875	05	27	14	00	0	13.17	|	orig=0.389 inHg|Local time: 1400|QC flag: none|Image File: YorkFactory_USSS-412_M1958_1875-05-01_OBS-R.jpg
1875	05	27	21	00	0	6.81	|	orig=0.201 inHg|Local time: 2100|QC flag: none|Image File: YorkFactory_USSS-412_M1958_1875-05-01_OBS-R.jpg
1875	05	28	07	00	0	6.37	|	orig=0.188 inHg|Local time: 0700|QC flag: low value|Image File: YorkFactory_USSS-412_M1958_1875-05-01_OBS-R.jpg
1875	05	28	14	00	0	6.13	|	orig=0.181 inHg|Local time: 1400|QC flag: low value|Image File: YorkFactory_USSS-412_M1958_1875-05-01_OBS-R.jpg
1875	05	28	21	00	0	5.66	|	orig=0.167 inHg|Local time: 2100|QC flag: low value|Image File: YorkFactory_USSS-412_M1958_1875-05-01_OBS-R.jpg
1875	05	29	07	00	0	5.42	|	orig=0.160 inHg|Local time: 0700|QC flag: low value|Image File: YorkFactory_USSS-412_M1958_1875-05-01_OBS-R.jpg
1875	05	29	14	00	0	5.08	|	orig=0.150 inHg|Local time: 1400|QC flag: low value|Image File: YorkFactory_USSS-412_M1958_1875-05-01_OBS-R.jpg
1875	05	29	21	00	0	4.98	|	orig=0.147 inHg|Local time: 2100|QC flag: low value|Image File: YorkFactory_USSS-412_M1958_1875-05-01_OBS-R.jpg
1875	05	30	07	00	0	4.81	|	orig=0.142 inHg|Local time: 0700|QC flag: low value|Image File: YorkFactory_USSS-412_M1958_1875-05-01_OBS-R.jpg
1875	05	30	14	00	0	5.62	|	orig=0.166 inHg|Local time: 1400|QC flag: low value|Image File: YorkFactory_USSS-412_M1958_1875-05-01_OBS-R.jpg
1875	05	30	21	00	0	6.16	|	orig=0.182 inHg|Local time: 2100|QC flag: low value|Image File: YorkFactory_USSS-412_M1958_1875-05-01_OBS-R.jpg
1875	05	31	07	00	0	7.92	|	orig=0.234 inHg|Local time: 0700|QC flag: none|Image File: YorkFactory_USSS-412_M1958_1875-05-01_OBS-R.jpg
1875	05	31	14	00	0	10.94	|	orig=0.323 inHg|Local time: 1400|QC flag: none|Image File: YorkFactory_USSS-412_M1958_1875-05-01_OBS-R.jpg
1875	05	31	21	00	0	6.91	|	orig=0.204 inHg|Local time: 2100|QC flag: none|Image File: YorkFactory_USSS-412_M1958_1875-05-01_OBS-R.jpg
1875	06	01	07	00	0	5.69	|	orig=.168 inHg|Local time: 0700|QC flag: low value|Image File: YorkFactory_USSS-412_M1958_1875-06-01_OBS-R.jpg
1875	06	01	14	00	0	6.03	|	orig=.178 inHg|Local time: 1400|QC flag: low value|Image File: YorkFactory_USSS-412_M1958_1875-06-01_OBS-R.jpg
1875	06	01	21	00	0	5.72	|	orig=.169 inHg|Local time: 2100|QC flag: low value|Image File: YorkFactory_USSS-412_M1958_1875-06-01_OBS-R.jpg
1875	06	02	07	00	0	5.49	|	orig=.162 inHg|Local time: 0700|QC flag: low value|Image File: YorkFactory_USSS-412_M1958_1875-06-01_OBS-R.jpg
1875	06	02	14	00	0	5.49	|	orig=.162 inHg|Local time: 1400|QC flag: low value|Image File: YorkFactory_USSS-412_M1958_1875-06-01_OBS-R.jpg
1875	06	02	21	00	0	5.25	|	orig=.155 inHg|Local time: 2100|QC flag: low value|Image File: YorkFactory_USSS-412_M1958_1875-06-01_OBS-R.jpg
1875	06	03	07	00	0	5.49	|	orig=162 inHg|Local time: 0700|QC flag: low value|Image File: YorkFactory_USSS-412_M1958_1875-06-01_OBS-R.jpg
1875	06	03	14	00	0	5.62	|	orig=166 inHg|Local time: 1400|QC flag: low value|Image File: YorkFactory_USSS-412_M1958_1875-06-01_OBS-R.jpg
1875	06	03	21	00	0	5.49	|	orig=162 inHg|Local time: 2100|QC flag: low value|Image File: YorkFactory_USSS-412_M1958_1875-06-01_OBS-R.jpg
1875	06	04	07	00	0	5.49	|	orig=.162 inHg|Local time: 0700|QC flag: low value|Image File: YorkFactory_USSS-412_M1958_1875-06-01_OBS-R.jpg
1875	06	04	14	00	0	6.03	|	orig=.178 inHg|Local time: 1400|QC flag: low value|Image File: YorkFactory_USSS-412_M1958_1875-06-01_OBS-R.jpg
1875	06	04	21	00	0	5.69	|	orig=.168 inHg|Local time: 2100|QC flag: low value|Image File: YorkFactory_USSS-412_M1958_1875-06-01_OBS-R.jpg
1875	06	05	07	00	0	5.22	|	orig=.154 inHg|Local time: 0700|QC flag: low value|Image File: YorkFactory_USSS-412_M1958_1875-06-01_OBS-R.jpg
1875	06	05	14	00	0	5.96	|	orig=.176 inHg|Local time: 1400|QC flag: low value|Image File: YorkFactory_USSS-412_M1958_1875-06-01_OBS-R.jpg
1875	06	05	21	00	0	5.55	|	orig=.164 inHg|Local time: 2100|QC flag: low value|Image File: YorkFactory_USSS-412_M1958_1875-06-01_OBS-R.jpg
1875	06	06	07	00	0	5.49	|	orig=.162 inHg|Local time: 0700|QC flag: low value|Image File: YorkFactory_USSS-412_M1958_1875-06-01_OBS-R.jpg
1875	06	06	14	00	0	7.01	|	orig=.207 inHg|Local time: 1400|QC flag: none|Image File: YorkFactory_USSS-412_M1958_1875-06-01_OBS-R.jpg
1875	06	06	21	00	0	6.64	|	orig=.196 inHg|Local time: 2100|QC flag: low value|Image File: YorkFactory_USSS-412_M1958_1875-06-01_OBS-R.jpg
1875	06	07	07	00	0	5.89	|	orig=.174 inHg|Local time: 0700|QC flag: low value|Image File: YorkFactory_USSS-412_M1958_1875-06-01_OBS-R.jpg
1875	06	07	14	00	0	7.01	|	orig=.207 inHg|Local time: 1400|QC flag: none|Image File: YorkFactory_USSS-412_M1958_1875-06-01_OBS-R.jpg
1875	06	07	21	00	0	6.94	|	orig=.205 inHg|Local time: 2100|QC flag: none|Image File: YorkFactory_USSS-412_M1958_1875-06-01_OBS-R.jpg
1875	06	08	07	00	0	6.67	|	orig=.197 inHg|Local time: 0700|QC flag: low value|Image File: YorkFactory_USSS-412_M1958_1875-06-01_OBS-R.jpg
1875	06	08	14	00	0	5.11	|	orig=.151 inHg|Local time: 1400|QC flag: low value|Image File: YorkFactory_USSS-412_M1958_1875-06-01_OBS-R.jpg
1875	06	08	21	00	0	5.25	|	orig=.155 inHg|Local time: 2100|QC flag: low value|Image File: YorkFactory_USSS-412_M1958_1875-06-01_OBS-R.jpg
1875	06	09	07	00	0	4.27	|	orig=.126 inHg|Local time: 0700|QC flag: low value|Image File: YorkFactory_USSS-412_M1958_1875-06-01_OBS-R.jpg
1875	06	09	14	00	0	6.33	|	orig=.187 inHg|Local time: 1400|QC flag: low value|Image File: YorkFactory_USSS-412_M1958_1875-06-01_OBS-R.jpg
1875	06	09	21	00	0	5.25	|	orig=.155 inHg|Local time: 2100|QC flag: low value|Image File: YorkFactory_USSS-412_M1958_1875-06-01_OBS-R.jpg
1875	06	10	07	00	0	6.03	|	orig=.178 inHg|Local time: 0700|QC flag: low value|Image File: YorkFactory_USSS-412_M1958_1875-06-01_OBS-R.jpg
1875	06	10	14	00	0	5.59	|	orig=.165 inHg|Local time: 1400|QC flag: low value|Image File: YorkFactory_USSS-412_M1958_1875-06-01_OBS-R.jpg
1875	06	10	21	00	0	4.94	|	orig=.146 inHg|Local time: 2100|QC flag: low value|Image File: YorkFactory_USSS-412_M1958_1875-06-01_OBS-R.jpg
1875	06	11	07	00	0	4.88	|	orig=.144 inHg|Local time: 0700|QC flag: low value|Image File: YorkFactory_USSS-412_M1958_1875-06-01_OBS-R.jpg
1875	06	11	14	00	0	5.05	|	orig=.149 inHg|Local time: 1400|QC flag: low value|Image File: YorkFactory_USSS-412_M1958_1875-06-01_OBS-R.jpg
1875	06	11	21	00	0	5.18	|	orig=.153 inHg|Local time: 2100|QC flag: low value|Image File: YorkFactory_USSS-412_M1958_1875-06-01_OBS-R.jpg
1875	06	12	07	00	0	6.98	|	orig=.206 inHg|Local time: 0700|QC flag: none|Image File: YorkFactory_USSS-412_M1958_1875-06-01_OBS-R.jpg
1875	06	12	14	00	0	7.99	|	orig=.236 inHg|Local time: 1400|QC flag: none|Image File: YorkFactory_USSS-412_M1958_1875-06-01_OBS-R.jpg
1875	06	12	21	00	0	6.87	|	orig=.203 inHg|Local time: 2100|QC flag: none|Image File: YorkFactory_USSS-412_M1958_1875-06-01_OBS-R.jpg
1875	06	13	07	00	0	8.30	|	orig=.245 inHg|Local time: 0700|QC flag: none|Image File: YorkFactory_USSS-412_M1958_1875-06-01_OBS-R.jpg
1875	06	13	14	00	0	10.43	|	orig=.308 inHg|Local time: 1400|QC flag: none|Image File: YorkFactory_USSS-412_M1958_1875-06-01_OBS-R.jpg
1875	06	13	21	00	0	10.90	|	orig=.322 inHg|Local time: 2100|QC flag: none|Image File: YorkFactory_USSS-412_M1958_1875-06-01_OBS-R.jpg
1875	06	14	07	00	0	11.31	|	orig=.334 inHg|Local time: 0700|QC flag: none|Image File: YorkFactory_USSS-412_M1958_1875-06-01_OBS-R.jpg
1875	06	14	14	00	0	9.55	|	orig=.282 inHg|Local time: 1400|QC flag: none|Image File: YorkFactory_USSS-412_M1958_1875-06-01_OBS-R.jpg
1875	06	14	21	00	0	7.62	|	orig=.225 inHg|Local time: 2100|QC flag: none|Image File: YorkFactory_USSS-412_M1958_1875-06-01_OBS-R.jpg
1875	06	15	07	00	0	7.62	|	orig=.225 inHg|Local time: 0700|QC flag: none|Image File: YorkFactory_USSS-412_M1958_1875-06-01_OBS-R.jpg
1875	06	15	14	00	0	7.72	|	orig=.228 inHg|Local time: 1400|QC flag: none|Image File: YorkFactory_USSS-412_M1958_1875-06-01_OBS-R.jpg
1875	06	15	21	00	0	6.64	|	orig=.196 inHg|Local time: 2100|QC flag: low value|Image File: YorkFactory_USSS-412_M1958_1875-06-01_OBS-R.jpg
1875	06	16	07	00	0	6.30	|	orig=.186 inHg|Local time: 0700|QC flag: low value|Image File: YorkFactory_USSS-412_M1958_1875-06-01_OBS-R.jpg
1875	06	16	14	00	0	8.43	|	orig=.249 inHg|Local time: 1400|QC flag: none|Image File: YorkFactory_USSS-412_M1958_1875-06-01_OBS-R.jpg
1875	06	16	21	00	0	7.62	|	orig=.225 inHg|Local time: 2100|QC flag: none|Image File: YorkFactory_USSS-412_M1958_1875-06-01_OBS-R.jpg
1875	06	17	07	00	0	9.55	|	orig=.282 inHg|Local time: 0700|QC flag: none|Image File: YorkFactory_USSS-412_M1958_1875-06-01_OBS-R.jpg
1875	06	17	14	00	0	8.87	|	orig=.262 inHg|Local time: 1400|QC flag: none|Image File: YorkFactory_USSS-412_M1958_1875-06-01_OBS-R.jpg
1875	06	17	21	00	0	6.20	|	orig=.183 inHg|Local time: 2100|QC flag: low value|Image File: YorkFactory_USSS-412_M1958_1875-06-01_OBS-R.jpg
1875	06	18	07	00	0	7.18	|	orig=.212 inHg|Local time: 0700|QC flag: none|Image File: YorkFactory_USSS-412_M1958_1875-06-01_OBS-R.jpg
1875	06	18	14	00	0	11.31	|	orig=.334 inHg|Local time: 1400|QC flag: none|Image File: YorkFactory_USSS-412_M1958_1875-06-01_OBS-R.jpg
1875	06	18	21	00	0	11.51	|	orig=.340 inHg|Local time: 2100|QC flag: none|Image File: YorkFactory_USSS-412_M1958_1875-06-01_OBS-R.jpg
1875	06	19	07	00	0	11.28	|	orig=.333 inHg|Local time: 0700|QC flag: none|Image File: YorkFactory_USSS-412_M1958_1875-06-01_OBS-R.jpg
1875	06	19	14	00	0	12.83	|	orig=.379 inHg|Local time: 1400|QC flag: none|Image File: YorkFactory_USSS-412_M1958_1875-06-01_OBS-R.jpg
1875	06	19	21	00	0	16.56	|	orig=.489 inHg|Local time: 2100|QC flag: none|Image File: YorkFactory_USSS-412_M1958_1875-06-01_OBS-R.jpg
1875	06	20	07	00	0	13.17	|	orig=.389 inHg|Local time: 0700|QC flag: none|Image File: YorkFactory_USSS-412_M1958_1875-06-01_OBS-R.jpg
1875	06	20	14	00	0	7.08	|	orig=.209 inHg|Local time: 1400|QC flag: none|Image File: YorkFactory_USSS-412_M1958_1875-06-01_OBS-R.jpg
1875	06	20	21	00	0	6.64	|	orig=.196 inHg|Local time: 2100|QC flag: low value|Image File: YorkFactory_USSS-412_M1958_1875-06-01_OBS-R.jpg
1875	06	21	07	00	0	6.47	|	orig=.191 inHg|Local time: 0700|QC flag: low value|Image File: YorkFactory_USSS-412_M1958_1875-06-01_OBS-R.jpg
1875	06	21	14	00	0	7.86	|	orig=.232 inHg|Local time: 1400|QC flag: none|Image File: YorkFactory_USSS-412_M1958_1875-06-01_OBS-R.jpg
1875	06	21	21	00	0	7.08	|	orig=.209 inHg|Local time: 2100|QC flag: none|Image File: YorkFactory_USSS-412_M1958_1875-06-01_OBS-R.jpg
1875	06	22	07	00	0	6.74	|	orig=.199 inHg|Local time: 0700|QC flag: low value|Image File: YorkFactory_USSS-412_M1958_1875-06-01_OBS-R.jpg
1875	06	22	14	00	0	7.28	|	orig=.215 inHg|Local time: 1400|QC flag: none|Image File: YorkFactory_USSS-412_M1958_1875-06-01_OBS-R.jpg
1875	06	22	21	00	0	6.57	|	orig=.194 inHg|Local time: 2100|QC flag: low value|Image File: YorkFactory_USSS-412_M1958_1875-06-01_OBS-R.jpg
1875	06	23	07	00	0	9.75	|	orig=.288 inHg|Local time: 0700|QC flag: none|Image File: YorkFactory_USSS-412_M1958_1875-06-01_OBS-R.jpg
1875	06	23	14	00	0	10.13	|	orig=.299 inHg|Local time: 1400|QC flag: none|Image File: YorkFactory_USSS-412_M1958_1875-06-01_OBS-R.jpg
1875	06	23	21	00	0	10.46	|	orig=.309 inHg|Local time: 2100|QC flag: none|Image File: YorkFactory_USSS-412_M1958_1875-06-01_OBS-R.jpg
1875	06	24	07	00	0	8.60	|	orig=.254 inHg|Local time: 0700|QC flag: none|Image File: YorkFactory_USSS-412_M1958_1875-06-01_OBS-R.jpg
1875	06	24	14	00	0	9.18	|	orig=.271 inHg|Local time: 1400|QC flag: none|Image File: YorkFactory_USSS-412_M1958_1875-06-01_OBS-R.jpg
1875	06	24	21	00	0	10.29	|	orig=.304 inHg|Local time: 2100|QC flag: none|Image File: YorkFactory_USSS-412_M1958_1875-06-01_OBS-R.jpg
1875	06	25	07	00	0	7.45	|	orig=.220 inHg|Local time: 0700|QC flag: none|Image File: YorkFactory_USSS-412_M1958_1875-06-01_OBS-R.jpg
1875	06	25	14	00	0	6.91	|	orig=.204 inHg|Local time: 1400|QC flag: none|Image File: YorkFactory_USSS-412_M1958_1875-06-01_OBS-R.jpg
1875	06	25	21	00	0	6.47	|	orig=.191 inHg|Local time: 2100|QC flag: low value|Image File: YorkFactory_USSS-412_M1958_1875-06-01_OBS-R.jpg
1875	06	26	07	00	0	6.50	|	orig=.192 inHg|Local time: 0700|QC flag: low value|Image File: YorkFactory_USSS-412_M1958_1875-06-01_OBS-R.jpg
1875	06	26	14	00	0	8.33	|	orig=.246 inHg|Local time: 1400|QC flag: none|Image File: YorkFactory_USSS-412_M1958_1875-06-01_OBS-R.jpg
1875	06	26	21	00	0	7.92	|	orig=.234 inHg|Local time: 2100|QC flag: none|Image File: YorkFactory_USSS-412_M1958_1875-06-01_OBS-R.jpg
1875	06	27	07	00	0	7.25	|	orig=.214 inHg|Local time: 0700|QC flag: none|Image File: YorkFactory_USSS-412_M1958_1875-06-01_OBS-R.jpg
1875	06	27	14	00	0	7.28	|	orig=.215 inHg|Local time: 1400|QC flag: none|Image File: YorkFactory_USSS-412_M1958_1875-06-01_OBS-R.jpg
1875	06	27	21	00	0	9.75	|	orig=.288 inHg|Local time: 2100|QC flag: none|Image File: YorkFactory_USSS-412_M1958_1875-06-01_OBS-R.jpg
1875	06	28	07	00	0	8.87	|	orig=.262 inHg|Local time: 0700|QC flag: none|Image File: YorkFactory_USSS-412_M1958_1875-06-01_OBS-R.jpg
1875	06	28	14	00	0	8.57	|	orig=.253 inHg|Local time: 1400|QC flag: none|Image File: YorkFactory_USSS-412_M1958_1875-06-01_OBS-R.jpg
1875	06	28	21	00	0	9.55	|	orig=.282 inHg|Local time: 2100|QC flag: none|Image File: YorkFactory_USSS-412_M1958_1875-06-01_OBS-R.jpg
1875	06	29	07	00	0	8.97	|	orig=.265 inHg|Local time: 0700|QC flag: none|Image File: YorkFactory_USSS-412_M1958_1875-06-01_OBS-R.jpg
1875	06	29	14	00	0	8.30	|	orig=.245 inHg|Local time: 1400|QC flag: none|Image File: YorkFactory_USSS-412_M1958_1875-06-01_OBS-R.jpg
1875	06	29	21	00	0	7.08	|	orig=.209 inHg|Local time: 2100|QC flag: none|Image File: YorkFactory_USSS-412_M1958_1875-06-01_OBS-R.jpg
1875	06	30	07	00	0	8.36	|	orig=.247 inHg|Local time: 0700|QC flag: none|Image File: YorkFactory_USSS-412_M1958_1875-06-01_OBS-R.jpg
1875	06	30	14	00	0	7.86	|	orig=.232 inHg|Local time: 1400|QC flag: none|Image File: YorkFactory_USSS-412_M1958_1875-06-01_OBS-R.jpg
1875	06	30	21	00	0	9.55	|	orig=.282 inHg|Local time: 2100|QC flag: none|Image File: YorkFactory_USSS-412_M1958_1875-06-01_OBS-R.jpg
1875	07	01	07	00	0	12.50	|	orig=.369 inHg|Local time: 0700|QC flag: none|Image File: YorkFactory_USSS-412_M1958_1875-07-01_OBS-R.jpg
1875	07	01	14	00	0	15.00	|	orig=.443 inHg|Local time: 1400|QC flag: none|Image File: YorkFactory_USSS-412_M1958_1875-07-01_OBS-R.jpg
1875	07	01	21	00	0	13.17	|	orig=.389 inHg|Local time: 2100|QC flag: none|Image File: YorkFactory_USSS-412_M1958_1875-07-01_OBS-R.jpg
1875	07	02	07	00	0	12.53	|	orig=.370 inHg|Local time: 0700|QC flag: none|Image File: YorkFactory_USSS-412_M1958_1875-07-01_OBS-R.jpg
1875	07	02	14	00	0	17.30	|	orig=.511 inHg|Local time: 1400|QC flag: none|Image File: YorkFactory_USSS-412_M1958_1875-07-01_OBS-R.jpg
1875	07	02	21	00	0	14.36	|	orig=.424 inHg|Local time: 2100|QC flag: none|Image File: YorkFactory_USSS-412_M1958_1875-07-01_OBS-R.jpg
1875	07	03	07	00	0	9.21	|	orig=.272 inHg|Local time: 0700|QC flag: none|Image File: YorkFactory_USSS-412_M1958_1875-07-01_OBS-R.jpg
1875	07	03	14	00	0	8.33	|	orig=.246 inHg|Local time: 1400|QC flag: none|Image File: YorkFactory_USSS-412_M1958_1875-07-01_OBS-R.jpg
1875	07	03	21	00	0	7.99	|	orig=.236 inHg|Local time: 2100|QC flag: none|Image File: YorkFactory_USSS-412_M1958_1875-07-01_OBS-R.jpg
1875	07	04	07	00	0	7.72	|	orig=.228 inHg|Local time: 0700|QC flag: none|Image File: YorkFactory_USSS-412_M1958_1875-07-01_OBS-R.jpg
1875	07	04	14	00	0	9.52	|	orig=.281 inHg|Local time: 1400|QC flag: none|Image File: YorkFactory_USSS-412_M1958_1875-07-01_OBS-R.jpg
1875	07	04	21	00	0	11.31	|	orig=.334 inHg|Local time: 2100|QC flag: none|Image File: YorkFactory_USSS-412_M1958_1875-07-01_OBS-R.jpg
1875	07	05	07	00	0	10.36	|	orig=.306 inHg|Local time: 0700|QC flag: none|Image File: YorkFactory_USSS-412_M1958_1875-07-01_OBS-R.jpg
1875	07	05	14	00	0	9.35	|	orig=.276 inHg|Local time: 1400|QC flag: none|Image File: YorkFactory_USSS-412_M1958_1875-07-01_OBS-R.jpg
1875	07	05	21	00	0	9.18	|	orig=.271 inHg|Local time: 2100|QC flag: none|Image File: YorkFactory_USSS-412_M1958_1875-07-01_OBS-R.jpg
1875	07	06	07	00	0	10.67	|	orig=0.315 inHg|Local time: 0700|QC flag: none|Image File: YorkFactory_USSS-412_M1958_1875-07-01_OBS-R.jpg
1875	07	06	14	00	0	11.58	|	orig=.342 inHg|Local time: 1400|QC flag: none|Image File: YorkFactory_USSS-412_M1958_1875-07-01_OBS-R.jpg
1875	07	06	21	00	0	10.16	|	orig=.300 inHg|Local time: 2100|QC flag: none|Image File: YorkFactory_USSS-412_M1958_1875-07-01_OBS-R.jpg
1875	07	07	07	00	0	13.65	|	orig=.403 inHg|Local time: 0700|QC flag: none|Image File: YorkFactory_USSS-412_M1958_1875-07-01_OBS-R.jpg
1875	07	07	14	00	0	14.39	|	orig=.425 inHg|Local time: 1400|QC flag: none|Image File: YorkFactory_USSS-412_M1958_1875-07-01_OBS-R.jpg
1875	07	07	21	00	0	16.73	|	orig=.494 inHg|Local time: 2100|QC flag: none|Image File: YorkFactory_USSS-412_M1958_1875-07-01_OBS-R.jpg
1875	07	08	07	00	0	10.06	|	orig=.297 inHg|Local time: 0700|QC flag: none|Image File: YorkFactory_USSS-412_M1958_1875-07-01_OBS-R.jpg
1875	07	08	14	00	0	9.55	|	orig=.282 inHg|Local time: 1400|QC flag: none|Image File: YorkFactory_USSS-412_M1958_1875-07-01_OBS-R.jpg
1875	07	08	21	00	0	10.43	|	orig=.308 inHg|Local time: 2100|QC flag: none|Image File: YorkFactory_USSS-412_M1958_1875-07-01_OBS-R.jpg
1875	07	09	07	00	0	13.68	|	orig=.404 inHg|Local time: 0700|QC flag: none|Image File: YorkFactory_USSS-412_M1958_1875-07-01_OBS-R.jpg
1875	07	09	14	00	0	9.18	|	orig=.271 inHg|Local time: 1400|QC flag: none|Image File: YorkFactory_USSS-412_M1958_1875-07-01_OBS-R.jpg
1875	07	09	21	00	0	7.62	|	orig=.225 inHg|Local time: 2100|QC flag: none|Image File: YorkFactory_USSS-412_M1958_1875-07-01_OBS-R.jpg
1875	07	10	07	00	0	8.94	|	orig=.264 inHg|Local time: 0700|QC flag: none|Image File: YorkFactory_USSS-412_M1958_1875-07-01_OBS-R.jpg
1875	07	10	14	00	0	12.80	|	orig=.378 inHg|Local time: 1400|QC flag: none|Image File: YorkFactory_USSS-412_M1958_1875-07-01_OBS-R.jpg
1875	07	10	21	00	0	8.67	|	orig=.256 inHg|Local time: 2100|QC flag: none|Image File: YorkFactory_USSS-412_M1958_1875-07-01_OBS-R.jpg
1875	07	11	07	00	0	10.26	|	orig=.303 inHg|Local time: 0700|QC flag: none|Image File: YorkFactory_USSS-412_M1958_1875-07-01_OBS-R.jpg
1875	07	11	14	00	0	9.55	|	orig=.282 inHg|Local time: 1400|QC flag: none|Image File: YorkFactory_USSS-412_M1958_1875-07-01_OBS-R.jpg
1875	07	11	21	00	0	10.06	|	orig=.297 inHg|Local time: 2100|QC flag: none|Image File: YorkFactory_USSS-412_M1958_1875-07-01_OBS-R.jpg
1875	07	12	07	00	0	12.12	|	orig=.358 inHg|Local time: 0700|QC flag: none|Image File: YorkFactory_USSS-412_M1958_1875-07-01_OBS-R.jpg
1875	07	12	14	00	0	11.31	|	orig=.334 inHg|Local time: 1400|QC flag: none|Image File: YorkFactory_USSS-412_M1958_1875-07-01_OBS-R.jpg
1875	07	12	21	00	0	9.21	|	orig=.272 inHg|Local time: 2100|QC flag: none|Image File: YorkFactory_USSS-412_M1958_1875-07-01_OBS-R.jpg
1875	07	13	07	00	0	7.59	|	orig=.224 inHg|Local time: 0700|QC flag: none|Image File: YorkFactory_USSS-412_M1958_1875-07-01_OBS-R.jpg
1875	07	13	14	00	0	9.11	|	orig=.269 inHg|Local time: 1400|QC flag: none|Image File: YorkFactory_USSS-412_M1958_1875-07-01_OBS-R.jpg
1875	07	13	21	00	0	9.18	|	orig=.271 inHg|Local time: 2100|QC flag: none|Image File: YorkFactory_USSS-412_M1958_1875-07-01_OBS-R.jpg
1875	07	14	07	00	0	7.86	|	orig=.232 inHg|Local time: 0700|QC flag: none|Image File: YorkFactory_USSS-412_M1958_1875-07-01_OBS-R.jpg
1875	07	14	14	00	0	7.55	|	orig=.223 inHg|Local time: 1400|QC flag: none|Image File: YorkFactory_USSS-412_M1958_1875-07-01_OBS-R.jpg
1875	07	14	21	00	0	8.36	|	orig=.247 inHg|Local time: 2100|QC flag: none|Image File: YorkFactory_USSS-412_M1958_1875-07-01_OBS-R.jpg
1875	07	15	07	00	0	7.28	|	orig=.215 inHg|Local time: 0700|QC flag: none|Image File: YorkFactory_USSS-412_M1958_1875-07-01_OBS-R.jpg
1875	07	15	14	00	0	7.45	|	orig=.220 inHg|Local time: 1400|QC flag: none|Image File: YorkFactory_USSS-412_M1958_1875-07-01_OBS-R.jpg
1875	07	15	21	00	0	6.23	|	orig=.184 inHg|Local time: 2100|QC flag: low value|Image File: YorkFactory_USSS-412_M1958_1875-07-01_OBS-R.jpg
1875	07	16	07	00	0	6.60	|	orig=.195 inHg|Local time: 0700|QC flag: low value|Image File: YorkFactory_USSS-412_M1958_1875-07-01_OBS-R.jpg
1875	07	16	14	00	0	8.30	|	orig=.245 inHg|Local time: 1400|QC flag: none|Image File: YorkFactory_USSS-412_M1958_1875-07-01_OBS-R.jpg
1875	07	16	21	00	0	7.45	|	orig=.220 inHg|Local time: 2100|QC flag: none|Image File: YorkFactory_USSS-412_M1958_1875-07-01_OBS-R.jpg
1875	07	17	07	00	0	7.82	|	orig=.231 inHg|Local time: 0700|QC flag: none|Image File: YorkFactory_USSS-412_M1958_1875-07-01_OBS-R.jpg
1875	07	17	14	00	0	7.31	|	orig=.216 inHg|Local time: 1400|QC flag: none|Image File: YorkFactory_USSS-412_M1958_1875-07-01_OBS-R.jpg
1875	07	17	21	00	0	9.55	|	orig=.282 inHg|Local time: 2100|QC flag: none|Image File: YorkFactory_USSS-412_M1958_1875-07-01_OBS-R.jpg
1875	07	18	07	00	0	9.58	|	orig=.283 inHg|Local time: 0700|QC flag: none|Image File: YorkFactory_USSS-412_M1958_1875-07-01_OBS-R.jpg
1875	07	18	14	00	0	13.17	|	orig=.389 inHg|Local time: 1400|QC flag: none|Image File: YorkFactory_USSS-412_M1958_1875-07-01_OBS-R.jpg
1875	07	18	21	00	0	11.75	|	orig=.347 inHg|Local time: 2100|QC flag: none|Image File: YorkFactory_USSS-412_M1958_1875-07-01_OBS-R.jpg
1875	07	19	07	00	0	12.90	|	orig=.381 inHg|Local time: 0700|QC flag: none|Image File: YorkFactory_USSS-412_M1958_1875-07-01_OBS-R.jpg
1875	07	19	14	00	0	10.94	|	orig=.323 inHg|Local time: 1400|QC flag: none|Image File: YorkFactory_USSS-412_M1958_1875-07-01_OBS-R.jpg
1875	07	19	21	00	0	15.04	|	orig=.444 inHg|Local time: 2100|QC flag: none|Image File: YorkFactory_USSS-412_M1958_1875-07-01_OBS-R.jpg
1875	07	20	07	00	0	15.88	|	orig=.469 inHg|Local time: 0700|QC flag: none|Image File: YorkFactory_USSS-412_M1958_1875-07-01_OBS-R.jpg
1875	07	20	14	00	0	13.41	|	orig=.396 inHg|Local time: 1400|QC flag: none|Image File: YorkFactory_USSS-412_M1958_1875-07-01_OBS-R.jpg
1875	07	20	21	00	0	15.14	|	orig=.447 inHg|Local time: 2100|QC flag: none|Image File: YorkFactory_USSS-412_M1958_1875-07-01_OBS-R.jpg
1875	07	21	07	00	0	11.58	|	orig=.342 inHg|Local time: 0700|QC flag: none|Image File: YorkFactory_USSS-412_M1958_1875-07-01_OBS-R.jpg
1875	07	21	14	00	0	10.02	|	orig=.296 inHg|Local time: 1400|QC flag: none|Image File: YorkFactory_USSS-412_M1958_1875-07-01_OBS-R.jpg
1875	07	21	21	00	0	8.64	|	orig=.255 inHg|Local time: 2100|QC flag: none|Image File: YorkFactory_USSS-412_M1958_1875-07-01_OBS-R.jpg
1875	07	22	07	00	0	9.24	|	orig=.273 inHg|Local time: 0700|QC flag: none|Image File: YorkFactory_USSS-412_M1958_1875-07-01_OBS-R.jpg
1875	07	22	14	00	0	9.41	|	orig=.278 inHg|Local time: 1400|QC flag: none|Image File: YorkFactory_USSS-412_M1958_1875-07-01_OBS-R.jpg
1875	07	22	21	00	0	9.04	|	orig=.267 inHg|Local time: 2100|QC flag: none|Image File: YorkFactory_USSS-412_M1958_1875-07-01_OBS-R.jpg
1875	07	23	07	00	0	9.92	|	orig=.293 inHg|Local time: 0700|QC flag: none|Image File: YorkFactory_USSS-412_M1958_1875-07-01_OBS-R.jpg
1875	07	23	14	00	0	8.20	|	orig=.242 inHg|Local time: 1400|QC flag: none|Image File: YorkFactory_USSS-412_M1958_1875-07-01_OBS-R.jpg
1875	07	23	21	00	0	9.41	|	orig=.278 inHg|Local time: 2100|QC flag: none|Image File: YorkFactory_USSS-412_M1958_1875-07-01_OBS-R.jpg
1875	07	24	07	00	0	11.11	|	orig=.328 inHg|Local time: 0700|QC flag: none|Image File: YorkFactory_USSS-412_M1958_1875-07-01_OBS-R.jpg
1875	07	24	14	00	0	9.75	|	orig=.288 inHg|Local time: 1400|QC flag: none|Image File: YorkFactory_USSS-412_M1958_1875-07-01_OBS-R.jpg
1875	07	24	21	00	0	7.45	|	orig=.220 inHg|Local time: 2100|QC flag: none|Image File: YorkFactory_USSS-412_M1958_1875-07-01_OBS-R.jpg
1875	07	25	07	00	0	7.99	|	orig=.236 inHg|Local time: 0700|QC flag: none|Image File: YorkFactory_USSS-412_M1958_1875-07-01_OBS-R.jpg
1875	07	25	14	00	0	9.99	|	orig=.295 inHg|Local time: 1400|QC flag: none|Image File: YorkFactory_USSS-412_M1958_1875-07-01_OBS-R.jpg
1875	07	25	21	00	0	10.90	|	orig=.322 inHg|Local time: 2100|QC flag: none|Image File: YorkFactory_USSS-412_M1958_1875-07-01_OBS-R.jpg
1875	07	26	07	00	0	10.87	|	orig=.321 inHg|Local time: 0700|QC flag: none|Image File: YorkFactory_USSS-412_M1958_1875-07-01_OBS-R.jpg
1875	07	26	14	00	0	17.03	|	orig=.503 inHg|Local time: 1400|QC flag: none|Image File: YorkFactory_USSS-412_M1958_1875-07-01_OBS-R.jpg
1875	07	26	21	00	0	9.41	|	orig=.278 inHg|Local time: 2100|QC flag: none|Image File: YorkFactory_USSS-412_M1958_1875-07-01_OBS-R.jpg
1875	07	27	07	00	0	8.36	|	orig=.247 inHg|Local time: 0700|QC flag: none|Image File: YorkFactory_USSS-412_M1958_1875-07-01_OBS-R.jpg
1875	07	27	14	00	0	9.58	|	orig=.283 inHg|Local time: 1400|QC flag: none|Image File: YorkFactory_USSS-412_M1958_1875-07-01_OBS-R.jpg
1875	07	27	21	00	0	11.14	|	orig=.329 inHg|Local time: 2100|QC flag: none|Image File: YorkFactory_USSS-412_M1958_1875-07-01_OBS-R.jpg
1875	07	28	07	00	0	10.50	|	orig=.310 inHg|Local time: 0700|QC flag: none|Image File: YorkFactory_USSS-412_M1958_1875-07-01_OBS-R.jpg
1875	07	28	14	00	0	9.75	|	orig=.288 inHg|Local time: 1400|QC flag: none|Image File: YorkFactory_USSS-412_M1958_1875-07-01_OBS-R.jpg
1875	07	28	21	00	0	8.40	|	orig=.248 inHg|Local time: 2100|QC flag: none|Image File: YorkFactory_USSS-412_M1958_1875-07-01_OBS-R.jpg
1875	07	29	07	00	0	8.80	|	orig=.260 inHg|Local time: 0700|QC flag: none|Image File: YorkFactory_USSS-412_M1958_1875-07-01_OBS-R.jpg
1875	07	29	14	00	0	9.62	|	orig=.284 inHg|Local time: 1400|QC flag: none|Image File: YorkFactory_USSS-412_M1958_1875-07-01_OBS-R.jpg
1875	07	29	21	00	0	7.96	|	orig=.235 inHg|Local time: 2100|QC flag: none|Image File: YorkFactory_USSS-412_M1958_1875-07-01_OBS-R.jpg
1875	07	30	07	00	0	12.02	|	orig=.355 inHg|Local time: 0700|QC flag: none|Image File: YorkFactory_USSS-412_M1958_1875-07-01_OBS-R.jpg
1875	07	30	14	00	0	8.20	|	orig=.242 inHg|Local time: 1400|QC flag: none|Image File: YorkFactory_USSS-412_M1958_1875-07-01_OBS-R.jpg
1875	07	30	21	00	0	8.43	|	orig=.249 inHg|Local time: 2100|QC flag: none|Image File: YorkFactory_USSS-412_M1958_1875-07-01_OBS-R.jpg
1875	07	31	07	00	0	11.24	|	orig=.332 inHg|Local time: 0700|QC flag: none|Image File: YorkFactory_USSS-412_M1958_1875-07-01_OBS-R.jpg
1875	07	31	14	00	0	13.55	|	orig=.400 inHg|Local time: 1400|QC flag: none|Image File: YorkFactory_USSS-412_M1958_1875-07-01_OBS-R.jpg
1875	07	31	21	00	0	10.50	|	orig=.310 inHg|Local time: 2100|QC flag: none|Image File: YorkFactory_USSS-412_M1958_1875-07-01_OBS-R.jpg
1875	08	01	07	00	0	15.14	|	orig=447 inHg|Local time: 0700|QC flag: none|Image File: YorkFactory_USSS-412_M1958_1875-08-01_OBS-R.jpg
1875	08	01	14	00	0	14.83	|	orig=438 inHg|Local time: 1400|QC flag: none|Image File: YorkFactory_USSS-412_M1958_1875-08-01_OBS-R.jpg
1875	08	01	21	00	0	14.32	|	orig=423 inHg|Local time: 2100|QC flag: none|Image File: YorkFactory_USSS-412_M1958_1875-08-01_OBS-R.jpg
1875	08	02	07	00	0	15.88	|	orig=469 inHg|Local time: 0700|QC flag: none|Image File: YorkFactory_USSS-412_M1958_1875-08-01_OBS-R.jpg
1875	08	02	14	00	0	16.36	|	orig=483 inHg|Local time: 1400|QC flag: none|Image File: YorkFactory_USSS-412_M1958_1875-08-01_OBS-R.jpg
1875	08	02	21	00	0	15.44	|	orig=456 inHg|Local time: 2100|QC flag: none|Image File: YorkFactory_USSS-412_M1958_1875-08-01_OBS-R.jpg
1875	08	03	07	00	0	12.67	|	orig=374 inHg|Local time: 0700|QC flag: none|Image File: YorkFactory_USSS-412_M1958_1875-08-01_OBS-R.jpg
1875	08	03	14	00	0	13.65	|	orig=403 inHg|Local time: 1400|QC flag: none|Image File: YorkFactory_USSS-412_M1958_1875-08-01_OBS-R.jpg
1875	08	03	21	00	0	13.17	|	orig=389 inHg|Local time: 2100|QC flag: none|Image File: YorkFactory_USSS-412_M1958_1875-08-01_OBS-R.jpg
1875	08	04	07	00	0	13.41	|	orig=396 inHg|Local time: 0700|QC flag: none|Image File: YorkFactory_USSS-412_M1958_1875-08-01_OBS-R.jpg
1875	08	04	14	00	0	16.12	|	orig=476 inHg|Local time: 1400|QC flag: none|Image File: YorkFactory_USSS-412_M1958_1875-08-01_OBS-R.jpg
1875	08	04	21	00	0	14.36	|	orig=424 inHg|Local time: 2100|QC flag: none|Image File: YorkFactory_USSS-412_M1958_1875-08-01_OBS-R.jpg
1875	08	05	07	00	0	14.53	|	orig=429 inHg|Local time: 0700|QC flag: none|Image File: YorkFactory_USSS-412_M1958_1875-08-01_OBS-R.jpg
1875	08	05	14	00	0	16.32	|	orig=482 inHg|Local time: 1400|QC flag: none|Image File: YorkFactory_USSS-412_M1958_1875-08-01_OBS-R.jpg
1875	08	05	21	00	0	9.11	|	orig=269 inHg|Local time: 2100|QC flag: none|Image File: YorkFactory_USSS-412_M1958_1875-08-01_OBS-R.jpg
1875	08	06	07	00	0	10.90	|	orig=322 inHg|Local time: 0700|QC flag: none|Image File: YorkFactory_USSS-412_M1958_1875-08-01_OBS-R.jpg
1875	08	06	14	00	0	13.24	|	orig=391 inHg|Local time: 1400|QC flag: none|Image File: YorkFactory_USSS-412_M1958_1875-08-01_OBS-R.jpg
1875	08	06	21	00	0	12.29	|	orig=363 inHg|Local time: 2100|QC flag: none|Image File: YorkFactory_USSS-412_M1958_1875-08-01_OBS-R.jpg
1875	08	07	07	00	0	9.96	|	orig=294 inHg|Local time: 0700|QC flag: none|Image File: YorkFactory_USSS-412_M1958_1875-08-01_OBS-R.jpg
1875	08	07	14	00	0	13.85	|	orig=409 inHg|Local time: 1400|QC flag: none|Image File: YorkFactory_USSS-412_M1958_1875-08-01_OBS-R.jpg
1875	08	07	21	00	0	14.19	|	orig=419 inHg|Local time: 2100|QC flag: none|Image File: YorkFactory_USSS-412_M1958_1875-08-01_OBS-R.jpg
1875	08	08	07	00	0	11.11	|	orig=328 inHg|Local time: 0700|QC flag: none|Image File: YorkFactory_USSS-412_M1958_1875-08-01_OBS-R.jpg
1875	08	08	14	00	0	13.75	|	orig=406 inHg|Local time: 1400|QC flag: none|Image File: YorkFactory_USSS-412_M1958_1875-08-01_OBS-R.jpg
1875	08	08	21	00	0	11.82	|	orig=349 inHg|Local time: 2100|QC flag: none|Image File: YorkFactory_USSS-412_M1958_1875-08-01_OBS-R.jpg
1875	08	09	07	00	0	9.58	|	orig=283 inHg|Local time: 0700|QC flag: none|Image File: YorkFactory_USSS-412_M1958_1875-08-01_OBS-R.jpg
1875	08	09	14	00	0	13.00	|	orig=384 inHg|Local time: 1400|QC flag: none|Image File: YorkFactory_USSS-412_M1958_1875-08-01_OBS-R.jpg
1875	08	09	21	00	0	11.99	|	orig=354 inHg|Local time: 2100|QC flag: none|Image File: YorkFactory_USSS-412_M1958_1875-08-01_OBS-R.jpg
1875	08	10	07	00	0	11.11	|	orig=328 inHg|Local time: 0700|QC flag: none|Image File: YorkFactory_USSS-412_M1958_1875-08-01_OBS-R.jpg
1875	08	10	14	00	0	11.82	|	orig=349 inHg|Local time: 1400|QC flag: none|Image File: YorkFactory_USSS-412_M1958_1875-08-01_OBS-R.jpg
1875	08	10	21	00	0	10.13	|	orig=299 inHg|Local time: 2100|QC flag: none|Image File: YorkFactory_USSS-412_M1958_1875-08-01_OBS-R.jpg
1875	08	11	07	00	0	11.78	|	orig=348 inHg|Local time: 0700|QC flag: none|Image File: YorkFactory_USSS-412_M1958_1875-08-01_OBS-R.jpg
1875	08	11	14	00	0	12.26	|	orig=362 inHg|Local time: 1400|QC flag: none|Image File: YorkFactory_USSS-412_M1958_1875-08-01_OBS-R.jpg
1875	08	11	21	00	0	11.75	|	orig=347 inHg|Local time: 2100|QC flag: none|Image File: YorkFactory_USSS-412_M1958_1875-08-01_OBS-R.jpg
1875	08	12	07	00	0	11.14	|	orig=329 inHg|Local time: 0700|QC flag: none|Image File: YorkFactory_USSS-412_M1958_1875-08-01_OBS-R.jpg
1875	08	12	14	00	0	12.02	|	orig=355 inHg|Local time: 1400|QC flag: none|Image File: YorkFactory_USSS-412_M1958_1875-08-01_OBS-R.jpg
1875	08	12	21	00	0	10.70	|	orig=316 inHg|Local time: 2100|QC flag: none|Image File: YorkFactory_USSS-412_M1958_1875-08-01_OBS-R.jpg
1875	08	13	07	00	0	10.46	|	orig=309 inHg|Local time: 0700|QC flag: none|Image File: YorkFactory_USSS-412_M1958_1875-08-01_OBS-R.jpg
1875	08	13	14	00	0	9.82	|	orig=290 inHg|Local time: 1400|QC flag: none|Image File: YorkFactory_USSS-412_M1958_1875-08-01_OBS-R.jpg
1875	08	13	21	00	0	10.53	|	orig=311 inHg|Local time: 2100|QC flag: none|Image File: YorkFactory_USSS-412_M1958_1875-08-01_OBS-R.jpg
1875	08	14	07	00	0	10.06	|	orig=297 inHg|Local time: 0700|QC flag: none|Image File: YorkFactory_USSS-412_M1958_1875-08-01_OBS-R.jpg
1875	08	14	14	00	0	10.46	|	orig=309 inHg|Local time: 1400|QC flag: none|Image File: YorkFactory_USSS-412_M1958_1875-08-01_OBS-R.jpg
1875	08	14	21	00	0	16.09	|	orig=475 inHg|Local time: 2100|QC flag: none|Image File: YorkFactory_USSS-412_M1958_1875-08-01_OBS-R.jpg
1875	08	15	07	00	0	9.85	|	orig=291 inHg|Local time: 0700|QC flag: none|Image File: YorkFactory_USSS-412_M1958_1875-08-01_OBS-R.jpg
1875	08	15	14	00	0	10.02	|	orig=296 inHg|Local time: 1400|QC flag: none|Image File: YorkFactory_USSS-412_M1958_1875-08-01_OBS-R.jpg
1875	08	15	21	00	0	9.62	|	orig=284 inHg|Local time: 2100|QC flag: none|Image File: YorkFactory_USSS-412_M1958_1875-08-01_OBS-R.jpg
1875	08	16	07	00	0	11.55	|	orig=341 inHg|Local time: 0700|QC flag: none|Image File: YorkFactory_USSS-412_M1958_1875-08-01_OBS-R.jpg
1875	08	16	14	00	0	10.94	|	orig=323 inHg|Local time: 1400|QC flag: none|Image File: YorkFactory_USSS-412_M1958_1875-08-01_OBS-R.jpg
1875	08	16	21	00	0	10.33	|	orig=305 inHg|Local time: 2100|QC flag: none|Image File: YorkFactory_USSS-412_M1958_1875-08-01_OBS-R.jpg
1875	08	17	07	00	0	12.22	|	orig=361 inHg|Local time: 0700|QC flag: none|Image File: YorkFactory_USSS-412_M1958_1875-08-01_OBS-R.jpg
1875	08	17	14	00	0	12.06	|	orig=356 inHg|Local time: 1400|QC flag: none|Image File: YorkFactory_USSS-412_M1958_1875-08-01_OBS-R.jpg
1875	08	17	21	00	0	8.97	|	orig=265 inHg|Local time: 2100|QC flag: none|Image File: YorkFactory_USSS-412_M1958_1875-08-01_OBS-R.jpg
1875	08	18	07	00	0	12.87	|	orig=380 inHg|Local time: 0700|QC flag: none|Image File: YorkFactory_USSS-412_M1958_1875-08-01_OBS-R.jpg
1875	08	18	14	00	0	13.24	|	orig=391 inHg|Local time: 1400|QC flag: none|Image File: YorkFactory_USSS-412_M1958_1875-08-01_OBS-R.jpg
1875	08	18	21	00	0	12.22	|	orig=361 inHg|Local time: 2100|QC flag: none|Image File: YorkFactory_USSS-412_M1958_1875-08-01_OBS-R.jpg
1875	08	19	07	00	0	10.46	|	orig=309 inHg|Local time: 0700|QC flag: none|Image File: YorkFactory_USSS-412_M1958_1875-08-01_OBS-R.jpg
1875	08	19	14	00	0	12.67	|	orig=374 inHg|Local time: 1400|QC flag: none|Image File: YorkFactory_USSS-412_M1958_1875-08-01_OBS-R.jpg
1875	08	19	21	00	0	7.45	|	orig=220 inHg|Local time: 2100|QC flag: none|Image File: YorkFactory_USSS-412_M1958_1875-08-01_OBS-R.jpg
1875	08	20	07	00	0	10.26	|	orig=303 inHg|Local time: 0700|QC flag: none|Image File: YorkFactory_USSS-412_M1958_1875-08-01_OBS-R.jpg
1875	08	20	14	00	0	9.18	|	orig=271 inHg|Local time: 1400|QC flag: none|Image File: YorkFactory_USSS-412_M1958_1875-08-01_OBS-R.jpg
1875	08	20	21	00	0	7.62	|	orig=225 inHg|Local time: 2100|QC flag: none|Image File: YorkFactory_USSS-412_M1958_1875-08-01_OBS-R.jpg
1875	08	21	07	00	0	9.24	|	orig=273 inHg|Local time: 0700|QC flag: none|Image File: YorkFactory_USSS-412_M1958_1875-08-01_OBS-R.jpg
1875	08	21	14	00	0	10.29	|	orig=304 inHg|Local time: 1400|QC flag: none|Image File: YorkFactory_USSS-412_M1958_1875-08-01_OBS-R.jpg
1875	08	21	21	00	0	9.52	|	orig=281 inHg|Local time: 2100|QC flag: none|Image File: YorkFactory_USSS-412_M1958_1875-08-01_OBS-R.jpg
1875	08	22	07	00	0	12.36	|	orig=365 inHg|Local time: 0700|QC flag: none|Image File: YorkFactory_USSS-412_M1958_1875-08-01_OBS-R.jpg
1875	08	22	14	00	0	15.31	|	orig=452 inHg|Local time: 1400|QC flag: none|Image File: YorkFactory_USSS-412_M1958_1875-08-01_OBS-R.jpg
1875	08	22	21	00	0	13.51	|	orig=399 inHg|Local time: 2100|QC flag: none|Image File: YorkFactory_USSS-412_M1958_1875-08-01_OBS-R.jpg
1875	08	23	07	00	0	11.34	|	orig=335 inHg|Local time: 0700|QC flag: none|Image File: YorkFactory_USSS-412_M1958_1875-08-01_OBS-R.jpg
1875	08	23	14	00	0	10.70	|	orig=316 inHg|Local time: 1400|QC flag: none|Image File: YorkFactory_USSS-412_M1958_1875-08-01_OBS-R.jpg
1875	08	23	21	00	0	9.75	|	orig=288 inHg|Local time: 2100|QC flag: none|Image File: YorkFactory_USSS-412_M1958_1875-08-01_OBS-R.jpg
1875	08	24	07	00	0	10.73	|	orig=317 inHg|Local time: 0700|QC flag: none|Image File: YorkFactory_USSS-412_M1958_1875-08-01_OBS-R.jpg
1875	08	24	14	00	0	11.55	|	orig=341 inHg|Local time: 1400|QC flag: none|Image File: YorkFactory_USSS-412_M1958_1875-08-01_OBS-R.jpg
1875	08	24	21	00	0	12.43	|	orig=367 inHg|Local time: 2100|QC flag: none|Image File: YorkFactory_USSS-412_M1958_1875-08-01_OBS-R.jpg
1875	08	25	07	00	0	12.22	|	orig=361 inHg|Local time: 0700|QC flag: none|Image File: YorkFactory_USSS-412_M1958_1875-08-01_OBS-R.jpg
1875	08	25	14	00	0	16.25	|	orig=480 inHg|Local time: 1400|QC flag: none|Image File: YorkFactory_USSS-412_M1958_1875-08-01_OBS-R.jpg
1875	08	25	21	00	0	17.00	|	orig=502 inHg|Local time: 2100|QC flag: none|Image File: YorkFactory_USSS-412_M1958_1875-08-01_OBS-R.jpg
1875	08	26	07	00	0	17.17	|	orig=507 inHg|Local time: 0700|QC flag: none|Image File: YorkFactory_USSS-412_M1958_1875-08-01_OBS-R.jpg
1875	08	26	14	00	0	17.71	|	orig=523 inHg|Local time: 1400|QC flag: none|Image File: YorkFactory_USSS-412_M1958_1875-08-01_OBS-R.jpg
1875	08	26	21	00	0	19.00	|	orig=561 inHg|Local time: 2100|QC flag: none|Image File: YorkFactory_USSS-412_M1958_1875-08-01_OBS-R.jpg
1875	08	27	07	00	0	14.87	|	orig=439 inHg|Local time: 0700|QC flag: none|Image File: YorkFactory_USSS-412_M1958_1875-08-01_OBS-R.jpg
1875	08	27	14	00	0	12.22	|	orig=361 inHg|Local time: 1400|QC flag: none|Image File: YorkFactory_USSS-412_M1958_1875-08-01_OBS-R.jpg
1875	08	27	21	00	0	11.34	|	orig=335 inHg|Local time: 2100|QC flag: none|Image File: YorkFactory_USSS-412_M1958_1875-08-01_OBS-R.jpg
1875	08	28	07	00	0	12.43	|	orig=367 inHg|Local time: 0700|QC flag: none|Image File: YorkFactory_USSS-412_M1958_1875-08-01_OBS-R.jpg
1875	08	28	14	00	0	16.49	|	orig=487 inHg|Local time: 1400|QC flag: none|Image File: YorkFactory_USSS-412_M1958_1875-08-01_OBS-R.jpg
1875	08	28	21	00	0	13.68	|	orig=404 inHg|Local time: 2100|QC flag: none|Image File: YorkFactory_USSS-412_M1958_1875-08-01_OBS-R.jpg
1875	08	29	07	00	0	11.45	|	orig=338 inHg|Local time: 0700|QC flag: none|Image File: YorkFactory_USSS-412_M1958_1875-08-01_OBS-R.jpg
1875	08	29	14	00	0	10.73	|	orig=317 inHg|Local time: 1400|QC flag: none|Image File: YorkFactory_USSS-412_M1958_1875-08-01_OBS-R.jpg
1875	08	29	21	00	0	9.75	|	orig=288 inHg|Local time: 2100|QC flag: none|Image File: YorkFactory_USSS-412_M1958_1875-08-01_OBS-R.jpg
1875	08	30	07	00	0	13.24	|	orig=391 inHg|Local time: 0700|QC flag: none|Image File: YorkFactory_USSS-412_M1958_1875-08-01_OBS-R.jpg
1875	08	30	14	00	0	12.50	|	orig=369 inHg|Local time: 1400|QC flag: none|Image File: YorkFactory_USSS-412_M1958_1875-08-01_OBS-R.jpg
1875	08	30	21	00	0	12.73	|	orig=376 inHg|Local time: 2100|QC flag: none|Image File: YorkFactory_USSS-412_M1958_1875-08-01_OBS-R.jpg
1875	08	31	07	00	0	12.70	|	orig=375 inHg|Local time: 0700|QC flag: none|Image File: YorkFactory_USSS-412_M1958_1875-08-01_OBS-R.jpg
1875	08	31	14	00	0	13.71	|	orig=405 inHg|Local time: 1400|QC flag: none|Image File: YorkFactory_USSS-412_M1958_1875-08-01_OBS-R.jpg
1875	08	31	21	00	0	11.99	|	orig=354 inHg|Local time: 2100|QC flag: none|Image File: YorkFactory_USSS-412_M1958_1875-08-01_OBS-R.jpg
1875	09	01	07	00	0	9.92	|	orig=.293 inHg|Local time: 0700|QC flag: none|Image File: YorkFactory_USSS-412_M1958_1875-09-01_OBS-R.jpg
1875	09	01	14	00	0	9.11	|	orig=.269 inHg|Local time: 1400|QC flag: none|Image File: YorkFactory_USSS-412_M1958_1875-09-01_OBS-R.jpg
1875	09	01	21	00	0	8.16	|	orig=.241 inHg|Local time: 2100|QC flag: none|Image File: YorkFactory_USSS-412_M1958_1875-09-01_OBS-R.jpg
1875	09	02	07	00	0	9.62	|	orig=.284 inHg|Local time: 0700|QC flag: none|Image File: YorkFactory_USSS-412_M1958_1875-09-01_OBS-R.jpg
1875	09	02	14	00	0	9.85	|	orig=.291 inHg|Local time: 1400|QC flag: none|Image File: YorkFactory_USSS-412_M1958_1875-09-01_OBS-R.jpg
1875	09	02	21	00	0	10.90	|	orig=.322 inHg|Local time: 2100|QC flag: none|Image File: YorkFactory_USSS-412_M1958_1875-09-01_OBS-R.jpg
1875	09	03	07	00	0	11.78	|	orig=.348 inHg|Local time: 0700|QC flag: none|Image File: YorkFactory_USSS-412_M1958_1875-09-01_OBS-R.jpg
1875	09	03	14	00	0	16.42	|	orig=.485 inHg|Local time: 1400|QC flag: none|Image File: YorkFactory_USSS-412_M1958_1875-09-01_OBS-R.jpg
1875	09	03	21	00	0	13.04	|	orig=.385 inHg|Local time: 2100|QC flag: none|Image File: YorkFactory_USSS-412_M1958_1875-09-01_OBS-R.jpg
1875	09	04	07	00	0	12.06	|	orig=.356 inHg|Local time: 0700|QC flag: none|Image File: YorkFactory_USSS-412_M1958_1875-09-01_OBS-R.jpg
1875	09	04	14	00	0	15.27	|	orig=.451 inHg|Local time: 1400|QC flag: none|Image File: YorkFactory_USSS-412_M1958_1875-09-01_OBS-R.jpg
1875	09	04	21	00	0	10.43	|	orig=.308 inHg|Local time: 2100|QC flag: none|Image File: YorkFactory_USSS-412_M1958_1875-09-01_OBS-R.jpg
1875	09	05	07	00	0	9.58	|	orig=.283 inHg|Local time: 0700|QC flag: none|Image File: YorkFactory_USSS-412_M1958_1875-09-01_OBS-R.jpg
1875	09	05	14	00	0	8.43	|	orig=.249 inHg|Local time: 1400|QC flag: none|Image File: YorkFactory_USSS-412_M1958_1875-09-01_OBS-R.jpg
1875	09	05	21	00	0	8.97	|	orig=.265 inHg|Local time: 2100|QC flag: none|Image File: YorkFactory_USSS-412_M1958_1875-09-01_OBS-R.jpg
1875	09	06	07	00	0	7.42	|	orig=.219 inHg|Local time: 0700|QC flag: none|Image File: YorkFactory_USSS-412_M1958_1875-09-01_OBS-R.jpg
1875	09	06	14	00	0	6.40	|	orig=.189 inHg|Local time: 1400|QC flag: low value|Image File: YorkFactory_USSS-412_M1958_1875-09-01_OBS-R.jpg
1875	09	06	21	00	0	6.87	|	orig=.203 inHg|Local time: 2100|QC flag: none|Image File: YorkFactory_USSS-412_M1958_1875-09-01_OBS-R.jpg
1875	09	07	07	00	0	6.57	|	orig=.194 inHg|Local time: 0700|QC flag: low value|Image File: YorkFactory_USSS-412_M1958_1875-09-01_OBS-R.jpg
1875	09	07	14	00	0	5.69	|	orig=.168 inHg|Local time: 1400|QC flag: low value|Image File: YorkFactory_USSS-412_M1958_1875-09-01_OBS-R.jpg
1875	09	07	21	00	0	6.54	|	orig=.193 inHg|Local time: 2100|QC flag: low value|Image File: YorkFactory_USSS-412_M1958_1875-09-01_OBS-R.jpg
1875	09	08	07	00	0	6.47	|	orig=.191 inHg|Local time: 0700|QC flag: low value|Image File: YorkFactory_USSS-412_M1958_1875-09-01_OBS-R.jpg
1875	09	08	14	00	0	6.94	|	orig=.205 inHg|Local time: 1400|QC flag: none|Image File: YorkFactory_USSS-412_M1958_1875-09-01_OBS-R.jpg
1875	09	08	21	00	0	6.91	|	orig=.204 inHg|Local time: 2100|QC flag: none|Image File: YorkFactory_USSS-412_M1958_1875-09-01_OBS-R.jpg
1875	09	09	07	00	0	6.47	|	orig=.191 inHg|Local time: 0700|QC flag: low value|Image File: YorkFactory_USSS-412_M1958_1875-09-01_OBS-R.jpg
1875	09	09	14	00	0	7.72	|	orig=.228 inHg|Local time: 1400|QC flag: none|Image File: YorkFactory_USSS-412_M1958_1875-09-01_OBS-R.jpg
1875	09	09	21	00	0	5.55	|	orig=.164 inHg|Local time: 2100|QC flag: low value|Image File: YorkFactory_USSS-412_M1958_1875-09-01_OBS-R.jpg
1875	09	10	07	00	0	6.37	|	orig=.188 inHg|Local time: 0700|QC flag: low value|Image File: YorkFactory_USSS-412_M1958_1875-09-01_OBS-R.jpg
1875	09	10	14	00	0	6.64	|	orig=.196 inHg|Local time: 1400|QC flag: low value|Image File: YorkFactory_USSS-412_M1958_1875-09-01_OBS-R.jpg
1875	09	10	21	00	0	6.87	|	orig=.203 inHg|Local time: 2100|QC flag: none|Image File: YorkFactory_USSS-412_M1958_1875-09-01_OBS-R.jpg
1875	09	11	07	00	0	11.38	|	orig=.336 inHg|Local time: 0700|QC flag: none|Image File: YorkFactory_USSS-412_M1958_1875-09-01_OBS-R.jpg
1875	09	11	14	00	0	11.82	|	orig=.349 inHg|Local time: 1400|QC flag: none|Image File: YorkFactory_USSS-412_M1958_1875-09-01_OBS-R.jpg
1875	09	11	21	00	0	10.43	|	orig=.308 inHg|Local time: 2100|QC flag: none|Image File: YorkFactory_USSS-412_M1958_1875-09-01_OBS-R.jpg
1875	09	12	07	00	0	8.53	|	orig=.252 inHg|Local time: 0700|QC flag: none|Image File: YorkFactory_USSS-412_M1958_1875-09-01_OBS-R.jpg
1875	09	12	14	00	0	7.55	|	orig=.223 inHg|Local time: 1400|QC flag: none|Image File: YorkFactory_USSS-412_M1958_1875-09-01_OBS-R.jpg
1875	09	12	21	00	0	7.21	|	orig=.213 inHg|Local time: 2100|QC flag: none|Image File: YorkFactory_USSS-412_M1958_1875-09-01_OBS-R.jpg
1875	09	13	07	00	0	10.46	|	orig=.309 inHg|Local time: 0700|QC flag: none|Image File: YorkFactory_USSS-412_M1958_1875-09-01_OBS-R.jpg
1875	09	13	14	00	0	9.96	|	orig=.294 inHg|Local time: 1400|QC flag: none|Image File: YorkFactory_USSS-412_M1958_1875-09-01_OBS-R.jpg
1875	09	13	21	00	0	8.06	|	orig=.238 inHg|Local time: 2100|QC flag: none|Image File: YorkFactory_USSS-412_M1958_1875-09-01_OBS-R.jpg
1875	09	14	07	00	0	-999	|	orig=Empty inHg|Local time: 0700|QC flag: missing|Image File: YorkFactory_USSS-412_M1958_1875-09-01_OBS-R.jpg
1875	09	14	14	00	0	5.66	|	orig=.167 inHg|Local time: 1400|QC flag: low value|Image File: YorkFactory_USSS-412_M1958_1875-09-01_OBS-R.jpg
1875	09	14	21	00	0	6.26	|	orig=.185 inHg|Local time: 2100|QC flag: low value|Image File: YorkFactory_USSS-412_M1958_1875-09-01_OBS-R.jpg
1875	09	15	07	00	0	5.49	|	orig=.162 inHg|Local time: 0700|QC flag: low value|Image File: YorkFactory_USSS-412_M1958_1875-09-01_OBS-R.jpg
1875	09	15	14	00	0	5.28	|	orig=.156 inHg|Local time: 1400|QC flag: low value|Image File: YorkFactory_USSS-412_M1958_1875-09-01_OBS-R.jpg
1875	09	15	21	00	0	5.69	|	orig=.168 inHg|Local time: 2100|QC flag: low value|Image File: YorkFactory_USSS-412_M1958_1875-09-01_OBS-R.jpg
1875	09	16	07	00	0	5.35	|	orig=.158 inHg|Local time: 0700|QC flag: low value|Image File: YorkFactory_USSS-412_M1958_1875-09-01_OBS-R.jpg
1875	09	16	14	00	0	5.82	|	orig=.172 inHg|Local time: 1400|QC flag: low value|Image File: YorkFactory_USSS-412_M1958_1875-09-01_OBS-R.jpg
1875	09	16	21	00	0	5.93	|	orig=.175 inHg|Local time: 2100|QC flag: low value|Image File: YorkFactory_USSS-412_M1958_1875-09-01_OBS-R.jpg
1875	09	17	07	00	0	8.94	|	orig=.264 inHg|Local time: 0700|QC flag: none|Image File: YorkFactory_USSS-412_M1958_1875-09-01_OBS-R.jpg
1875	09	17	14	00	0	8.80	|	orig=.260 inHg|Local time: 1400|QC flag: none|Image File: YorkFactory_USSS-412_M1958_1875-09-01_OBS-R.jpg
1875	09	17	21	00	0	7.75	|	orig=.229 inHg|Local time: 2100|QC flag: none|Image File: YorkFactory_USSS-412_M1958_1875-09-01_OBS-R.jpg
1875	09	18	07	00	0	6.77	|	orig=.200 inHg|Local time: 0700|QC flag: None|Image File: YorkFactory_USSS-412_M1958_1875-09-01_OBS-R.jpg
1875	09	18	14	00	0	7.89	|	orig=.233 inHg|Local time: 1400|QC flag: none|Image File: YorkFactory_USSS-412_M1958_1875-09-01_OBS-R.jpg
1875	09	18	21	00	0	7.31	|	orig=.216 inHg|Local time: 2100|QC flag: none|Image File: YorkFactory_USSS-412_M1958_1875-09-01_OBS-R.jpg
1875	09	19	07	00	0	7.42	|	orig=.219 inHg|Local time: 0700|QC flag: none|Image File: YorkFactory_USSS-412_M1958_1875-09-01_OBS-R.jpg
1875	09	19	14	00	0	10.16	|	orig=.300 inHg|Local time: 1400|QC flag: none|Image File: YorkFactory_USSS-412_M1958_1875-09-01_OBS-R.jpg
1875	09	19	21	00	0	6.74	|	orig=.199 inHg|Local time: 2100|QC flag: low value|Image File: YorkFactory_USSS-412_M1958_1875-09-01_OBS-R.jpg
1875	09	20	07	00	0	6.43	|	orig=.190 inHg|Local time: 0700|QC flag: low value|Image File: YorkFactory_USSS-412_M1958_1875-09-01_OBS-R.jpg
1875	09	20	14	00	0	5.42	|	orig=.160 inHg|Local time: 1400|QC flag: low value|Image File: YorkFactory_USSS-412_M1958_1875-09-01_OBS-R.jpg
1875	09	20	21	00	0	5.72	|	orig=.169 inHg|Local time: 2100|QC flag: low value|Image File: YorkFactory_USSS-412_M1958_1875-09-01_OBS-R.jpg
1875	09	21	07	00	0	6.57	|	orig=.194 inHg|Local time: 0700|QC flag: low value|Image File: YorkFactory_USSS-412_M1958_1875-09-01_OBS-R.jpg
1875	09	21	14	00	0	6.91	|	orig=.204 inHg|Local time: 1400|QC flag: none|Image File: YorkFactory_USSS-412_M1958_1875-09-01_OBS-R.jpg
1875	09	21	21	00	0	8.30	|	orig=.245 inHg|Local time: 2100|QC flag: none|Image File: YorkFactory_USSS-412_M1958_1875-09-01_OBS-R.jpg
1875	09	22	07	00	0	9.58	|	orig=.283 inHg|Local time: 0700|QC flag: none|Image File: YorkFactory_USSS-412_M1958_1875-09-01_OBS-R.jpg
1875	09	22	14	00	0	10.50	|	orig=.310 inHg|Local time: 1400|QC flag: none|Image File: YorkFactory_USSS-412_M1958_1875-09-01_OBS-R.jpg
1875	09	22	21	00	0	12.97	|	orig=.383 inHg|Local time: 2100|QC flag: none|Image File: YorkFactory_USSS-412_M1958_1875-09-01_OBS-R.jpg
1875	09	23	07	00	0	7.42	|	orig=.219 inHg|Local time: 0700|QC flag: none|Image File: YorkFactory_USSS-412_M1958_1875-09-01_OBS-R.jpg
1875	09	23	14	00	0	6.94	|	orig=.205 inHg|Local time: 1400|QC flag: none|Image File: YorkFactory_USSS-412_M1958_1875-09-01_OBS-R.jpg
1875	09	23	21	00	0	6.71	|	orig=.198 inHg|Local time: 2100|QC flag: low value|Image File: YorkFactory_USSS-412_M1958_1875-09-01_OBS-R.jpg
1875	09	24	07	00	0	5.62	|	orig=.166 inHg|Local time: 0700|QC flag: low value|Image File: YorkFactory_USSS-412_M1958_1875-09-01_OBS-R.jpg
1875	09	24	14	00	0	5.01	|	orig=.148 inHg|Local time: 1400|QC flag: low value|Image File: YorkFactory_USSS-412_M1958_1875-09-01_OBS-R.jpg
1875	09	24	21	00	0	5.89	|	orig=.174 inHg|Local time: 2100|QC flag: low value|Image File: YorkFactory_USSS-412_M1958_1875-09-01_OBS-R.jpg
1875	09	25	07	00	0	6.06	|	orig=.179 inHg|Local time: 0700|QC flag: low value|Image File: YorkFactory_USSS-412_M1958_1875-09-01_OBS-R.jpg
1875	09	25	14	00	0	4.67	|	orig=.138 inHg|Local time: 1400|QC flag: low value|Image File: YorkFactory_USSS-412_M1958_1875-09-01_OBS-R.jpg
1875	09	25	21	00	0	5.15	|	orig=.152 inHg|Local time: 2100|QC flag: low value|Image File: YorkFactory_USSS-412_M1958_1875-09-01_OBS-R.jpg
1875	09	26	07	00	0	4.54	|	orig=.134 inHg|Local time: 0700|QC flag: low value|Image File: YorkFactory_USSS-412_M1958_1875-09-01_OBS-R.jpg
1875	09	26	14	00	0	4.40	|	orig=.130 inHg|Local time: 1400|QC flag: low value|Image File: YorkFactory_USSS-412_M1958_1875-09-01_OBS-R.jpg
1875	09	26	21	00	0	4.71	|	orig=.139 inHg|Local time: 2100|QC flag: low value|Image File: YorkFactory_USSS-412_M1958_1875-09-01_OBS-R.jpg
1875	09	27	07	00	0	5.28	|	orig=.156 inHg|Local time: 0700|QC flag: low value|Image File: YorkFactory_USSS-412_M1958_1875-09-01_OBS-R.jpg
1875	09	27	14	00	0	5.22	|	orig=.154 inHg|Local time: 1400|QC flag: low value|Image File: YorkFactory_USSS-412_M1958_1875-09-01_OBS-R.jpg
1875	09	27	21	00	0	5.18	|	orig=.153 inHg|Local time: 2100|QC flag: low value|Image File: YorkFactory_USSS-412_M1958_1875-09-01_OBS-R.jpg
1875	09	28	07	00	0	4.40	|	orig=.130 inHg|Local time: 0700|QC flag: low value|Image File: YorkFactory_USSS-412_M1958_1875-09-01_OBS-R.jpg
1875	09	28	14	00	0	6.26	|	orig=.185 inHg|Local time: 1400|QC flag: low value|Image File: YorkFactory_USSS-412_M1958_1875-09-01_OBS-R.jpg
1875	09	28	21	00	0	5.05	|	orig=.149 inHg|Local time: 2100|QC flag: low value|Image File: YorkFactory_USSS-412_M1958_1875-09-01_OBS-R.jpg
1875	09	29	07	00	0	5.45	|	orig=.161 inHg|Local time: 0700|QC flag: low value|Image File: YorkFactory_USSS-412_M1958_1875-09-01_OBS-R.jpg
1875	09	29	14	00	0	5.93	|	orig=.175 inHg|Local time: 1400|QC flag: low value|Image File: YorkFactory_USSS-412_M1958_1875-09-01_OBS-R.jpg
1875	09	29	21	00	0	7.31	|	orig=.216 inHg|Local time: 2100|QC flag: none|Image File: YorkFactory_USSS-412_M1958_1875-09-01_OBS-R.jpg
1875	09	30	07	00	0	6.37	|	orig=.188 inHg|Local time: 0700|QC flag: low value|Image File: YorkFactory_USSS-412_M1958_1875-09-01_OBS-R.jpg
1875	09	30	14	00	0	7.18	|	orig=.212 inHg|Local time: 1400|QC flag: none|Image File: YorkFactory_USSS-412_M1958_1875-09-01_OBS-R.jpg
1875	09	30	21	00	0	6.64	|	orig=.196 inHg|Local time: 2100|QC flag: low value|Image File: YorkFactory_USSS-412_M1958_1875-09-01_OBS-R.jpg
1875	10	01	07	00	0	5.35	|	orig=0.158 inHg|Local time: 0700|QC flag: low value|Image File: YorkFactory_USSS-412_M1958_1875-10-01_OBS-R.jpg
1875	10	01	14	00	0	4.40	|	orig=0.130 inHg|Local time: 1400|QC flag: low value|Image File: YorkFactory_USSS-412_M1958_1875-10-01_OBS-R.jpg
1875	10	01	21	00	0	5.66	|	orig=0.167 inHg|Local time: 2100|QC flag: low value|Image File: YorkFactory_USSS-412_M1958_1875-10-01_OBS-R.jpg
1875	10	02	07	00	0	5.66	|	orig=.167 inHg|Local time: 0700|QC flag: low value|Image File: YorkFactory_USSS-412_M1958_1875-10-01_OBS-R.jpg
1875	10	02	14	00	0	5.18	|	orig=.153 inHg|Local time: 1400|QC flag: low value|Image File: YorkFactory_USSS-412_M1958_1875-10-01_OBS-R.jpg
1875	10	02	21	00	0	3.89	|	orig=.115 inHg|Local time: 2100|QC flag: low value|Image File: YorkFactory_USSS-412_M1958_1875-10-01_OBS-R.jpg
1875	10	03	07	00	0	4.17	|	orig=.123 inHg|Local time: 0700|QC flag: low value|Image File: YorkFactory_USSS-412_M1958_1875-10-01_OBS-R.jpg
1875	10	03	14	00	0	3.89	|	orig=.115 inHg|Local time: 1400|QC flag: low value|Image File: YorkFactory_USSS-412_M1958_1875-10-01_OBS-R.jpg
1875	10	03	21	00	0	4.27	|	orig=.126 inHg|Local time: 2100|QC flag: low value|Image File: YorkFactory_USSS-412_M1958_1875-10-01_OBS-R.jpg
1875	10	04	07	00	0	3.69	|	orig=.109 inHg|Local time: 0700|QC flag: low value|Image File: YorkFactory_USSS-412_M1958_1875-10-01_OBS-R.jpg
1875	10	04	14	00	0	3.89	|	orig=.115 inHg|Local time: 1400|QC flag: low value|Image File: YorkFactory_USSS-412_M1958_1875-10-01_OBS-R.jpg
1875	10	04	21	00	0	4.27	|	orig=.126 inHg|Local time: 2100|QC flag: low value|Image File: YorkFactory_USSS-412_M1958_1875-10-01_OBS-R.jpg
1875	10	05	07	00	0	4.47	|	orig=.132 inHg|Local time: 0700|QC flag: low value|Image File: YorkFactory_USSS-412_M1958_1875-10-01_OBS-R.jpg
1875	10	05	14	00	0	6.03	|	orig=.178 inHg|Local time: 1400|QC flag: low value|Image File: YorkFactory_USSS-412_M1958_1875-10-01_OBS-R.jpg
1875	10	05	21	00	0	4.81	|	orig=.142 inHg|Local time: 2100|QC flag: low value|Image File: YorkFactory_USSS-412_M1958_1875-10-01_OBS-R.jpg
1875	10	06	07	00	0	5.66	|	orig=.167 inHg|Local time: 0700|QC flag: low value|Image File: YorkFactory_USSS-412_M1958_1875-10-01_OBS-R.jpg
1875	10	06	14	00	0	7.01	|	orig=.207 inHg|Local time: 1400|QC flag: none|Image File: YorkFactory_USSS-412_M1958_1875-10-01_OBS-R.jpg
1875	10	06	21	00	0	5.79	|	orig=.171 inHg|Local time: 2100|QC flag: low value|Image File: YorkFactory_USSS-412_M1958_1875-10-01_OBS-R.jpg
1875	10	07	07	00	0	11.62	|	orig=.343 inHg|Local time: 0700|QC flag: none|Image File: YorkFactory_USSS-412_M1958_1875-10-01_OBS-R.jpg
1875	10	07	14	00	0	9.58	|	orig=.283 inHg|Local time: 1400|QC flag: none|Image File: YorkFactory_USSS-412_M1958_1875-10-01_OBS-R.jpg
1875	10	07	21	00	0	10.16	|	orig=.300 inHg|Local time: 2100|QC flag: none|Image File: YorkFactory_USSS-412_M1958_1875-10-01_OBS-R.jpg
1875	10	08	07	00	0	4.61	|	orig=.136 inHg|Local time: 0700|QC flag: low value|Image File: YorkFactory_USSS-412_M1958_1875-10-01_OBS-R.jpg
1875	10	08	14	00	0	5.66	|	orig=.167 inHg|Local time: 1400|QC flag: low value|Image File: YorkFactory_USSS-412_M1958_1875-10-01_OBS-R.jpg
1875	10	08	21	00	0	3.69	|	orig=.109 inHg|Local time: 2100|QC flag: low value|Image File: YorkFactory_USSS-412_M1958_1875-10-01_OBS-R.jpg
1875	10	09	07	00	0	3.89	|	orig=.115 inHg|Local time: 0700|QC flag: low value|Image File: YorkFactory_USSS-412_M1958_1875-10-01_OBS-R.jpg
1875	10	09	14	00	0	3.69	|	orig=.109 inHg|Local time: 1400|QC flag: low value|Image File: YorkFactory_USSS-412_M1958_1875-10-01_OBS-R.jpg
1875	10	09	21	00	0	3.56	|	orig=.105 inHg|Local time: 2100|QC flag: low value|Image File: YorkFactory_USSS-412_M1958_1875-10-01_OBS-R.jpg
1875	10	10	07	00	0	3.69	|	orig=.109 inHg|Local time: 0700|QC flag: low value|Image File: YorkFactory_USSS-412_M1958_1875-10-01_OBS-R.jpg
1875	10	10	14	00	0	5.38	|	orig=.159 inHg|Local time: 1400|QC flag: low value|Image File: YorkFactory_USSS-412_M1958_1875-10-01_OBS-R.jpg
1875	10	10	21	00	0	3.62	|	orig=.107 inHg|Local time: 2100|QC flag: low value|Image File: YorkFactory_USSS-412_M1958_1875-10-01_OBS-R.jpg
1875	10	11	07	00	0	3.49	|	orig=.103 inHg|Local time: 0700|QC flag: low value|Image File: YorkFactory_USSS-412_M1958_1875-10-01_OBS-R.jpg
1875	10	11	14	00	0	4.94	|	orig=.146 inHg|Local time: 1400|QC flag: low value|Image File: YorkFactory_USSS-412_M1958_1875-10-01_OBS-R.jpg
1875	10	11	21	00	0	5.22	|	orig=.154 inHg|Local time: 2100|QC flag: low value|Image File: YorkFactory_USSS-412_M1958_1875-10-01_OBS-R.jpg
1875	10	12	07	00	0	5.99	|	orig=.177 inHg|Local time: 0700|QC flag: low value|Image File: YorkFactory_USSS-412_M1958_1875-10-01_OBS-R.jpg
1875	10	12	14	00	0	5.99	|	orig=.177 inHg|Local time: 1400|QC flag: low value|Image File: YorkFactory_USSS-412_M1958_1875-10-01_OBS-R.jpg
1875	10	12	21	00	0	2.98	|	orig=.088 inHg|Local time: 2100|QC flag: low value|Image File: YorkFactory_USSS-412_M1958_1875-10-01_OBS-R.jpg
1875	10	13	07	00	0	2.20	|	orig=.065 inHg|Local time: 0700|QC flag: low value|Image File: YorkFactory_USSS-412_M1958_1875-10-01_OBS-R.jpg
1875	10	13	14	00	0	2.54	|	orig=.075 inHg|Local time: 1400|QC flag: low value|Image File: YorkFactory_USSS-412_M1958_1875-10-01_OBS-R.jpg
1875	10	13	21	00	0	0.39	|	orig=.0115 inHg|Local time: 2100|QC flag: low value|Image File: YorkFactory_USSS-412_M1958_1875-10-01_OBS-R.jpg
1875	10	14	07	00	0	3.15	|	orig=.093 inHg|Local time: 0700|QC flag: low value|Image File: YorkFactory_USSS-412_M1958_1875-10-01_OBS-R.jpg
1875	10	14	14	00	0	3.83	|	orig=.113 inHg|Local time: 1400|QC flag: low value|Image File: YorkFactory_USSS-412_M1958_1875-10-01_OBS-R.jpg
1875	10	14	21	00	0	3.32	|	orig=.098 inHg|Local time: 2100|QC flag: low value|Image File: YorkFactory_USSS-412_M1958_1875-10-01_OBS-R.jpg
1875	10	15	07	00	0	2.37	|	orig=.070 inHg|Local time: 0700|QC flag: low value|Image File: YorkFactory_USSS-412_M1958_1875-10-01_OBS-R.jpg
1875	10	15	14	00	0	3.22	|	orig=.095 inHg|Local time: 1400|QC flag: low value|Image File: YorkFactory_USSS-412_M1958_1875-10-01_OBS-R.jpg
1875	10	15	21	00	0	3.49	|	orig=.103 inHg|Local time: 2100|QC flag: low value|Image File: YorkFactory_USSS-412_M1958_1875-10-01_OBS-R.jpg
1875	10	16	07	00	0	3.49	|	orig=.103 inHg|Local time: 0700|QC flag: low value|Image File: YorkFactory_USSS-412_M1958_1875-10-01_OBS-R.jpg
1875	10	16	14	00	0	4.37	|	orig=.129 inHg|Local time: 1400|QC flag: low value|Image File: YorkFactory_USSS-412_M1958_1875-10-01_OBS-R.jpg
1875	10	16	21	00	0	4.71	|	orig=.139 inHg|Local time: 2100|QC flag: low value|Image File: YorkFactory_USSS-412_M1958_1875-10-01_OBS-R.jpg
1875	10	17	07	00	0	1.83	|	orig=.054 inHg|Local time: 0700|QC flag: low value|Image File: YorkFactory_USSS-412_M1958_1875-10-01_OBS-R.jpg
1875	10	17	14	00	0	1.83	|	orig=.054 inHg|Local time: 1400|QC flag: low value|Image File: YorkFactory_USSS-412_M1958_1875-10-01_OBS-R.jpg
1875	10	17	21	00	0	5.01	|	orig=.148 inHg|Local time: 2100|QC flag: low value|Image File: YorkFactory_USSS-412_M1958_1875-10-01_OBS-R.jpg
1875	10	18	07	00	0	5.38	|	orig=.159 inHg|Local time: 0700|QC flag: low value|Image File: YorkFactory_USSS-412_M1958_1875-10-01_OBS-R.jpg
1875	10	18	14	00	0	5.01	|	orig=.148 inHg|Local time: 1400|QC flag: low value|Image File: YorkFactory_USSS-412_M1958_1875-10-01_OBS-R.jpg
1875	10	18	21	00	0	5.08	|	orig=.150 inHg|Local time: 2100|QC flag: low value|Image File: YorkFactory_USSS-412_M1958_1875-10-01_OBS-R.jpg
1875	10	19	07	00	0	5.45	|	orig=.161 inHg|Local time: 0700|QC flag: low value|Image File: YorkFactory_USSS-412_M1958_1875-10-01_OBS-R.jpg
1875	10	19	14	00	0	5.93	|	orig=.175 inHg|Local time: 1400|QC flag: low value|Image File: YorkFactory_USSS-412_M1958_1875-10-01_OBS-R.jpg
1875	10	19	21	00	0	6.13	|	orig=.181 inHg|Local time: 2100|QC flag: low value|Image File: YorkFactory_USSS-412_M1958_1875-10-01_OBS-R.jpg
1875	10	20	07	00	0	6.23	|	orig=.184 inHg|Local time: 0700|QC flag: low value|Image File: YorkFactory_USSS-412_M1958_1875-10-01_OBS-R.jpg
1875	10	20	14	00	0	6.54	|	orig=.193 inHg|Local time: 1400|QC flag: low value|Image File: YorkFactory_USSS-412_M1958_1875-10-01_OBS-R.jpg
1875	10	20	21	00	0	6.03	|	orig=.178 inHg|Local time: 2100|QC flag: low value|Image File: YorkFactory_USSS-412_M1958_1875-10-01_OBS-R.jpg
1875	10	21	07	00	0	5.93	|	orig=.175 inHg|Local time: 0700|QC flag: low value|Image File: YorkFactory_USSS-412_M1958_1875-10-01_OBS-R.jpg
1875	10	21	14	00	0	6.60	|	orig=.195 inHg|Local time: 1400|QC flag: low value|Image File: YorkFactory_USSS-412_M1958_1875-10-01_OBS-R.jpg
1875	10	21	21	00	0	6.64	|	orig=.196 inHg|Local time: 2100|QC flag: low value|Image File: YorkFactory_USSS-412_M1958_1875-10-01_OBS-R.jpg
1875	10	22	07	00	0	5.79	|	orig=.171 inHg|Local time: 0700|QC flag: low value|Image File: YorkFactory_USSS-412_M1958_1875-10-01_OBS-R.jpg
1875	10	22	14	00	0	5.96	|	orig=.176 inHg|Local time: 1400|QC flag: low value|Image File: YorkFactory_USSS-412_M1958_1875-10-01_OBS-R.jpg
1875	10	22	21	00	0	5.18	|	orig=.153 inHg|Local time: 2100|QC flag: low value|Image File: YorkFactory_USSS-412_M1958_1875-10-01_OBS-R.jpg
1875	10	23	07	00	0	4.57	|	orig=.135 inHg|Local time: 0700|QC flag: low value|Image File: YorkFactory_USSS-412_M1958_1875-10-01_OBS-R.jpg
1875	10	23	14	00	0	5.35	|	orig=.158 inHg|Local time: 1400|QC flag: low value|Image File: YorkFactory_USSS-412_M1958_1875-10-01_OBS-R.jpg
1875	10	23	21	00	0	5.38	|	orig=.159 inHg|Local time: 2100|QC flag: low value|Image File: YorkFactory_USSS-412_M1958_1875-10-01_OBS-R.jpg
1875	10	24	07	00	0	5.66	|	orig=.167 inHg|Local time: 0700|QC flag: low value|Image File: YorkFactory_USSS-412_M1958_1875-10-01_OBS-R.jpg
1875	10	24	14	00	0	5.66	|	orig=.167 inHg|Local time: 1400|QC flag: low value|Image File: YorkFactory_USSS-412_M1958_1875-10-01_OBS-R.jpg
1875	10	24	21	00	0	5.18	|	orig=.153 inHg|Local time: 2100|QC flag: low value|Image File: YorkFactory_USSS-412_M1958_1875-10-01_OBS-R.jpg
1875	10	25	07	00	0	5.38	|	orig=.159 inHg|Local time: 0700|QC flag: low value|Image File: YorkFactory_USSS-412_M1958_1875-10-01_OBS-R.jpg
1875	10	25	14	00	0	5.08	|	orig=.150 inHg|Local time: 1400|QC flag: low value|Image File: YorkFactory_USSS-412_M1958_1875-10-01_OBS-R.jpg
1875	10	25	21	00	0	3.73	|	orig=.110 inHg|Local time: 2100|QC flag: low value|Image File: YorkFactory_USSS-412_M1958_1875-10-01_OBS-R.jpg
1875	10	26	07	00	0	2.30	|	orig=.068 inHg|Local time: 0700|QC flag: low value|Image File: YorkFactory_USSS-412_M1958_1875-10-01_OBS-R.jpg
1875	10	26	14	00	0	3.89	|	orig=.115 inHg|Local time: 1400|QC flag: low value|Image File: YorkFactory_USSS-412_M1958_1875-10-01_OBS-R.jpg
1875	10	26	21	00	0	4.00	|	orig=.118 inHg|Local time: 2100|QC flag: low value|Image File: YorkFactory_USSS-412_M1958_1875-10-01_OBS-R.jpg
1875	10	27	07	00	0	3.39	|	orig=.100 inHg|Local time: 0700|QC flag: low value|Image File: YorkFactory_USSS-412_M1958_1875-10-01_OBS-R.jpg
1875	10	27	14	00	0	5.08	|	orig=.150 inHg|Local time: 1400|QC flag: low value|Image File: YorkFactory_USSS-412_M1958_1875-10-01_OBS-R.jpg
1875	10	27	21	00	0	3.35	|	orig=0.099 inHg|Local time: 2100|QC flag: low value|Image File: YorkFactory_USSS-412_M1958_1875-10-01_OBS-R.jpg
1875	10	28	07	00	0	3.15	|	orig=.093 inHg|Local time: 0700|QC flag: low value|Image File: YorkFactory_USSS-412_M1958_1875-10-01_OBS-R.jpg
1875	10	28	14	00	0	5.08	|	orig=.150 inHg|Local time: 1400|QC flag: low value|Image File: YorkFactory_USSS-412_M1958_1875-10-01_OBS-R.jpg
1875	10	28	21	00	0	3.83	|	orig=.113 inHg|Local time: 2100|QC flag: low value|Image File: YorkFactory_USSS-412_M1958_1875-10-01_OBS-R.jpg
1875	10	29	07	00	0	3.22	|	orig=.095 inHg|Local time: 0700|QC flag: low value|Image File: YorkFactory_USSS-412_M1958_1875-10-01_OBS-R.jpg
1875	10	29	14	00	0	3.22	|	orig=.095 inHg|Local time: 1400|QC flag: low value|Image File: YorkFactory_USSS-412_M1958_1875-10-01_OBS-R.jpg
1875	10	29	21	00	0	3.12	|	orig=.092 inHg|Local time: 2100|QC flag: low value|Image File: YorkFactory_USSS-412_M1958_1875-10-01_OBS-R.jpg
1875	10	30	07	00	0	2.24	|	orig=.066 inHg|Local time: 0700|QC flag: low value|Image File: YorkFactory_USSS-412_M1958_1875-10-01_OBS-R.jpg
1875	10	30	14	00	0	3.01	|	orig=.089 inHg|Local time: 1400|QC flag: low value|Image File: YorkFactory_USSS-412_M1958_1875-10-01_OBS-R.jpg
1875	10	30	21	00	0	2.84	|	orig=.084 inHg|Local time: 2100|QC flag: low value|Image File: YorkFactory_USSS-412_M1958_1875-10-01_OBS-R.jpg
1875	10	31	07	00	0	2.84	|	orig=.084 inHg|Local time: 0700|QC flag: low value|Image File: YorkFactory_USSS-412_M1958_1875-10-01_OBS-R.jpg
1875	10	31	14	00	0	2.91	|	orig=.086 inHg|Local time: 1400|QC flag: low value|Image File: YorkFactory_USSS-412_M1958_1875-10-01_OBS-R.jpg
1875	10	31	21	00	0	2.64	|	orig=.078 inHg|Local time: 2100|QC flag: low value|Image File: YorkFactory_USSS-412_M1958_1875-10-01_OBS-R.jpg
1875	11	01	07	00	0	1.56	|	orig=046 inHg|Local time: 0700|QC flag: low value|Image File: YorkFactory_USSS-412_M1958_1875-11-01_OBS-R.jpg
1875	11	01	14	00	0	1.63	|	orig=048 inHg|Local time: 1400|QC flag: low value|Image File: YorkFactory_USSS-412_M1958_1875-11-01_OBS-R.jpg
1875	11	01	21	00	0	1.83	|	orig=054 inHg|Local time: 2100|QC flag: low value|Image File: YorkFactory_USSS-412_M1958_1875-11-01_OBS-R.jpg
1875	11	02	07	00	0	3.83	|	orig=113 inHg|Local time: 0700|QC flag: low value|Image File: YorkFactory_USSS-412_M1958_1875-11-01_OBS-R.jpg
1875	11	02	14	00	0	5.08	|	orig=150 inHg|Local time: 1400|QC flag: low value|Image File: YorkFactory_USSS-412_M1958_1875-11-01_OBS-R.jpg
1875	11	02	21	00	0	3.01	|	orig=089 inHg|Local time: 2100|QC flag: low value|Image File: YorkFactory_USSS-412_M1958_1875-11-01_OBS-R.jpg
1875	11	03	07	00	0	4.67	|	orig=138 inHg|Local time: 0700|QC flag: low value|Image File: YorkFactory_USSS-412_M1958_1875-11-01_OBS-R.jpg
1875	11	03	14	00	0	5.01	|	orig=148 inHg|Local time: 1400|QC flag: low value|Image File: YorkFactory_USSS-412_M1958_1875-11-01_OBS-R.jpg
1875	11	03	21	00	0	4.77	|	orig=141 inHg|Local time: 2100|QC flag: low value|Image File: YorkFactory_USSS-412_M1958_1875-11-01_OBS-R.jpg
1875	11	04	07	00	0	4.27	|	orig=126 inHg|Local time: 0700|QC flag: low value|Image File: YorkFactory_USSS-412_M1958_1875-11-01_OBS-R.jpg
1875	11	04	14	00	0	5.01	|	orig=148 inHg|Local time: 1400|QC flag: low value|Image File: YorkFactory_USSS-412_M1958_1875-11-01_OBS-R.jpg
1875	11	04	21	00	0	5.18	|	orig=153 inHg|Local time: 2100|QC flag: low value|Image File: YorkFactory_USSS-412_M1958_1875-11-01_OBS-R.jpg
1875	11	05	07	00	0	4.06	|	orig=120 inHg|Local time: 0700|QC flag: low value|Image File: YorkFactory_USSS-412_M1958_1875-11-01_OBS-R.jpg
1875	11	05	14	00	0	4.71	|	orig=139 inHg|Local time: 1400|QC flag: low value|Image File: YorkFactory_USSS-412_M1958_1875-11-01_OBS-R.jpg
1875	11	05	21	00	0	4.77	|	orig=141 inHg|Local time: 2100|QC flag: low value|Image File: YorkFactory_USSS-412_M1958_1875-11-01_OBS-R.jpg
1875	11	06	07	00	0	3.52	|	orig=104 inHg|Local time: 0700|QC flag: low value|Image File: YorkFactory_USSS-412_M1958_1875-11-01_OBS-R.jpg
1875	11	06	14	00	0	3.69	|	orig=109 inHg|Local time: 1400|QC flag: low value|Image File: YorkFactory_USSS-412_M1958_1875-11-01_OBS-R.jpg
1875	11	06	21	00	0	3.56	|	orig=105 inHg|Local time: 2100|QC flag: low value|Image File: YorkFactory_USSS-412_M1958_1875-11-01_OBS-R.jpg
1875	11	07	07	00	0	2.84	|	orig=084 inHg|Local time: 0700|QC flag: low value|Image File: YorkFactory_USSS-412_M1958_1875-11-01_OBS-R.jpg
1875	11	07	14	00	0	4.13	|	orig=122 inHg|Local time: 1400|QC flag: low value|Image File: YorkFactory_USSS-412_M1958_1875-11-01_OBS-R.jpg
1875	11	07	21	00	0	4.54	|	orig=134 inHg|Local time: 2100|QC flag: low value|Image File: YorkFactory_USSS-412_M1958_1875-11-01_OBS-R.jpg
1875	11	08	07	00	0	5.18	|	orig=153 inHg|Local time: 0700|QC flag: low value|Image File: YorkFactory_USSS-412_M1958_1875-11-01_OBS-R.jpg
1875	11	08	14	00	0	3.42	|	orig=101 inHg|Local time: 1400|QC flag: low value|Image File: YorkFactory_USSS-412_M1958_1875-11-01_OBS-R.jpg
1875	11	08	21	00	0	2.78	|	orig=082 inHg|Local time: 2100|QC flag: low value|Image File: YorkFactory_USSS-412_M1958_1875-11-01_OBS-R.jpg
1875	11	09	07	00	0	2.34	|	orig=069 inHg|Local time: 0700|QC flag: low value|Image File: YorkFactory_USSS-412_M1958_1875-11-01_OBS-R.jpg
1875	11	09	14	00	0	1.83	|	orig=054 inHg|Local time: 1400|QC flag: low value|Image File: YorkFactory_USSS-412_M1958_1875-11-01_OBS-R.jpg
1875	11	09	21	00	0	2.24	|	orig=066 inHg|Local time: 2100|QC flag: low value|Image File: YorkFactory_USSS-412_M1958_1875-11-01_OBS-R.jpg
1875	11	10	07	00	0	1.83	|	orig=054 inHg|Local time: 0700|QC flag: low value|Image File: YorkFactory_USSS-412_M1958_1875-11-01_OBS-R.jpg
1875	11	10	14	00	0	1.49	|	orig=044 inHg|Local time: 1400|QC flag: low value|Image File: YorkFactory_USSS-412_M1958_1875-11-01_OBS-R.jpg
1875	11	10	21	00	0	3.18	|	orig=094 inHg|Local time: 2100|QC flag: low value|Image File: YorkFactory_USSS-412_M1958_1875-11-01_OBS-R.jpg
1875	11	11	07	00	0	2.20	|	orig=065 inHg|Local time: 0700|QC flag: low value|Image File: YorkFactory_USSS-412_M1958_1875-11-01_OBS-R.jpg
1875	11	11	14	00	0	1.83	|	orig=054 inHg|Local time: 1400|QC flag: low value|Image File: YorkFactory_USSS-412_M1958_1875-11-01_OBS-R.jpg
1875	11	11	21	00	0	1.35	|	orig=040 inHg|Local time: 2100|QC flag: low value|Image File: YorkFactory_USSS-412_M1958_1875-11-01_OBS-R.jpg
1875	11	12	07	00	0	2.10	|	orig=062 inHg|Local time: 0700|QC flag: low value|Image File: YorkFactory_USSS-412_M1958_1875-11-01_OBS-R.jpg
1875	11	12	14	00	0	2.17	|	orig=064 inHg|Local time: 1400|QC flag: low value|Image File: YorkFactory_USSS-412_M1958_1875-11-01_OBS-R.jpg
1875	11	12	21	00	0	2.30	|	orig=068 inHg|Local time: 2100|QC flag: low value|Image File: YorkFactory_USSS-412_M1958_1875-11-01_OBS-R.jpg
1875	11	13	07	00	0	1.49	|	orig=044 inHg|Local time: 0700|QC flag: low value|Image File: YorkFactory_USSS-412_M1958_1875-11-01_OBS-R.jpg
1875	11	13	14	00	0	1.15	|	orig=034 inHg|Local time: 1400|QC flag: low value|Image File: YorkFactory_USSS-412_M1958_1875-11-01_OBS-R.jpg
1875	11	13	21	00	0	2.07	|	orig=061 inHg|Local time: 2100|QC flag: low value|Image File: YorkFactory_USSS-412_M1958_1875-11-01_OBS-R.jpg
1875	11	14	07	00	0	1.96	|	orig=058 inHg|Local time: 0700|QC flag: low value|Image File: YorkFactory_USSS-412_M1958_1875-11-01_OBS-R.jpg
1875	11	14	14	00	0	2.00	|	orig=059 inHg|Local time: 1400|QC flag: low value|Image File: YorkFactory_USSS-412_M1958_1875-11-01_OBS-R.jpg
1875	11	14	21	00	0	1.63	|	orig=048 inHg|Local time: 2100|QC flag: low value|Image File: YorkFactory_USSS-412_M1958_1875-11-01_OBS-R.jpg
1875	11	15	07	00	0	1.52	|	orig=045 inHg|Local time: 0700|QC flag: low value|Image File: YorkFactory_USSS-412_M1958_1875-11-01_OBS-R.jpg
1875	11	15	14	00	0	1.22	|	orig=036 inHg|Local time: 1400|QC flag: low value|Image File: YorkFactory_USSS-412_M1958_1875-11-01_OBS-R.jpg
1875	11	15	21	00	0	0.78	|	orig=023 inHg|Local time: 2100|QC flag: low value|Image File: YorkFactory_USSS-412_M1958_1875-11-01_OBS-R.jpg
1875	11	16	07	00	0	0.71	|	orig=021 inHg|Local time: 0700|QC flag: low value|Image File: YorkFactory_USSS-412_M1958_1875-11-01_OBS-R.jpg
1875	11	16	14	00	0	0.78	|	orig=023 inHg|Local time: 1400|QC flag: low value|Image File: YorkFactory_USSS-412_M1958_1875-11-01_OBS-R.jpg
1875	11	16	21	00	0	0.78	|	orig=023 inHg|Local time: 2100|QC flag: low value|Image File: YorkFactory_USSS-412_M1958_1875-11-01_OBS-R.jpg
1875	11	17	07	00	0	0.41	|	orig=012 inHg|Local time: 0700|QC flag: low value|Image File: YorkFactory_USSS-412_M1958_1875-11-01_OBS-R.jpg
1875	11	17	14	00	0	0.71	|	orig=021 inHg|Local time: 1400|QC flag: low value|Image File: YorkFactory_USSS-412_M1958_1875-11-01_OBS-R.jpg
1875	11	17	21	00	0	0.91	|	orig=027 inHg|Local time: 2100|QC flag: low value|Image File: YorkFactory_USSS-412_M1958_1875-11-01_OBS-R.jpg
1875	11	18	07	00	0	1.15	|	orig=034 inHg|Local time: 0700|QC flag: low value|Image File: YorkFactory_USSS-412_M1958_1875-11-01_OBS-R.jpg
1875	11	18	14	00	0	1.02	|	orig=030 inHg|Local time: 1400|QC flag: low value|Image File: YorkFactory_USSS-412_M1958_1875-11-01_OBS-R.jpg
1875	11	18	21	00	0	2.30	|	orig=068 inHg|Local time: 2100|QC flag: low value|Image File: YorkFactory_USSS-412_M1958_1875-11-01_OBS-R.jpg
1875	11	19	07	00	0	1.56	|	orig=046 inHg|Local time: 0700|QC flag: low value|Image File: YorkFactory_USSS-412_M1958_1875-11-01_OBS-R.jpg
1875	11	19	14	00	0	1.69	|	orig=050 inHg|Local time: 1400|QC flag: low value|Image File: YorkFactory_USSS-412_M1958_1875-11-01_OBS-R.jpg
1875	11	19	21	00	0	1.02	|	orig=030 inHg|Local time: 2100|QC flag: low value|Image File: YorkFactory_USSS-412_M1958_1875-11-01_OBS-R.jpg
1875	11	20	07	00	0	1.32	|	orig=039 inHg|Local time: 0700|QC flag: low value|Image File: YorkFactory_USSS-412_M1958_1875-11-01_OBS-R.jpg
1875	11	20	14	00	0	0.95	|	orig=028 inHg|Local time: 1400|QC flag: low value|Image File: YorkFactory_USSS-412_M1958_1875-11-01_OBS-R.jpg
1875	11	20	21	00	0	0.68	|	orig=020 inHg|Local time: 2100|QC flag: low value|Image File: YorkFactory_USSS-412_M1958_1875-11-01_OBS-R.jpg
1875	11	21	07	00	0	-999	|	orig=" inHg|Local time: 0700|QC flag: missing|Image File: YorkFactory_USSS-412_M1958_1875-11-01_OBS-R.jpg
1875	11	21	14	00	0	0.41	|	orig=012 inHg|Local time: 1400|QC flag: low value|Image File: YorkFactory_USSS-412_M1958_1875-11-01_OBS-R.jpg
1875	11	21	21	00	0	-999	|	orig=" inHg|Local time: 2100|QC flag: missing|Image File: YorkFactory_USSS-412_M1958_1875-11-01_OBS-R.jpg
1875	11	22	07	00	0	-999	|	orig=" inHg|Local time: 0700|QC flag: missing|Image File: YorkFactory_USSS-412_M1958_1875-11-01_OBS-R.jpg
1875	11	22	14	00	0	-999	|	orig=" inHg|Local time: 1400|QC flag: missing|Image File: YorkFactory_USSS-412_M1958_1875-11-01_OBS-R.jpg
1875	11	22	21	00	0	-999	|	orig=" inHg|Local time: 2100|QC flag: missing|Image File: YorkFactory_USSS-412_M1958_1875-11-01_OBS-R.jpg
1875	11	23	07	00	0	-999	|	orig=" inHg|Local time: 0700|QC flag: missing|Image File: YorkFactory_USSS-412_M1958_1875-11-01_OBS-R.jpg
1875	11	23	14	00	0	-999	|	orig=" inHg|Local time: 1400|QC flag: missing|Image File: YorkFactory_USSS-412_M1958_1875-11-01_OBS-R.jpg
1875	11	23	21	00	0	-999	|	orig=" inHg|Local time: 2100|QC flag: missing|Image File: YorkFactory_USSS-412_M1958_1875-11-01_OBS-R.jpg
1875	11	24	07	00	0	-999	|	orig=" inHg|Local time: 0700|QC flag: missing|Image File: YorkFactory_USSS-412_M1958_1875-11-01_OBS-R.jpg
1875	11	24	14	00	0	0.81	|	orig=024 inHg|Local time: 1400|QC flag: low value|Image File: YorkFactory_USSS-412_M1958_1875-11-01_OBS-R.jpg
1875	11	24	21	00	0	0.41	|	orig=012 inHg|Local time: 2100|QC flag: low value|Image File: YorkFactory_USSS-412_M1958_1875-11-01_OBS-R.jpg
1875	11	25	07	00	0	-999	|	orig=" inHg|Local time: 0700|QC flag: missing|Image File: YorkFactory_USSS-412_M1958_1875-11-01_OBS-R.jpg
1875	11	25	14	00	0	-999	|	orig=" inHg|Local time: 1400|QC flag: missing|Image File: YorkFactory_USSS-412_M1958_1875-11-01_OBS-R.jpg
1875	11	25	21	00	0	-999	|	orig=" inHg|Local time: 2100|QC flag: missing|Image File: YorkFactory_USSS-412_M1958_1875-11-01_OBS-R.jpg
1875	11	26	07	00	0	0.75	|	orig=022 inHg|Local time: 0700|QC flag: low value|Image File: YorkFactory_USSS-412_M1958_1875-11-01_OBS-R.jpg
1875	11	26	14	00	0	0.68	|	orig=020 inHg|Local time: 1400|QC flag: low value|Image File: YorkFactory_USSS-412_M1958_1875-11-01_OBS-R.jpg
1875	11	26	21	00	0	-999	|	orig=" inHg|Local time: 2100|QC flag: missing|Image File: YorkFactory_USSS-412_M1958_1875-11-01_OBS-R.jpg
1875	11	27	07	00	0	-999	|	orig=" inHg|Local time: 0700|QC flag: missing|Image File: YorkFactory_USSS-412_M1958_1875-11-01_OBS-R.jpg
1875	11	27	14	00	0	-999	|	orig=" inHg|Local time: 1400|QC flag: missing|Image File: YorkFactory_USSS-412_M1958_1875-11-01_OBS-R.jpg
1875	11	27	21	00	0	-999	|	orig=" inHg|Local time: 2100|QC flag: missing|Image File: YorkFactory_USSS-412_M1958_1875-11-01_OBS-R.jpg
1875	11	28	07	00	0	-999	|	orig=Illegible inHg|Local time: 0700|QC flag: illegible|Image File: YorkFactory_USSS-412_M1958_1875-11-01_OBS-R.jpg
1875	11	28	14	00	0	-999	|	orig=Illegible inHg|Local time: 1400|QC flag: illegible|Image File: YorkFactory_USSS-412_M1958_1875-11-01_OBS-R.jpg
1875	11	28	21	00	0	-999	|	orig=Illegible inHg|Local time: 2100|QC flag: illegible|Image File: YorkFactory_USSS-412_M1958_1875-11-01_OBS-R.jpg
1875	11	29	07	00	0	-999	|	orig=" inHg|Local time: 0700|QC flag: missing|Image File: YorkFactory_USSS-412_M1958_1875-11-01_OBS-R.jpg
1875	11	29	14	00	0	-999	|	orig=" inHg|Local time: 1400|QC flag: missing|Image File: YorkFactory_USSS-412_M1958_1875-11-01_OBS-R.jpg
1875	11	29	21	00	0	-999	|	orig=" inHg|Local time: 2100|QC flag: missing|Image File: YorkFactory_USSS-412_M1958_1875-11-01_OBS-R.jpg
1875	11	30	07	00	0	-999	|	orig=" inHg|Local time: 0700|QC flag: missing|Image File: YorkFactory_USSS-412_M1958_1875-11-01_OBS-R.jpg
1875	11	30	14	00	0	-999	|	orig=" inHg|Local time: 1400|QC flag: missing|Image File: YorkFactory_USSS-412_M1958_1875-11-01_OBS-R.jpg
1875	11	30	21	00	0	-999	|	orig=" inHg|Local time: 2100|QC flag: missing|Image File: YorkFactory_USSS-412_M1958_1875-11-01_OBS-R.jpg
1875	12	01	07	00	0	0.41	|	orig=.012 inHg|Local time: 0700|QC flag: low value|Image File: YorkFactory_USSS-412_M1958_1875-12-01_OBS-R.jpg
1875	12	01	14	00	0	0.54	|	orig=.016 inHg|Local time: 1400|QC flag: low value|Image File: YorkFactory_USSS-412_M1958_1875-12-01_OBS-R.jpg
1875	12	01	21	00	0	0.58	|	orig=.017 inHg|Local time: 2100|QC flag: low value|Image File: YorkFactory_USSS-412_M1958_1875-12-01_OBS-R.jpg
1875	12	02	07	00	0	0.81	|	orig=.024 inHg|Local time: 0700|QC flag: low value|Image File: YorkFactory_USSS-412_M1958_1875-12-01_OBS-R.jpg
1875	12	02	14	00	0	1.15	|	orig=.034 inHg|Local time: 1400|QC flag: low value|Image File: YorkFactory_USSS-412_M1958_1875-12-01_OBS-R.jpg
1875	12	02	21	00	0	0.75	|	orig=.022 inHg|Local time: 2100|QC flag: low value|Image File: YorkFactory_USSS-412_M1958_1875-12-01_OBS-R.jpg
1875	12	03	07	00	0	0.68	|	orig=.020 inHg|Local time: 0700|QC flag: low value|Image File: YorkFactory_USSS-412_M1958_1875-12-01_OBS-R.jpg
1875	12	03	14	00	0	0.85	|	orig=.025 inHg|Local time: 1400|QC flag: low value|Image File: YorkFactory_USSS-412_M1958_1875-12-01_OBS-R.jpg
1875	12	03	21	00	0	0.95	|	orig=.028 inHg|Local time: 2100|QC flag: low value|Image File: YorkFactory_USSS-412_M1958_1875-12-01_OBS-R.jpg
1875	12	04	07	00	0	1.56	|	orig=.046 inHg|Local time: 0700|QC flag: low value|Image File: YorkFactory_USSS-412_M1958_1875-12-01_OBS-R.jpg
1875	12	04	14	00	0	2.20	|	orig=.065 inHg|Local time: 1400|QC flag: low value|Image File: YorkFactory_USSS-412_M1958_1875-12-01_OBS-R.jpg
1875	12	04	21	00	0	2.71	|	orig=.080 inHg|Local time: 2100|QC flag: low value|Image File: YorkFactory_USSS-412_M1958_1875-12-01_OBS-R.jpg
1875	12	05	07	00	0	3.49	|	orig=.103 inHg|Local time: 0700|QC flag: low value|Image File: YorkFactory_USSS-412_M1958_1875-12-01_OBS-R.jpg
1875	12	05	14	00	0	4.00	|	orig=.118 inHg|Local time: 1400|QC flag: low value|Image File: YorkFactory_USSS-412_M1958_1875-12-01_OBS-R.jpg
1875	12	05	21	00	0	2.54	|	orig=.075 inHg|Local time: 2100|QC flag: low value|Image File: YorkFactory_USSS-412_M1958_1875-12-01_OBS-R.jpg
1875	12	06	07	00	0	1.63	|	orig=.048 inHg|Local time: 0700|QC flag: low value|Image File: YorkFactory_USSS-412_M1958_1875-12-01_OBS-R.jpg
1875	12	06	14	00	0	1.52	|	orig=.045 inHg|Local time: 1400|QC flag: low value|Image File: YorkFactory_USSS-412_M1958_1875-12-01_OBS-R.jpg
1875	12	06	21	00	0	1.32	|	orig=.039 inHg|Local time: 2100|QC flag: low value|Image File: YorkFactory_USSS-412_M1958_1875-12-01_OBS-R.jpg
1875	12	07	07	00	0	1.15	|	orig=.034 inHg|Local time: 0700|QC flag: low value|Image File: YorkFactory_USSS-412_M1958_1875-12-01_OBS-R.jpg
1875	12	07	14	00	0	1.15	|	orig=.034 inHg|Local time: 1400|QC flag: low value|Image File: YorkFactory_USSS-412_M1958_1875-12-01_OBS-R.jpg
1875	12	07	21	00	0	-999	|	orig=Empty inHg|Local time: 2100|QC flag: missing|Image File: YorkFactory_USSS-412_M1958_1875-12-01_OBS-R.jpg
1875	12	08	07	00	0	-999	|	orig=Empty inHg|Local time: 0700|QC flag: missing|Image File: YorkFactory_USSS-412_M1958_1875-12-01_OBS-R.jpg
1875	12	08	14	00	0	-999	|	orig=Empty inHg|Local time: 1400|QC flag: missing|Image File: YorkFactory_USSS-412_M1958_1875-12-01_OBS-R.jpg
1875	12	08	21	00	0	0.64	|	orig=.019 inHg|Local time: 2100|QC flag: low value|Image File: YorkFactory_USSS-412_M1958_1875-12-01_OBS-R.jpg
1875	12	09	07	00	0	0.64	|	orig=.019 inHg|Local time: 0700|QC flag: low value|Image File: YorkFactory_USSS-412_M1958_1875-12-01_OBS-R.jpg
1875	12	09	14	00	0	0.64	|	orig=.019 inHg|Local time: 1400|QC flag: low value|Image File: YorkFactory_USSS-412_M1958_1875-12-01_OBS-R.jpg
1875	12	09	21	00	0	0.64	|	orig=.019 inHg|Local time: 2100|QC flag: low value|Image File: YorkFactory_USSS-412_M1958_1875-12-01_OBS-R.jpg
1875	12	10	07	00	0	0.41	|	orig=.012 inHg|Local time: 0700|QC flag: low value|Image File: YorkFactory_USSS-412_M1958_1875-12-01_OBS-R.jpg
1875	12	10	14	00	0	0.41	|	orig=.012 inHg|Local time: 1400|QC flag: low value|Image File: YorkFactory_USSS-412_M1958_1875-12-01_OBS-R.jpg
1875	12	10	21	00	0	-999	|	orig=Empty inHg|Local time: 2100|QC flag: missing|Image File: YorkFactory_USSS-412_M1958_1875-12-01_OBS-R.jpg
1875	12	11	07	00	0	0.75	|	orig=.022 inHg|Local time: 0700|QC flag: low value|Image File: YorkFactory_USSS-412_M1958_1875-12-01_OBS-R.jpg
1875	12	11	14	00	0	1.25	|	orig=0.037 inHg|Local time: 1400|QC flag: low value|Image File: YorkFactory_USSS-412_M1958_1875-12-01_OBS-R.jpg
1875	12	11	21	00	0	1.46	|	orig=.043 inHg|Local time: 2100|QC flag: low value|Image File: YorkFactory_USSS-412_M1958_1875-12-01_OBS-R.jpg
1875	12	12	07	00	0	1.83	|	orig=.054 inHg|Local time: 0700|QC flag: low value|Image File: YorkFactory_USSS-412_M1958_1875-12-01_OBS-R.jpg
1875	12	12	14	00	0	1.59	|	orig=.047 inHg|Local time: 1400|QC flag: low value|Image File: YorkFactory_USSS-412_M1958_1875-12-01_OBS-R.jpg
1875	12	12	21	00	0	1.52	|	orig=.045 inHg|Local time: 2100|QC flag: low value|Image File: YorkFactory_USSS-412_M1958_1875-12-01_OBS-R.jpg
1875	12	13	07	00	0	1.15	|	orig=.034 inHg|Local time: 0700|QC flag: low value|Image File: YorkFactory_USSS-412_M1958_1875-12-01_OBS-R.jpg
1875	12	13	14	00	0	0.64	|	orig=.019 inHg|Local time: 1400|QC flag: low value|Image File: YorkFactory_USSS-412_M1958_1875-12-01_OBS-R.jpg
1875	12	13	21	00	0	0.54	|	orig=.016 inHg|Local time: 2100|QC flag: low value|Image File: YorkFactory_USSS-412_M1958_1875-12-01_OBS-R.jpg
1875	12	15	07	00	0	0.54	|	orig=.016 inHg|Local time: 0700|QC flag: low value|Image File: YorkFactory_USSS-412_M1958_1875-12-01_OBS-R.jpg
1875	12	15	14	00	0	0.98	|	orig=.029 inHg|Local time: 1400|QC flag: low value|Image File: YorkFactory_USSS-412_M1958_1875-12-01_OBS-R.jpg
1875	12	15	21	00	0	0.68	|	orig=.020 inHg|Local time: 2100|QC flag: low value|Image File: YorkFactory_USSS-412_M1958_1875-12-01_OBS-R.jpg
1875	12	16	07	00	0	0.88	|	orig=.026 inHg|Local time: 0700|QC flag: low value|Image File: YorkFactory_USSS-412_M1958_1875-12-01_OBS-R.jpg
1875	12	16	14	00	0	0.41	|	orig=.012 inHg|Local time: 1400|QC flag: low value|Image File: YorkFactory_USSS-412_M1958_1875-12-01_OBS-R.jpg
1875	12	16	21	00	0	-999	|	orig=Empty inHg|Local time: 2100|QC flag: missing|Image File: YorkFactory_USSS-412_M1958_1875-12-01_OBS-R.jpg
1875	12	19	14	00	0	0.54	|	orig=.016 inHg|Local time: 1400|QC flag: low value|Image File: YorkFactory_USSS-412_M1958_1875-12-01_OBS-R.jpg
1875	12	19	21	00	0	0.88	|	orig=.026 inHg|Local time: 2100|QC flag: low value|Image File: YorkFactory_USSS-412_M1958_1875-12-01_OBS-R.jpg
1875	12	20	07	00	0	0.85	|	orig=.025 inHg|Local time: 0700|QC flag: low value|Image File: YorkFactory_USSS-412_M1958_1875-12-01_OBS-R.jpg
1875	12	20	14	00	0	0.91	|	orig=.027 inHg|Local time: 1400|QC flag: low value|Image File: YorkFactory_USSS-412_M1958_1875-12-01_OBS-R.jpg
1875	12	20	21	00	0	0.78	|	orig=.023 inHg|Local time: 2100|QC flag: low value|Image File: YorkFactory_USSS-412_M1958_1875-12-01_OBS-R.jpg
1875	12	21	21	00	0	0.51	|	orig=.015 inHg|Local time: 2100|QC flag: low value|Image File: YorkFactory_USSS-412_M1958_1875-12-01_OBS-R.jpg
1875	12	22	07	00	0	0.44	|	orig=.013 inHg|Local time: 0700|QC flag: low value|Image File: YorkFactory_USSS-412_M1958_1875-12-01_OBS-R.jpg
1875	12	24	07	00	0	0.85	|	orig=.025 inHg|Local time: 0700|QC flag: low value|Image File: YorkFactory_USSS-412_M1958_1875-12-01_OBS-R.jpg
1875	12	24	14	00	0	1.25	|	orig=.037 inHg|Local time: 1400|QC flag: low value|Image File: YorkFactory_USSS-412_M1958_1875-12-01_OBS-R.jpg
1875	12	24	21	00	0	0.61	|	orig=.018 inHg|Local time: 2100|QC flag: low value|Image File: YorkFactory_USSS-412_M1958_1875-12-01_OBS-R.jpg
1875	12	28	14	00	0	0.81	|	orig=.024 inHg|Local time: 1400|QC flag: low value|Image File: YorkFactory_USSS-412_M1958_1875-12-01_OBS-R.jpg
1875	12	28	21	00	0	0.78	|	orig=.023 inHg|Local time: 2100|QC flag: low value|Image File: YorkFactory_USSS-412_M1958_1875-12-01_OBS-R.jpg
1875	12	29	07	00	0	1.12	|	orig=.033 inHg|Local time: 0700|QC flag: low value|Image File: YorkFactory_USSS-412_M1958_1875-12-01_OBS-R.jpg
1875	12	29	14	00	0	1.39	|	orig=.041 inHg|Local time: 1400|QC flag: low value|Image File: YorkFactory_USSS-412_M1958_1875-12-01_OBS-R.jpg
1875	12	29	21	00	0	2.40	|	orig=.071 inHg|Local time: 2100|QC flag: low value|Image File: YorkFactory_USSS-412_M1958_1875-12-01_OBS-R.jpg
1875	12	30	07	00	0	0.88	|	orig=.026 inHg|Local time: 0700|QC flag: low value|Image File: YorkFactory_USSS-412_M1958_1875-12-01_OBS-R.jpg
1875	12	30	14	00	0	0.78	|	orig=.023 inHg|Local time: 1400|QC flag: low value|Image File: YorkFactory_USSS-412_M1958_1875-12-01_OBS-R.jpg
1875	12	30	21	00	0	0.61	|	orig=.018 inHg|Local time: 2100|QC flag: low value|Image File: YorkFactory_USSS-412_M1958_1875-12-01_OBS-R.jpg
1875	12	31	14	00	0	0.30	|	orig=.009 inHg|Local time: 1400|QC flag: low value|Image File: YorkFactory_USSS-412_M1958_1875-12-01_OBS-R.jpg
1875	12	31	21	00	0	0.20	|	orig=.006 inHg|Local time: 2100|QC flag: low value|Image File: YorkFactory_USSS-412_M1958_1875-12-01_OBS-R.jpg
1876	01	01	07	00	0	-999	|	orig=" inHg|Local time: 0700|QC flag: missing|Image File: YorkFactory_USSS-412_M1958_1876-01-01_OBS-R.jpg
1876	01	01	14	00	0	0.58	|	orig=017 inHg|Local time: 1400|QC flag: low value|Image File: YorkFactory_USSS-412_M1958_1876-01-01_OBS-R.jpg
1876	01	01	21	00	0	1.22	|	orig=036 inHg|Local time: 2100|QC flag: low value|Image File: YorkFactory_USSS-412_M1958_1876-01-01_OBS-R.jpg
1876	01	02	07	00	0	1.25	|	orig=037 inHg|Local time: 0700|QC flag: low value|Image File: YorkFactory_USSS-412_M1958_1876-01-01_OBS-R.jpg
1876	01	02	14	00	0	1.42	|	orig=042 inHg|Local time: 1400|QC flag: low value|Image File: YorkFactory_USSS-412_M1958_1876-01-01_OBS-R.jpg
1876	01	02	21	00	0	1.29	|	orig=038 inHg|Local time: 2100|QC flag: low value|Image File: YorkFactory_USSS-412_M1958_1876-01-01_OBS-R.jpg
1876	01	03	07	00	0	-999	|	orig=" inHg|Local time: 0700|QC flag: missing|Image File: YorkFactory_USSS-412_M1958_1876-01-01_OBS-R.jpg
1876	01	03	14	00	0	-999	|	orig=" inHg|Local time: 1400|QC flag: missing|Image File: YorkFactory_USSS-412_M1958_1876-01-01_OBS-R.jpg
1876	01	03	21	00	0	-999	|	orig=" inHg|Local time: 2100|QC flag: missing|Image File: YorkFactory_USSS-412_M1958_1876-01-01_OBS-R.jpg
1876	01	04	07	00	0	-999	|	orig=" inHg|Local time: 0700|QC flag: missing|Image File: YorkFactory_USSS-412_M1958_1876-01-01_OBS-R.jpg
1876	01	04	14	00	0	-999	|	orig=" inHg|Local time: 1400|QC flag: missing|Image File: YorkFactory_USSS-412_M1958_1876-01-01_OBS-R.jpg
1876	01	04	21	00	0	-999	|	orig=" inHg|Local time: 2100|QC flag: missing|Image File: YorkFactory_USSS-412_M1958_1876-01-01_OBS-R.jpg
1876	01	05	07	00	0	-999	|	orig=" inHg|Local time: 0700|QC flag: missing|Image File: YorkFactory_USSS-412_M1958_1876-01-01_OBS-R.jpg
1876	01	05	14	00	0	0.41	|	orig=012 inHg|Local time: 1400|QC flag: low value|Image File: YorkFactory_USSS-412_M1958_1876-01-01_OBS-R.jpg
1876	01	05	21	00	0	0.71	|	orig=021 inHg|Local time: 2100|QC flag: low value|Image File: YorkFactory_USSS-412_M1958_1876-01-01_OBS-R.jpg
1876	01	06	07	00	0	1.39	|	orig=041 inHg|Local time: 0700|QC flag: low value|Image File: YorkFactory_USSS-412_M1958_1876-01-01_OBS-R.jpg
1876	01	06	14	00	0	1.15	|	orig=034 inHg|Local time: 1400|QC flag: low value|Image File: YorkFactory_USSS-412_M1958_1876-01-01_OBS-R.jpg
1876	01	06	21	00	0	0.81	|	orig=024 inHg|Local time: 2100|QC flag: low value|Image File: YorkFactory_USSS-412_M1958_1876-01-01_OBS-R.jpg
1876	01	07	07	00	0	0.61	|	orig=018 inHg|Local time: 0700|QC flag: low value|Image File: YorkFactory_USSS-412_M1958_1876-01-01_OBS-R.jpg
1876	01	07	14	00	0	0.64	|	orig=019 inHg|Local time: 1400|QC flag: low value|Image File: YorkFactory_USSS-412_M1958_1876-01-01_OBS-R.jpg
1876	01	07	21	00	0	0.41	|	orig=012 inHg|Local time: 2100|QC flag: low value|Image File: YorkFactory_USSS-412_M1958_1876-01-01_OBS-R.jpg
1876	01	08	07	00	0	-999	|	orig=" inHg|Local time: 0700|QC flag: missing|Image File: YorkFactory_USSS-412_M1958_1876-01-01_OBS-R.jpg
1876	01	08	14	00	0	0.44	|	orig=013 inHg|Local time: 1400|QC flag: low value|Image File: YorkFactory_USSS-412_M1958_1876-01-01_OBS-R.jpg
1876	01	08	21	00	0	0.51	|	orig=015 inHg|Local time: 2100|QC flag: low value|Image File: YorkFactory_USSS-412_M1958_1876-01-01_OBS-R.jpg
1876	01	09	07	00	0	0.68	|	orig=020 inHg|Local time: 0700|QC flag: low value|Image File: YorkFactory_USSS-412_M1958_1876-01-01_OBS-R.jpg
1876	01	09	14	00	0	0.61	|	orig=018 inHg|Local time: 1400|QC flag: low value|Image File: YorkFactory_USSS-412_M1958_1876-01-01_OBS-R.jpg
1876	01	09	21	00	0	0.78	|	orig=023 inHg|Local time: 2100|QC flag: low value|Image File: YorkFactory_USSS-412_M1958_1876-01-01_OBS-R.jpg
1876	01	10	07	00	0	-999	|	orig=" inHg|Local time: 0700|QC flag: missing|Image File: YorkFactory_USSS-412_M1958_1876-01-01_OBS-R.jpg
1876	01	10	14	00	0	0.61	|	orig=018 inHg|Local time: 1400|QC flag: low value|Image File: YorkFactory_USSS-412_M1958_1876-01-01_OBS-R.jpg
1876	01	10	21	00	0	-999	|	orig=" inHg|Local time: 2100|QC flag: missing|Image File: YorkFactory_USSS-412_M1958_1876-01-01_OBS-R.jpg
1876	01	11	07	00	0	-999	|	orig=" inHg|Local time: 0700|QC flag: missing|Image File: YorkFactory_USSS-412_M1958_1876-01-01_OBS-R.jpg
1876	01	11	14	00	0	0.61	|	orig=018 inHg|Local time: 1400|QC flag: low value|Image File: YorkFactory_USSS-412_M1958_1876-01-01_OBS-R.jpg
1876	01	11	21	00	0	0.78	|	orig=023 inHg|Local time: 2100|QC flag: low value|Image File: YorkFactory_USSS-412_M1958_1876-01-01_OBS-R.jpg
1876	01	12	07	00	0	0.41	|	orig=012 inHg|Local time: 0700|QC flag: low value|Image File: YorkFactory_USSS-412_M1958_1876-01-01_OBS-R.jpg
1876	01	12	14	00	0	0.47	|	orig=014 inHg|Local time: 1400|QC flag: low value|Image File: YorkFactory_USSS-412_M1958_1876-01-01_OBS-R.jpg
1876	01	12	21	00	0	0.47	|	orig=014 inHg|Local time: 2100|QC flag: low value|Image File: YorkFactory_USSS-412_M1958_1876-01-01_OBS-R.jpg
1876	01	13	07	00	0	1.19	|	orig=035 inHg|Local time: 0700|QC flag: low value|Image File: YorkFactory_USSS-412_M1958_1876-01-01_OBS-R.jpg
1876	01	13	14	00	0	1.29	|	orig=038 inHg|Local time: 1400|QC flag: low value|Image File: YorkFactory_USSS-412_M1958_1876-01-01_OBS-R.jpg
1876	01	13	21	00	0	0.71	|	orig=021 inHg|Local time: 2100|QC flag: low value|Image File: YorkFactory_USSS-412_M1958_1876-01-01_OBS-R.jpg
1876	01	14	07	00	0	-999	|	orig=" inHg|Local time: 0700|QC flag: missing|Image File: YorkFactory_USSS-412_M1958_1876-01-01_OBS-R.jpg
1876	01	14	14	00	0	0.95	|	orig=028 inHg|Local time: 1400|QC flag: low value|Image File: YorkFactory_USSS-412_M1958_1876-01-01_OBS-R.jpg
1876	01	14	21	00	0	1.59	|	orig=047 inHg|Local time: 2100|QC flag: low value|Image File: YorkFactory_USSS-412_M1958_1876-01-01_OBS-R.jpg
1876	01	15	07	00	0	1.46	|	orig=043 inHg|Local time: 0700|QC flag: low value|Image File: YorkFactory_USSS-412_M1958_1876-01-01_OBS-R.jpg
1876	01	15	14	00	0	1.63	|	orig=048 inHg|Local time: 1400|QC flag: low value|Image File: YorkFactory_USSS-412_M1958_1876-01-01_OBS-R.jpg
1876	01	15	21	00	0	1.22	|	orig=036 inHg|Local time: 2100|QC flag: low value|Image File: YorkFactory_USSS-412_M1958_1876-01-01_OBS-R.jpg
1876	01	16	07	00	0	0.75	|	orig=022 inHg|Local time: 0700|QC flag: low value|Image File: YorkFactory_USSS-412_M1958_1876-01-01_OBS-R.jpg
1876	01	16	14	00	0	2.20	|	orig=065 inHg|Local time: 1400|QC flag: low value|Image File: YorkFactory_USSS-412_M1958_1876-01-01_OBS-R.jpg
1876	01	16	21	00	0	2.78	|	orig=082 inHg|Local time: 2100|QC flag: low value|Image File: YorkFactory_USSS-412_M1958_1876-01-01_OBS-R.jpg
1876	01	17	07	00	0	2.98	|	orig=088 inHg|Local time: 0700|QC flag: low value|Image File: YorkFactory_USSS-412_M1958_1876-01-01_OBS-R.jpg
1876	01	17	14	00	0	3.32	|	orig=098 inHg|Local time: 1400|QC flag: low value|Image File: YorkFactory_USSS-412_M1958_1876-01-01_OBS-R.jpg
1876	01	17	21	00	0	2.57	|	orig=076 inHg|Local time: 2100|QC flag: low value|Image File: YorkFactory_USSS-412_M1958_1876-01-01_OBS-R.jpg
1876	01	18	07	00	0	1.52	|	orig=045 inHg|Local time: 0700|QC flag: low value|Image File: YorkFactory_USSS-412_M1958_1876-01-01_OBS-R.jpg
1876	01	18	14	00	0	1.76	|	orig=052 inHg|Local time: 1400|QC flag: low value|Image File: YorkFactory_USSS-412_M1958_1876-01-01_OBS-R.jpg
1876	01	18	21	00	0	1.15	|	orig=034 inHg|Local time: 2100|QC flag: low value|Image File: YorkFactory_USSS-412_M1958_1876-01-01_OBS-R.jpg
1876	01	19	07	00	0	0.37	|	orig=011 inHg|Local time: 0700|QC flag: low value|Image File: YorkFactory_USSS-412_M1958_1876-01-01_OBS-R.jpg
1876	01	19	14	00	0	0.64	|	orig=019 inHg|Local time: 1400|QC flag: low value|Image File: YorkFactory_USSS-412_M1958_1876-01-01_OBS-R.jpg
1876	01	19	21	00	0	0.68	|	orig=020 inHg|Local time: 2100|QC flag: low value|Image File: YorkFactory_USSS-412_M1958_1876-01-01_OBS-R.jpg
1876	01	20	07	00	0	-999	|	orig=" inHg|Local time: 0700|QC flag: missing|Image File: YorkFactory_USSS-412_M1958_1876-01-01_OBS-R.jpg
1876	01	20	14	00	0	0.68	|	orig=020 inHg|Local time: 1400|QC flag: low value|Image File: YorkFactory_USSS-412_M1958_1876-01-01_OBS-R.jpg
1876	01	20	21	00	0	1.02	|	orig=030 inHg|Local time: 2100|QC flag: low value|Image File: YorkFactory_USSS-412_M1958_1876-01-01_OBS-R.jpg
1876	01	21	07	00	0	0.98	|	orig=029 inHg|Local time: 0700|QC flag: low value|Image File: YorkFactory_USSS-412_M1958_1876-01-01_OBS-R.jpg
1876	01	21	14	00	0	0.81	|	orig=024 inHg|Local time: 1400|QC flag: low value|Image File: YorkFactory_USSS-412_M1958_1876-01-01_OBS-R.jpg
1876	01	21	21	00	0	1.02	|	orig=030 inHg|Local time: 2100|QC flag: low value|Image File: YorkFactory_USSS-412_M1958_1876-01-01_OBS-R.jpg
1876	01	22	07	00	0	0.58	|	orig=017 inHg|Local time: 0700|QC flag: low value|Image File: YorkFactory_USSS-412_M1958_1876-01-01_OBS-R.jpg
1876	01	22	14	00	0	0.64	|	orig=019 inHg|Local time: 1400|QC flag: low value|Image File: YorkFactory_USSS-412_M1958_1876-01-01_OBS-R.jpg
1876	01	22	21	00	0	0.58	|	orig=017 inHg|Local time: 2100|QC flag: low value|Image File: YorkFactory_USSS-412_M1958_1876-01-01_OBS-R.jpg
1876	01	23	07	00	0	0.47	|	orig=014 inHg|Local time: 0700|QC flag: low value|Image File: YorkFactory_USSS-412_M1958_1876-01-01_OBS-R.jpg
1876	01	23	14	00	0	0.51	|	orig=015 inHg|Local time: 1400|QC flag: low value|Image File: YorkFactory_USSS-412_M1958_1876-01-01_OBS-R.jpg
1876	01	23	21	00	0	-999	|	orig=" inHg|Local time: 2100|QC flag: missing|Image File: YorkFactory_USSS-412_M1958_1876-01-01_OBS-R.jpg
1876	01	24	07	00	0	-999	|	orig=" inHg|Local time: 0700|QC flag: missing|Image File: YorkFactory_USSS-412_M1958_1876-01-01_OBS-R.jpg
1876	01	24	14	00	0	0.47	|	orig=014 inHg|Local time: 1400|QC flag: low value|Image File: YorkFactory_USSS-412_M1958_1876-01-01_OBS-R.jpg
1876	01	24	21	00	0	0.41	|	orig=012 inHg|Local time: 2100|QC flag: low value|Image File: YorkFactory_USSS-412_M1958_1876-01-01_OBS-R.jpg
1876	01	25	07	00	0	-999	|	orig=" inHg|Local time: 0700|QC flag: missing|Image File: YorkFactory_USSS-412_M1958_1876-01-01_OBS-R.jpg
1876	01	25	14	00	0	0.61	|	orig=018 inHg|Local time: 1400|QC flag: low value|Image File: YorkFactory_USSS-412_M1958_1876-01-01_OBS-R.jpg
1876	01	25	21	00	0	-999	|	orig=" inHg|Local time: 2100|QC flag: missing|Image File: YorkFactory_USSS-412_M1958_1876-01-01_OBS-R.jpg
1876	01	26	07	00	0	0.68	|	orig=020 inHg|Local time: 0700|QC flag: low value|Image File: YorkFactory_USSS-412_M1958_1876-01-01_OBS-R.jpg
1876	01	26	14	00	0	1.22	|	orig=036 inHg|Local time: 1400|QC flag: low value|Image File: YorkFactory_USSS-412_M1958_1876-01-01_OBS-R.jpg
1876	01	26	21	00	0	0.81	|	orig=024 inHg|Local time: 2100|QC flag: low value|Image File: YorkFactory_USSS-412_M1958_1876-01-01_OBS-R.jpg
1876	01	27	07	00	0	-999	|	orig=" inHg|Local time: 0700|QC flag: missing|Image File: YorkFactory_USSS-412_M1958_1876-01-01_OBS-R.jpg
1876	01	27	14	00	0	-999	|	orig=" inHg|Local time: 1400|QC flag: missing|Image File: YorkFactory_USSS-412_M1958_1876-01-01_OBS-R.jpg
1876	01	27	21	00	0	-999	|	orig=" inHg|Local time: 2100|QC flag: missing|Image File: YorkFactory_USSS-412_M1958_1876-01-01_OBS-R.jpg
1876	01	28	07	00	0	-999	|	orig=" inHg|Local time: 0700|QC flag: missing|Image File: YorkFactory_USSS-412_M1958_1876-01-01_OBS-R.jpg
1876	01	28	14	00	0	-999	|	orig=" inHg|Local time: 1400|QC flag: missing|Image File: YorkFactory_USSS-412_M1958_1876-01-01_OBS-R.jpg
1876	01	28	21	00	0	-999	|	orig=" inHg|Local time: 2100|QC flag: missing|Image File: YorkFactory_USSS-412_M1958_1876-01-01_OBS-R.jpg
1876	01	29	07	00	0	-999	|	orig=" inHg|Local time: 0700|QC flag: missing|Image File: YorkFactory_USSS-412_M1958_1876-01-01_OBS-R.jpg
1876	01	29	14	00	0	-999	|	orig=" inHg|Local time: 1400|QC flag: missing|Image File: YorkFactory_USSS-412_M1958_1876-01-01_OBS-R.jpg
1876	01	29	21	00	0	-999	|	orig=" inHg|Local time: 2100|QC flag: missing|Image File: YorkFactory_USSS-412_M1958_1876-01-01_OBS-R.jpg
1876	01	30	07	00	0	-999	|	orig=" inHg|Local time: 0700|QC flag: missing|Image File: YorkFactory_USSS-412_M1958_1876-01-01_OBS-R.jpg
1876	01	30	14	00	0	-999	|	orig=" inHg|Local time: 1400|QC flag: missing|Image File: YorkFactory_USSS-412_M1958_1876-01-01_OBS-R.jpg
1876	01	30	21	00	0	-999	|	orig=" inHg|Local time: 2100|QC flag: missing|Image File: YorkFactory_USSS-412_M1958_1876-01-01_OBS-R.jpg
1876	01	31	07	00	0	-999	|	orig=" inHg|Local time: 0700|QC flag: missing|Image File: YorkFactory_USSS-412_M1958_1876-01-01_OBS-R.jpg
1876	01	31	14	00	0	-999	|	orig=" inHg|Local time: 1400|QC flag: missing|Image File: YorkFactory_USSS-412_M1958_1876-01-01_OBS-R.jpg
1876	01	31	21	00	0	-999	|	orig=" inHg|Local time: 2100|QC flag: missing|Image File: YorkFactory_USSS-412_M1958_1876-01-01_OBS-R.jpg
1876	02	01	07	00	0	-999	|	orig=" inHg|Local time: 0700|QC flag: missing|Image File: YorkFactory_USSS-412_M1958_1876-02-01_OBS-R.jpg
1876	02	01	14	00	0	-999	|	orig=" inHg|Local time: 1400|QC flag: missing|Image File: YorkFactory_USSS-412_M1958_1876-02-01_OBS-R.jpg
1876	02	01	21	00	0	-999	|	orig=" inHg|Local time: 2100|QC flag: missing|Image File: YorkFactory_USSS-412_M1958_1876-02-01_OBS-R.jpg
1876	02	02	07	00	0	-999	|	orig=" inHg|Local time: 0700|QC flag: missing|Image File: YorkFactory_USSS-412_M1958_1876-02-01_OBS-R.jpg
1876	02	02	14	00	0	-999	|	orig=" inHg|Local time: 1400|QC flag: missing|Image File: YorkFactory_USSS-412_M1958_1876-02-01_OBS-R.jpg
1876	02	02	21	00	0	-999	|	orig=" inHg|Local time: 2100|QC flag: missing|Image File: YorkFactory_USSS-412_M1958_1876-02-01_OBS-R.jpg
1876	02	03	07	00	0	-999	|	orig=" inHg|Local time: 0700|QC flag: missing|Image File: YorkFactory_USSS-412_M1958_1876-02-01_OBS-R.jpg
1876	02	03	14	00	0	-999	|	orig=" inHg|Local time: 1400|QC flag: missing|Image File: YorkFactory_USSS-412_M1958_1876-02-01_OBS-R.jpg
1876	02	03	21	00	0	-999	|	orig=" inHg|Local time: 2100|QC flag: missing|Image File: YorkFactory_USSS-412_M1958_1876-02-01_OBS-R.jpg
1876	02	04	07	00	0	-999	|	orig=" inHg|Local time: 0700|QC flag: missing|Image File: YorkFactory_USSS-412_M1958_1876-02-01_OBS-R.jpg
1876	02	04	14	00	0	-999	|	orig=" inHg|Local time: 1400|QC flag: missing|Image File: YorkFactory_USSS-412_M1958_1876-02-01_OBS-R.jpg
1876	02	04	21	00	0	-999	|	orig=" inHg|Local time: 2100|QC flag: missing|Image File: YorkFactory_USSS-412_M1958_1876-02-01_OBS-R.jpg
1876	02	05	07	00	0	-999	|	orig=" inHg|Local time: 0700|QC flag: missing|Image File: YorkFactory_USSS-412_M1958_1876-02-01_OBS-R.jpg
1876	02	05	14	00	0	0.61	|	orig=.018 inHg|Local time: 1400|QC flag: low value|Image File: YorkFactory_USSS-412_M1958_1876-02-01_OBS-R.jpg
1876	02	05	21	00	0	-999	|	orig=" inHg|Local time: 2100|QC flag: missing|Image File: YorkFactory_USSS-412_M1958_1876-02-01_OBS-R.jpg
1876	02	06	07	00	0	-999	|	orig=" inHg|Local time: 0700|QC flag: missing|Image File: YorkFactory_USSS-412_M1958_1876-02-01_OBS-R.jpg
1876	02	06	14	00	0	-999	|	orig=" inHg|Local time: 1400|QC flag: missing|Image File: YorkFactory_USSS-412_M1958_1876-02-01_OBS-R.jpg
1876	02	06	21	00	0	-999	|	orig=" inHg|Local time: 2100|QC flag: missing|Image File: YorkFactory_USSS-412_M1958_1876-02-01_OBS-R.jpg
1876	02	07	07	00	0	-999	|	orig=" inHg|Local time: 0700|QC flag: missing|Image File: YorkFactory_USSS-412_M1958_1876-02-01_OBS-R.jpg
1876	02	07	14	00	0	-999	|	orig=" inHg|Local time: 1400|QC flag: missing|Image File: YorkFactory_USSS-412_M1958_1876-02-01_OBS-R.jpg
1876	02	07	21	00	0	-999	|	orig=" inHg|Local time: 2100|QC flag: missing|Image File: YorkFactory_USSS-412_M1958_1876-02-01_OBS-R.jpg
1876	02	08	07	00	0	-999	|	orig=" inHg|Local time: 0700|QC flag: missing|Image File: YorkFactory_USSS-412_M1958_1876-02-01_OBS-R.jpg
1876	02	08	14	00	0	0.51	|	orig=.015 inHg|Local time: 1400|QC flag: low value|Image File: YorkFactory_USSS-412_M1958_1876-02-01_OBS-R.jpg
1876	02	08	21	00	0	-999	|	orig=" inHg|Local time: 2100|QC flag: missing|Image File: YorkFactory_USSS-412_M1958_1876-02-01_OBS-R.jpg
1876	02	09	07	00	0	-999	|	orig=" inHg|Local time: 0700|QC flag: missing|Image File: YorkFactory_USSS-412_M1958_1876-02-01_OBS-R.jpg
1876	02	09	14	00	0	0.41	|	orig=.012 inHg|Local time: 1400|QC flag: low value|Image File: YorkFactory_USSS-412_M1958_1876-02-01_OBS-R.jpg
1876	02	09	21	00	0	-999	|	orig=" inHg|Local time: 2100|QC flag: missing|Image File: YorkFactory_USSS-412_M1958_1876-02-01_OBS-R.jpg
1876	02	10	07	00	0	-999	|	orig=" inHg|Local time: 0700|QC flag: missing|Image File: YorkFactory_USSS-412_M1958_1876-02-01_OBS-R.jpg
1876	02	10	14	00	0	0.71	|	orig=.021 inHg|Local time: 1400|QC flag: low value|Image File: YorkFactory_USSS-412_M1958_1876-02-01_OBS-R.jpg
1876	02	10	21	00	0	0.78	|	orig=.023 inHg|Local time: 2100|QC flag: low value|Image File: YorkFactory_USSS-412_M1958_1876-02-01_OBS-R.jpg
1876	02	11	07	00	0	0.98	|	orig=029 inHg|Local time: 0700|QC flag: low value|Image File: YorkFactory_USSS-412_M1958_1876-02-01_OBS-R.jpg
1876	02	11	14	00	0	0.95	|	orig=028 inHg|Local time: 1400|QC flag: low value|Image File: YorkFactory_USSS-412_M1958_1876-02-01_OBS-R.jpg
1876	02	11	21	00	0	1.02	|	orig=.030 inHg|Local time: 2100|QC flag: low value|Image File: YorkFactory_USSS-412_M1958_1876-02-01_OBS-R.jpg
1876	02	12	07	00	0	0.95	|	orig=.028 inHg|Local time: 0700|QC flag: low value|Image File: YorkFactory_USSS-412_M1958_1876-02-01_OBS-R.jpg
1876	02	12	14	00	0	0.64	|	orig=.019 inHg|Local time: 1400|QC flag: low value|Image File: YorkFactory_USSS-412_M1958_1876-02-01_OBS-R.jpg
1876	02	12	21	00	0	0.41	|	orig=.012 inHg|Local time: 2100|QC flag: low value|Image File: YorkFactory_USSS-412_M1958_1876-02-01_OBS-R.jpg
1876	02	13	07	00	0	-999	|	orig=" inHg|Local time: 0700|QC flag: missing|Image File: YorkFactory_USSS-412_M1958_1876-02-01_OBS-R.jpg
1876	02	13	14	00	0	0.51	|	orig=.015 inHg|Local time: 1400|QC flag: low value|Image File: YorkFactory_USSS-412_M1958_1876-02-01_OBS-R.jpg
1876	02	13	21	00	0	-999	|	orig=" inHg|Local time: 2100|QC flag: missing|Image File: YorkFactory_USSS-412_M1958_1876-02-01_OBS-R.jpg
1876	02	14	07	00	0	0.64	|	orig=.019 inHg|Local time: 0700|QC flag: low value|Image File: YorkFactory_USSS-412_M1958_1876-02-01_OBS-R.jpg
1876	02	14	14	00	0	0.75	|	orig=.022 inHg|Local time: 1400|QC flag: low value|Image File: YorkFactory_USSS-412_M1958_1876-02-01_OBS-R.jpg
1876	02	14	21	00	0	0.54	|	orig=.016 inHg|Local time: 2100|QC flag: low value|Image File: YorkFactory_USSS-412_M1958_1876-02-01_OBS-R.jpg
1876	02	15	07	00	0	0.64	|	orig=.019 inHg|Local time: 0700|QC flag: low value|Image File: YorkFactory_USSS-412_M1958_1876-02-01_OBS-R.jpg
1876	02	15	14	00	0	1.02	|	orig=.030 inHg|Local time: 1400|QC flag: low value|Image File: YorkFactory_USSS-412_M1958_1876-02-01_OBS-R.jpg
1876	02	15	21	00	0	0.91	|	orig=.027 inHg|Local time: 2100|QC flag: low value|Image File: YorkFactory_USSS-412_M1958_1876-02-01_OBS-R.jpg
1876	02	16	07	00	0	-999	|	orig=" inHg|Local time: 0700|QC flag: missing|Image File: YorkFactory_USSS-412_M1958_1876-02-01_OBS-R.jpg
1876	02	16	14	00	0	1.22	|	orig=.036 inHg|Local time: 1400|QC flag: low value|Image File: YorkFactory_USSS-412_M1958_1876-02-01_OBS-R.jpg
1876	02	16	21	00	0	0.95	|	orig=.028 inHg|Local time: 2100|QC flag: low value|Image File: YorkFactory_USSS-412_M1958_1876-02-01_OBS-R.jpg
1876	02	17	07	00	0	0.68	|	orig=.020 inHg|Local time: 0700|QC flag: low value|Image File: YorkFactory_USSS-412_M1958_1876-02-01_OBS-R.jpg
1876	02	17	14	00	0	2.17	|	orig=.064 inHg|Local time: 1400|QC flag: low value|Image File: YorkFactory_USSS-412_M1958_1876-02-01_OBS-R.jpg
1876	02	17	21	00	0	2.30	|	orig=.068 inHg|Local time: 2100|QC flag: low value|Image File: YorkFactory_USSS-412_M1958_1876-02-01_OBS-R.jpg
1876	02	18	07	00	0	2.30	|	orig=.068 inHg|Local time: 0700|QC flag: low value|Image File: YorkFactory_USSS-412_M1958_1876-02-01_OBS-R.jpg
1876	02	18	14	00	0	1.35	|	orig=.040 inHg|Local time: 1400|QC flag: low value|Image File: YorkFactory_USSS-412_M1958_1876-02-01_OBS-R.jpg
1876	02	18	21	00	0	1.02	|	orig=.030 inHg|Local time: 2100|QC flag: low value|Image File: YorkFactory_USSS-412_M1958_1876-02-01_OBS-R.jpg
1876	02	19	07	00	0	0.41	|	orig=.012 inHg|Local time: 0700|QC flag: low value|Image File: YorkFactory_USSS-412_M1958_1876-02-01_OBS-R.jpg
1876	02	19	14	00	0	0.41	|	orig=.012 inHg|Local time: 1400|QC flag: low value|Image File: YorkFactory_USSS-412_M1958_1876-02-01_OBS-R.jpg
1876	02	19	21	00	0	-999	|	orig=" inHg|Local time: 2100|QC flag: missing|Image File: YorkFactory_USSS-412_M1958_1876-02-01_OBS-R.jpg
1876	02	20	07	00	0	-999	|	orig=" inHg|Local time: 0700|QC flag: missing|Image File: YorkFactory_USSS-412_M1958_1876-02-01_OBS-R.jpg
1876	02	20	14	00	0	0.47	|	orig=.014 inHg|Local time: 1400|QC flag: low value|Image File: YorkFactory_USSS-412_M1958_1876-02-01_OBS-R.jpg
1876	02	20	21	00	0	0.51	|	orig=.015 inHg|Local time: 2100|QC flag: low value|Image File: YorkFactory_USSS-412_M1958_1876-02-01_OBS-R.jpg
1876	02	21	07	00	0	0.51	|	orig=.015 inHg|Local time: 0700|QC flag: low value|Image File: YorkFactory_USSS-412_M1958_1876-02-01_OBS-R.jpg
1876	02	21	14	00	0	0.68	|	orig=.020 inHg|Local time: 1400|QC flag: low value|Image File: YorkFactory_USSS-412_M1958_1876-02-01_OBS-R.jpg
1876	02	21	21	00	0	-999	|	orig=" inHg|Local time: 2100|QC flag: missing|Image File: YorkFactory_USSS-412_M1958_1876-02-01_OBS-R.jpg
1876	02	22	07	00	0	-999	|	orig=" inHg|Local time: 0700|QC flag: missing|Image File: YorkFactory_USSS-412_M1958_1876-02-01_OBS-R.jpg
1876	02	22	14	00	0	-999	|	orig=" inHg|Local time: 1400|QC flag: missing|Image File: YorkFactory_USSS-412_M1958_1876-02-01_OBS-R.jpg
1876	02	22	21	00	0	-999	|	orig=" inHg|Local time: 2100|QC flag: missing|Image File: YorkFactory_USSS-412_M1958_1876-02-01_OBS-R.jpg
1876	02	23	07	00	0	-999	|	orig=" inHg|Local time: 0700|QC flag: missing|Image File: YorkFactory_USSS-412_M1958_1876-02-01_OBS-R.jpg
1876	02	23	14	00	0	-999	|	orig=" inHg|Local time: 1400|QC flag: missing|Image File: YorkFactory_USSS-412_M1958_1876-02-01_OBS-R.jpg
1876	02	23	21	00	0	-999	|	orig=" inHg|Local time: 2100|QC flag: missing|Image File: YorkFactory_USSS-412_M1958_1876-02-01_OBS-R.jpg
1876	02	24	07	00	0	-999	|	orig=" inHg|Local time: 0700|QC flag: missing|Image File: YorkFactory_USSS-412_M1958_1876-02-01_OBS-R.jpg
1876	02	24	14	00	0	-999	|	orig=" inHg|Local time: 1400|QC flag: missing|Image File: YorkFactory_USSS-412_M1958_1876-02-01_OBS-R.jpg
1876	02	24	21	00	0	-999	|	orig=" inHg|Local time: 2100|QC flag: missing|Image File: YorkFactory_USSS-412_M1958_1876-02-01_OBS-R.jpg
1876	02	25	07	00	0	-999	|	orig=" inHg|Local time: 0700|QC flag: missing|Image File: YorkFactory_USSS-412_M1958_1876-02-01_OBS-R.jpg
1876	02	25	14	00	0	-999	|	orig=" inHg|Local time: 1400|QC flag: missing|Image File: YorkFactory_USSS-412_M1958_1876-02-01_OBS-R.jpg
1876	02	25	21	00	0	-999	|	orig=" inHg|Local time: 2100|QC flag: missing|Image File: YorkFactory_USSS-412_M1958_1876-02-01_OBS-R.jpg
1876	02	26	07	00	0	-999	|	orig=" inHg|Local time: 0700|QC flag: missing|Image File: YorkFactory_USSS-412_M1958_1876-02-01_OBS-R.jpg
1876	02	26	14	00	0	-999	|	orig=" inHg|Local time: 1400|QC flag: missing|Image File: YorkFactory_USSS-412_M1958_1876-02-01_OBS-R.jpg
1876	02	26	21	00	0	-999	|	orig=" inHg|Local time: 2100|QC flag: missing|Image File: YorkFactory_USSS-412_M1958_1876-02-01_OBS-R.jpg
1876	02	27	07	00	0	0.41	|	orig=.012 inHg|Local time: 0700|QC flag: low value|Image File: YorkFactory_USSS-412_M1958_1876-02-01_OBS-R.jpg
1876	02	27	14	00	0	1.39	|	orig=.041 inHg|Local time: 1400|QC flag: low value|Image File: YorkFactory_USSS-412_M1958_1876-02-01_OBS-R.jpg
1876	02	27	21	00	0	1.22	|	orig=.036 inHg|Local time: 2100|QC flag: low value|Image File: YorkFactory_USSS-412_M1958_1876-02-01_OBS-R.jpg
1876	02	28	07	00	0	1.29	|	orig=.038 inHg|Local time: 0700|QC flag: low value|Image File: YorkFactory_USSS-412_M1958_1876-02-01_OBS-R.jpg
1876	02	28	14	00	0	1.56	|	orig=.046 inHg|Local time: 1400|QC flag: low value|Image File: YorkFactory_USSS-412_M1958_1876-02-01_OBS-R.jpg
1876	02	28	21	00	0	1.46	|	orig=.043 inHg|Local time: 2100|QC flag: low value|Image File: YorkFactory_USSS-412_M1958_1876-02-01_OBS-R.jpg
1876	02	29	07	00	0	0.58	|	orig=.017 inHg|Local time: 0700|QC flag: low value|Image File: YorkFactory_USSS-412_M1958_1876-02-01_OBS-R.jpg
1876	02	29	14	00	0	1.25	|	orig=.037 inHg|Local time: 1400|QC flag: low value|Image File: YorkFactory_USSS-412_M1958_1876-02-01_OBS-R.jpg
1876	02	29	21	00	0	0.85	|	orig=.025 inHg|Local time: 2100|QC flag: low value|Image File: YorkFactory_USSS-412_M1958_1876-02-01_OBS-R.jpg
1876	03	01	07	00	0	-999	|	orig=" inHg|Local time: 0700|QC flag: missing|Image File: YorkFactory_USSS-412_M1958_1876-03-01_OBS-R.jpg
1876	03	01	14	00	0	1.19	|	orig=0.035 inHg|Local time: 1400|QC flag: low value|Image File: YorkFactory_USSS-412_M1958_1876-03-01_OBS-R.jpg
1876	03	01	21	00	0	1.15	|	orig=0.034 inHg|Local time: 2100|QC flag: low value|Image File: YorkFactory_USSS-412_M1958_1876-03-01_OBS-R.jpg
1876	03	02	07	00	0	2.03	|	orig=0.060 inHg|Local time: 0700|QC flag: low value|Image File: YorkFactory_USSS-412_M1958_1876-03-01_OBS-R.jpg
1876	03	02	14	00	0	2.24	|	orig=0.066 inHg|Local time: 1400|QC flag: low value|Image File: YorkFactory_USSS-412_M1958_1876-03-01_OBS-R.jpg
1876	03	02	21	00	0	0.61	|	orig=0.018 inHg|Local time: 2100|QC flag: low value|Image File: YorkFactory_USSS-412_M1958_1876-03-01_OBS-R.jpg
1876	03	03	07	00	0	-999	|	orig=" inHg|Local time: 0700|QC flag: missing|Image File: YorkFactory_USSS-412_M1958_1876-03-01_OBS-R.jpg
1876	03	03	14	00	0	-999	|	orig=" inHg|Local time: 1400|QC flag: missing|Image File: YorkFactory_USSS-412_M1958_1876-03-01_OBS-R.jpg
1876	03	03	21	00	0	-999	|	orig=" inHg|Local time: 2100|QC flag: missing|Image File: YorkFactory_USSS-412_M1958_1876-03-01_OBS-R.jpg
1876	03	04	07	00	0	-999	|	orig=" inHg|Local time: 0700|QC flag: missing|Image File: YorkFactory_USSS-412_M1958_1876-03-01_OBS-R.jpg
1876	03	04	14	00	0	-999	|	orig=" inHg|Local time: 1400|QC flag: missing|Image File: YorkFactory_USSS-412_M1958_1876-03-01_OBS-R.jpg
1876	03	04	21	00	0	-999	|	orig=" inHg|Local time: 2100|QC flag: missing|Image File: YorkFactory_USSS-412_M1958_1876-03-01_OBS-R.jpg
1876	03	05	07	00	0	-999	|	orig=" inHg|Local time: 0700|QC flag: missing|Image File: YorkFactory_USSS-412_M1958_1876-03-01_OBS-R.jpg
1876	03	05	14	00	0	0.47	|	orig=0.014 inHg|Local time: 1400|QC flag: low value|Image File: YorkFactory_USSS-412_M1958_1876-03-01_OBS-R.jpg
1876	03	05	21	00	0	-999	|	orig=" inHg|Local time: 2100|QC flag: missing|Image File: YorkFactory_USSS-412_M1958_1876-03-01_OBS-R.jpg
1876	03	06	07	00	0	-999	|	orig=" inHg|Local time: 0700|QC flag: missing|Image File: YorkFactory_USSS-412_M1958_1876-03-01_OBS-R.jpg
1876	03	06	14	00	0	0.78	|	orig=0.023 inHg|Local time: 1400|QC flag: low value|Image File: YorkFactory_USSS-412_M1958_1876-03-01_OBS-R.jpg
1876	03	06	21	00	0	-999	|	orig=" inHg|Local time: 2100|QC flag: missing|Image File: YorkFactory_USSS-412_M1958_1876-03-01_OBS-R.jpg
1876	03	07	07	00	0	-999	|	orig=" inHg|Local time: 0700|QC flag: missing|Image File: YorkFactory_USSS-412_M1958_1876-03-01_OBS-R.jpg
1876	03	07	14	00	0	0.98	|	orig=0.029 inHg|Local time: 1400|QC flag: low value|Image File: YorkFactory_USSS-412_M1958_1876-03-01_OBS-R.jpg
1876	03	07	21	00	0	0.75	|	orig=0.022 inHg|Local time: 2100|QC flag: low value|Image File: YorkFactory_USSS-412_M1958_1876-03-01_OBS-R.jpg
1876	03	08	07	00	0	0.64	|	orig=0.019 inHg|Local time: 0700|QC flag: low value|Image File: YorkFactory_USSS-412_M1958_1876-03-01_OBS-R.jpg
1876	03	08	14	00	0	2.03	|	orig=0.060 inHg|Local time: 1400|QC flag: low value|Image File: YorkFactory_USSS-412_M1958_1876-03-01_OBS-R.jpg
1876	03	08	21	00	0	2.07	|	orig=0.061 inHg|Local time: 2100|QC flag: low value|Image File: YorkFactory_USSS-412_M1958_1876-03-01_OBS-R.jpg
1876	03	09	07	00	0	-999	|	orig=" inHg|Local time: 0700|QC flag: missing|Image File: YorkFactory_USSS-412_M1958_1876-03-01_OBS-R.jpg
1876	03	09	14	00	0	-999	|	orig=" inHg|Local time: 1400|QC flag: missing|Image File: YorkFactory_USSS-412_M1958_1876-03-01_OBS-R.jpg
1876	03	09	21	00	0	-999	|	orig=" inHg|Local time: 2100|QC flag: missing|Image File: YorkFactory_USSS-412_M1958_1876-03-01_OBS-R.jpg
1876	03	10	07	00	0	-999	|	orig=" inHg|Local time: 0700|QC flag: missing|Image File: YorkFactory_USSS-412_M1958_1876-03-01_OBS-R.jpg
1876	03	10	14	00	0	0.64	|	orig=0.019 inHg|Local time: 1400|QC flag: low value|Image File: YorkFactory_USSS-412_M1958_1876-03-01_OBS-R.jpg
1876	03	10	21	00	0	-999	|	orig=" inHg|Local time: 2100|QC flag: missing|Image File: YorkFactory_USSS-412_M1958_1876-03-01_OBS-R.jpg
1876	03	11	07	00	0	-999	|	orig=" inHg|Local time: 0700|QC flag: missing|Image File: YorkFactory_USSS-412_M1958_1876-03-01_OBS-R.jpg
1876	03	11	14	00	0	-999	|	orig=" inHg|Local time: 1400|QC flag: missing|Image File: YorkFactory_USSS-412_M1958_1876-03-01_OBS-R.jpg
1876	03	11	21	00	0	-999	|	orig=" inHg|Local time: 2100|QC flag: missing|Image File: YorkFactory_USSS-412_M1958_1876-03-01_OBS-R.jpg
1876	03	12	07	00	0	-999	|	orig=" inHg|Local time: 0700|QC flag: missing|Image File: YorkFactory_USSS-412_M1958_1876-03-01_OBS-R.jpg
1876	03	12	14	00	0	0.91	|	orig=0.027 inHg|Local time: 1400|QC flag: low value|Image File: YorkFactory_USSS-412_M1958_1876-03-01_OBS-R.jpg
1876	03	12	21	00	0	0.51	|	orig=0.015 inHg|Local time: 2100|QC flag: low value|Image File: YorkFactory_USSS-412_M1958_1876-03-01_OBS-R.jpg
1876	03	13	07	00	0	-999	|	orig=" inHg|Local time: 0700|QC flag: missing|Image File: YorkFactory_USSS-412_M1958_1876-03-01_OBS-R.jpg
1876	03	13	14	00	0	1.25	|	orig=0.037 inHg|Local time: 1400|QC flag: low value|Image File: YorkFactory_USSS-412_M1958_1876-03-01_OBS-R.jpg
1876	03	13	21	00	0	0.58	|	orig=0.017 inHg|Local time: 2100|QC flag: low value|Image File: YorkFactory_USSS-412_M1958_1876-03-01_OBS-R.jpg
1876	03	14	07	00	0	-999	|	orig=" inHg|Local time: 0700|QC flag: missing|Image File: YorkFactory_USSS-412_M1958_1876-03-01_OBS-R.jpg
1876	03	14	14	00	0	0.44	|	orig=0.013 inHg|Local time: 1400|QC flag: low value|Image File: YorkFactory_USSS-412_M1958_1876-03-01_OBS-R.jpg
1876	03	14	21	00	0	-999	|	orig=" inHg|Local time: 2100|QC flag: missing|Image File: YorkFactory_USSS-412_M1958_1876-03-01_OBS-R.jpg
1876	03	15	07	00	0	-999	|	orig=" inHg|Local time: 0700|QC flag: missing|Image File: YorkFactory_USSS-412_M1958_1876-03-01_OBS-R.jpg
1876	03	15	14	00	0	0.37	|	orig=0.011 inHg|Local time: 1400|QC flag: low value|Image File: YorkFactory_USSS-412_M1958_1876-03-01_OBS-R.jpg
1876	03	15	21	00	0	-999	|	orig=" inHg|Local time: 2100|QC flag: missing|Image File: YorkFactory_USSS-412_M1958_1876-03-01_OBS-R.jpg
1876	03	16	07	00	0	-999	|	orig=" inHg|Local time: 0700|QC flag: missing|Image File: YorkFactory_USSS-412_M1958_1876-03-01_OBS-R.jpg
1876	03	16	14	00	0	0.68	|	orig=0.020 inHg|Local time: 1400|QC flag: low value|Image File: YorkFactory_USSS-412_M1958_1876-03-01_OBS-R.jpg
1876	03	16	21	00	0	-999	|	orig=" inHg|Local time: 2100|QC flag: missing|Image File: YorkFactory_USSS-412_M1958_1876-03-01_OBS-R.jpg
1876	03	17	07	00	0	-999	|	orig=" inHg|Local time: 0700|QC flag: missing|Image File: YorkFactory_USSS-412_M1958_1876-03-01_OBS-R.jpg
1876	03	17	14	00	0	1.15	|	orig=0.034 inHg|Local time: 1400|QC flag: low value|Image File: YorkFactory_USSS-412_M1958_1876-03-01_OBS-R.jpg
1876	03	17	21	00	0	0.58	|	orig=0.017 inHg|Local time: 2100|QC flag: low value|Image File: YorkFactory_USSS-412_M1958_1876-03-01_OBS-R.jpg
1876	03	18	07	00	0	-999	|	orig=" inHg|Local time: 0700|QC flag: missing|Image File: YorkFactory_USSS-412_M1958_1876-03-01_OBS-R.jpg
1876	03	18	14	00	0	1.76	|	orig=0.052 inHg|Local time: 1400|QC flag: low value|Image File: YorkFactory_USSS-412_M1958_1876-03-01_OBS-R.jpg
1876	03	18	21	00	0	0.61	|	orig=0.018 inHg|Local time: 2100|QC flag: low value|Image File: YorkFactory_USSS-412_M1958_1876-03-01_OBS-R.jpg
1876	03	19	07	00	0	-999	|	orig=" inHg|Local time: 0700|QC flag: missing|Image File: YorkFactory_USSS-412_M1958_1876-03-01_OBS-R.jpg
1876	03	19	14	00	0	0.88	|	orig=0.026 inHg|Local time: 1400|QC flag: low value|Image File: YorkFactory_USSS-412_M1958_1876-03-01_OBS-R.jpg
1876	03	19	21	00	0	0.51	|	orig=0.015 inHg|Local time: 2100|QC flag: low value|Image File: YorkFactory_USSS-412_M1958_1876-03-01_OBS-R.jpg
1876	03	20	07	00	0	0.64	|	orig=0.019 inHg|Local time: 0700|QC flag: low value|Image File: YorkFactory_USSS-412_M1958_1876-03-01_OBS-R.jpg
1876	03	20	14	00	0	2.91	|	orig=0.086 inHg|Local time: 1400|QC flag: low value|Image File: YorkFactory_USSS-412_M1958_1876-03-01_OBS-R.jpg
1876	03	20	21	00	0	2.03	|	orig=0.060 inHg|Local time: 2100|QC flag: low value|Image File: YorkFactory_USSS-412_M1958_1876-03-01_OBS-R.jpg
1876	03	21	07	00	0	1.59	|	orig=0.047 inHg|Local time: 0700|QC flag: low value|Image File: YorkFactory_USSS-412_M1958_1876-03-01_OBS-R.jpg
1876	03	21	14	00	0	3.22	|	orig=0.095 inHg|Local time: 1400|QC flag: low value|Image File: YorkFactory_USSS-412_M1958_1876-03-01_OBS-R.jpg
1876	03	21	21	00	0	1.96	|	orig=0.058 inHg|Local time: 2100|QC flag: low value|Image File: YorkFactory_USSS-412_M1958_1876-03-01_OBS-R.jpg
1876	03	22	07	00	0	1.39	|	orig=0.041 inHg|Local time: 0700|QC flag: low value|Image File: YorkFactory_USSS-412_M1958_1876-03-01_OBS-R.jpg
1876	03	22	14	00	0	1.59	|	orig=0.047 inHg|Local time: 1400|QC flag: low value|Image File: YorkFactory_USSS-412_M1958_1876-03-01_OBS-R.jpg
1876	03	22	21	00	0	0.41	|	orig=0.012 inHg|Local time: 2100|QC flag: low value|Image File: YorkFactory_USSS-412_M1958_1876-03-01_OBS-R.jpg
1876	03	23	07	00	0	-999	|	orig=" inHg|Local time: 0700|QC flag: missing|Image File: YorkFactory_USSS-412_M1958_1876-03-01_OBS-R.jpg
1876	03	23	14	00	0	0.98	|	orig=0.029 inHg|Local time: 1400|QC flag: low value|Image File: YorkFactory_USSS-412_M1958_1876-03-01_OBS-R.jpg
1876	03	23	21	00	0	2.17	|	orig=0.064 inHg|Local time: 2100|QC flag: low value|Image File: YorkFactory_USSS-412_M1958_1876-03-01_OBS-R.jpg
1876	03	24	07	00	0	2.00	|	orig=0.059 inHg|Local time: 0700|QC flag: low value|Image File: YorkFactory_USSS-412_M1958_1876-03-01_OBS-R.jpg
1876	03	24	14	00	0	1.19	|	orig=0.035 inHg|Local time: 1400|QC flag: low value|Image File: YorkFactory_USSS-412_M1958_1876-03-01_OBS-R.jpg
1876	03	24	21	00	0	0.41	|	orig=0.012 inHg|Local time: 2100|QC flag: low value|Image File: YorkFactory_USSS-412_M1958_1876-03-01_OBS-R.jpg
1876	03	25	07	00	0	-999	|	orig=" inHg|Local time: 0700|QC flag: missing|Image File: YorkFactory_USSS-412_M1958_1876-03-01_OBS-R.jpg
1876	03	25	14	00	0	0.71	|	orig=0.021 inHg|Local time: 1400|QC flag: low value|Image File: YorkFactory_USSS-412_M1958_1876-03-01_OBS-R.jpg
1876	03	25	21	00	0	0.51	|	orig=0.015 inHg|Local time: 2100|QC flag: low value|Image File: YorkFactory_USSS-412_M1958_1876-03-01_OBS-R.jpg
1876	03	26	07	00	0	0.27	|	orig=0.008 inHg|Local time: 0700|QC flag: low value|Image File: YorkFactory_USSS-412_M1958_1876-03-01_OBS-R.jpg
1876	03	26	14	00	0	0.88	|	orig=0.026 inHg|Local time: 1400|QC flag: low value|Image File: YorkFactory_USSS-412_M1958_1876-03-01_OBS-R.jpg
1876	03	26	21	00	0	0.47	|	orig=0.014 inHg|Local time: 2100|QC flag: low value|Image File: YorkFactory_USSS-412_M1958_1876-03-01_OBS-R.jpg
1876	03	27	07	00	0	0.78	|	orig=0.023 inHg|Local time: 0700|QC flag: low value|Image File: YorkFactory_USSS-412_M1958_1876-03-01_OBS-R.jpg
1876	03	27	14	00	0	1.25	|	orig=0.037 inHg|Local time: 1400|QC flag: low value|Image File: YorkFactory_USSS-412_M1958_1876-03-01_OBS-R.jpg
1876	03	27	21	00	0	0.98	|	orig=0.029 inHg|Local time: 2100|QC flag: low value|Image File: YorkFactory_USSS-412_M1958_1876-03-01_OBS-R.jpg
1876	03	28	07	00	0	0.58	|	orig=0.017 inHg|Local time: 0700|QC flag: low value|Image File: YorkFactory_USSS-412_M1958_1876-03-01_OBS-R.jpg
1876	03	28	14	00	0	1.42	|	orig=0.042 inHg|Local time: 1400|QC flag: low value|Image File: YorkFactory_USSS-412_M1958_1876-03-01_OBS-R.jpg
1876	03	28	21	00	0	0.61	|	orig=0.018 inHg|Local time: 2100|QC flag: low value|Image File: YorkFactory_USSS-412_M1958_1876-03-01_OBS-R.jpg
1876	03	29	07	00	0	0.34	|	orig=0.010 inHg|Local time: 0700|QC flag: low value|Image File: YorkFactory_USSS-412_M1958_1876-03-01_OBS-R.jpg
1876	03	29	14	00	0	1.73	|	orig=0.051 inHg|Local time: 1400|QC flag: low value|Image File: YorkFactory_USSS-412_M1958_1876-03-01_OBS-R.jpg
1876	03	29	21	00	0	1.49	|	orig=0.044 inHg|Local time: 2100|QC flag: low value|Image File: YorkFactory_USSS-412_M1958_1876-03-01_OBS-R.jpg
1876	03	30	07	00	0	1.29	|	orig=0.038 inHg|Local time: 0700|QC flag: low value|Image File: YorkFactory_USSS-412_M1958_1876-03-01_OBS-R.jpg
1876	03	30	14	00	0	1.56	|	orig=0.046 inHg|Local time: 1400|QC flag: low value|Image File: YorkFactory_USSS-412_M1958_1876-03-01_OBS-R.jpg
1876	03	30	21	00	0	1.46	|	orig=0.043 inHg|Local time: 2100|QC flag: low value|Image File: YorkFactory_USSS-412_M1958_1876-03-01_OBS-R.jpg
1876	03	31	07	00	0	0.75	|	orig=0.022 inHg|Local time: 0700|QC flag: low value|Image File: YorkFactory_USSS-412_M1958_1876-03-01_OBS-R.jpg
1876	03	31	14	00	0	3.39	|	orig=0.1 inHg|Local time: 1400|QC flag: low value|Image File: YorkFactory_USSS-412_M1958_1876-03-01_OBS-R.jpg
1876	03	31	21	00	0	3.79	|	orig=0.112 inHg|Local time: 2100|QC flag: low value|Image File: YorkFactory_USSS-412_M1958_1876-03-01_OBS-R.jpg
1876	04	01	07	00	0	2.24	|	orig=066 inHg|Local time: 0700|QC flag: low value|Image File: YorkFactory_USSS-412_M1958_1876-04-01_OBS-R.jpg
1876	04	01	14	00	0	3.52	|	orig=104 inHg|Local time: 1400|QC flag: low value|Image File: YorkFactory_USSS-412_M1958_1876-04-01_OBS-R.jpg
1876	04	01	21	00	0	2.07	|	orig=061 inHg|Local time: 2100|QC flag: low value|Image File: YorkFactory_USSS-412_M1958_1876-04-01_OBS-R.jpg
1876	04	02	07	00	0	0.95	|	orig=028 inHg|Local time: 0700|QC flag: low value|Image File: YorkFactory_USSS-412_M1958_1876-04-01_OBS-R.jpg
1876	04	02	14	00	0	2.68	|	orig=079 inHg|Local time: 1400|QC flag: low value|Image File: YorkFactory_USSS-412_M1958_1876-04-01_OBS-R.jpg
1876	04	02	21	00	0	2.34	|	orig=069 inHg|Local time: 2100|QC flag: low value|Image File: YorkFactory_USSS-412_M1958_1876-04-01_OBS-R.jpg
1876	04	03	07	00	0	3.56	|	orig=105 inHg|Local time: 0700|QC flag: low value|Image File: YorkFactory_USSS-412_M1958_1876-04-01_OBS-R.jpg
1876	04	03	14	00	0	4.30	|	orig=127 inHg|Local time: 1400|QC flag: low value|Image File: YorkFactory_USSS-412_M1958_1876-04-01_OBS-R.jpg
1876	04	03	21	00	0	3.96	|	orig=.117 inHg|Local time: 2100|QC flag: low value|Image File: YorkFactory_USSS-412_M1958_1876-04-01_OBS-R.jpg
1876	04	04	07	00	0	1.69	|	orig=050 inHg|Local time: 0700|QC flag: low value|Image File: YorkFactory_USSS-412_M1958_1876-04-01_OBS-R.jpg
1876	04	04	14	00	0	2.64	|	orig=078 inHg|Local time: 1400|QC flag: low value|Image File: YorkFactory_USSS-412_M1958_1876-04-01_OBS-R.jpg
1876	04	04	21	00	0	2.61	|	orig=077 inHg|Local time: 2100|QC flag: low value|Image File: YorkFactory_USSS-412_M1958_1876-04-01_OBS-R.jpg
1876	04	05	07	00	0	1.59	|	orig=047 inHg|Local time: 0700|QC flag: low value|Image File: YorkFactory_USSS-412_M1958_1876-04-01_OBS-R.jpg
1876	04	05	14	00	0	1.15	|	orig=034 inHg|Local time: 1400|QC flag: low value|Image File: YorkFactory_USSS-412_M1958_1876-04-01_OBS-R.jpg
1876	04	05	21	00	0	2.00	|	orig=059 inHg|Local time: 2100|QC flag: low value|Image File: YorkFactory_USSS-412_M1958_1876-04-01_OBS-R.jpg
1876	04	06	07	00	0	1.52	|	orig=045 inHg|Local time: 0700|QC flag: low value|Image File: YorkFactory_USSS-412_M1958_1876-04-01_OBS-R.jpg
1876	04	06	14	00	0	1.29	|	orig=.038 inHg|Local time: 1400|QC flag: low value|Image File: YorkFactory_USSS-412_M1958_1876-04-01_OBS-R.jpg
1876	04	06	21	00	0	0.85	|	orig=025 inHg|Local time: 2100|QC flag: low value|Image File: YorkFactory_USSS-412_M1958_1876-04-01_OBS-R.jpg
1876	04	07	07	00	0	0.75	|	orig=022 inHg|Local time: 0700|QC flag: low value|Image File: YorkFactory_USSS-412_M1958_1876-04-01_OBS-R.jpg
1876	04	07	14	00	0	1.25	|	orig=.037 inHg|Local time: 1400|QC flag: low value|Image File: YorkFactory_USSS-412_M1958_1876-04-01_OBS-R.jpg
1876	04	07	21	00	0	0.71	|	orig=021 inHg|Local time: 2100|QC flag: low value|Image File: YorkFactory_USSS-412_M1958_1876-04-01_OBS-R.jpg
1876	04	08	07	00	0	0.20	|	orig=006 inHg|Local time: 0700|QC flag: low value|Image File: YorkFactory_USSS-412_M1958_1876-04-01_OBS-R.jpg
1876	04	08	14	00	0	1.63	|	orig=048 inHg|Local time: 1400|QC flag: low value|Image File: YorkFactory_USSS-412_M1958_1876-04-01_OBS-R.jpg
1876	04	08	21	00	0	1.46	|	orig=043 inHg|Local time: 2100|QC flag: low value|Image File: YorkFactory_USSS-412_M1958_1876-04-01_OBS-R.jpg
1876	04	09	07	00	0	0.44	|	orig=013 inHg|Local time: 0700|QC flag: low value|Image File: YorkFactory_USSS-412_M1958_1876-04-01_OBS-R.jpg
1876	04	09	14	00	0	3.39	|	orig=100 inHg|Local time: 1400|QC flag: low value|Image File: YorkFactory_USSS-412_M1958_1876-04-01_OBS-R.jpg
1876	04	09	21	00	0	2.64	|	orig=078 inHg|Local time: 2100|QC flag: low value|Image File: YorkFactory_USSS-412_M1958_1876-04-01_OBS-R.jpg
1876	04	10	07	00	0	2.91	|	orig=086 inHg|Local time: 0700|QC flag: low value|Image File: YorkFactory_USSS-412_M1958_1876-04-01_OBS-R.jpg
1876	04	10	14	00	0	5.79	|	orig=171 inHg|Local time: 1400|QC flag: low value|Image File: YorkFactory_USSS-412_M1958_1876-04-01_OBS-R.jpg
1876	04	10	21	00	0	3.59	|	orig=106 inHg|Local time: 2100|QC flag: low value|Image File: YorkFactory_USSS-412_M1958_1876-04-01_OBS-R.jpg
1876	04	11	07	00	0	4.17	|	orig=123 inHg|Local time: 0700|QC flag: low value|Image File: YorkFactory_USSS-412_M1958_1876-04-01_OBS-R.jpg
1876	04	11	14	00	0	4.47	|	orig=132 inHg|Local time: 1400|QC flag: low value|Image File: YorkFactory_USSS-412_M1958_1876-04-01_OBS-R.jpg
1876	04	11	21	00	0	4.47	|	orig=132 inHg|Local time: 2100|QC flag: low value|Image File: YorkFactory_USSS-412_M1958_1876-04-01_OBS-R.jpg
1876	04	12	07	00	0	3.79	|	orig=112 inHg|Local time: 0700|QC flag: low value|Image File: YorkFactory_USSS-412_M1958_1876-04-01_OBS-R.jpg
1876	04	12	14	00	0	4.81	|	orig=142 inHg|Local time: 1400|QC flag: low value|Image File: YorkFactory_USSS-412_M1958_1876-04-01_OBS-R.jpg
1876	04	12	21	00	0	4.67	|	orig=138 inHg|Local time: 2100|QC flag: low value|Image File: YorkFactory_USSS-412_M1958_1876-04-01_OBS-R.jpg
1876	04	13	07	00	0	5.08	|	orig=150 inHg|Local time: 0700|QC flag: low value|Image File: YorkFactory_USSS-412_M1958_1876-04-01_OBS-R.jpg
1876	04	13	14	00	0	6.26	|	orig=185 inHg|Local time: 1400|QC flag: low value|Image File: YorkFactory_USSS-412_M1958_1876-04-01_OBS-R.jpg
1876	04	13	21	00	0	6.03	|	orig=178 inHg|Local time: 2100|QC flag: low value|Image File: YorkFactory_USSS-412_M1958_1876-04-01_OBS-R.jpg
1876	04	14	07	00	0	3.22	|	orig=095 inHg|Local time: 0700|QC flag: low value|Image File: YorkFactory_USSS-412_M1958_1876-04-01_OBS-R.jpg
1876	04	14	14	00	0	5.25	|	orig=155 inHg|Local time: 1400|QC flag: low value|Image File: YorkFactory_USSS-412_M1958_1876-04-01_OBS-R.jpg
1876	04	14	21	00	0	3.45	|	orig=102 inHg|Local time: 2100|QC flag: low value|Image File: YorkFactory_USSS-412_M1958_1876-04-01_OBS-R.jpg
1876	04	15	07	00	0	2.84	|	orig=084 inHg|Local time: 0700|QC flag: low value|Image File: YorkFactory_USSS-412_M1958_1876-04-01_OBS-R.jpg
1876	04	15	14	00	0	3.62	|	orig=107 inHg|Local time: 1400|QC flag: low value|Image File: YorkFactory_USSS-412_M1958_1876-04-01_OBS-R.jpg
1876	04	15	21	00	0	3.28	|	orig=097 inHg|Local time: 2100|QC flag: low value|Image File: YorkFactory_USSS-412_M1958_1876-04-01_OBS-R.jpg
1876	04	16	07	00	0	2.44	|	orig=072 inHg|Local time: 0700|QC flag: low value|Image File: YorkFactory_USSS-412_M1958_1876-04-01_OBS-R.jpg
1876	04	16	14	00	0	2.61	|	orig=077 inHg|Local time: 1400|QC flag: low value|Image File: YorkFactory_USSS-412_M1958_1876-04-01_OBS-R.jpg
1876	04	16	21	00	0	2.10	|	orig=062 inHg|Local time: 2100|QC flag: low value|Image File: YorkFactory_USSS-412_M1958_1876-04-01_OBS-R.jpg
1876	04	17	07	00	0	2.00	|	orig=059 inHg|Local time: 0700|QC flag: low value|Image File: YorkFactory_USSS-412_M1958_1876-04-01_OBS-R.jpg
1876	04	17	14	00	0	3.22	|	orig=095 inHg|Local time: 1400|QC flag: low value|Image File: YorkFactory_USSS-412_M1958_1876-04-01_OBS-R.jpg
1876	04	17	21	00	0	2.17	|	orig=064 inHg|Local time: 2100|QC flag: low value|Image File: YorkFactory_USSS-412_M1958_1876-04-01_OBS-R.jpg
1876	04	18	07	00	0	2.07	|	orig=.061 inHg|Local time: 0700|QC flag: low value|Image File: YorkFactory_USSS-412_M1958_1876-04-01_OBS-R.jpg
1876	04	18	14	00	0	2.13	|	orig=063 inHg|Local time: 1400|QC flag: low value|Image File: YorkFactory_USSS-412_M1958_1876-04-01_OBS-R.jpg
1876	04	18	21	00	0	1.79	|	orig=053 inHg|Local time: 2100|QC flag: low value|Image File: YorkFactory_USSS-412_M1958_1876-04-01_OBS-R.jpg
1876	04	19	07	00	0	1.49	|	orig=.044 inHg|Local time: 0700|QC flag: low value|Image File: YorkFactory_USSS-412_M1958_1876-04-01_OBS-R.jpg
1876	04	19	14	00	0	3.42	|	orig=.101 inHg|Local time: 1400|QC flag: low value|Image File: YorkFactory_USSS-412_M1958_1876-04-01_OBS-R.jpg
1876	04	19	21	00	0	4.17	|	orig=.123 inHg|Local time: 2100|QC flag: low value|Image File: YorkFactory_USSS-412_M1958_1876-04-01_OBS-R.jpg
1876	04	20	07	00	0	4.06	|	orig=.120 inHg|Local time: 0700|QC flag: low value|Image File: YorkFactory_USSS-412_M1958_1876-04-01_OBS-R.jpg
1876	04	20	14	00	0	4.57	|	orig=.135 inHg|Local time: 1400|QC flag: low value|Image File: YorkFactory_USSS-412_M1958_1876-04-01_OBS-R.jpg
1876	04	20	21	00	0	5.42	|	orig=.160 inHg|Local time: 2100|QC flag: low value|Image File: YorkFactory_USSS-412_M1958_1876-04-01_OBS-R.jpg
1876	04	21	07	00	0	5.49	|	orig=.162 inHg|Local time: 0700|QC flag: low value|Image File: YorkFactory_USSS-412_M1958_1876-04-01_OBS-R.jpg
1876	04	21	14	00	0	4.20	|	orig=.124 inHg|Local time: 1400|QC flag: low value|Image File: YorkFactory_USSS-412_M1958_1876-04-01_OBS-R.jpg
1876	04	21	21	00	0	5.93	|	orig=.175 inHg|Local time: 2100|QC flag: low value|Image File: YorkFactory_USSS-412_M1958_1876-04-01_OBS-R.jpg
1876	04	22	07	00	0	4.00	|	orig=.118 inHg|Local time: 0700|QC flag: low value|Image File: YorkFactory_USSS-412_M1958_1876-04-01_OBS-R.jpg
1876	04	22	14	00	0	5.05	|	orig=.149 inHg|Local time: 1400|QC flag: low value|Image File: YorkFactory_USSS-412_M1958_1876-04-01_OBS-R.jpg
1876	04	22	21	00	0	5.11	|	orig=.151 inHg|Local time: 2100|QC flag: low value|Image File: YorkFactory_USSS-412_M1958_1876-04-01_OBS-R.jpg
1876	04	23	07	00	0	4.84	|	orig=143 inHg|Local time: 0700|QC flag: low value|Image File: YorkFactory_USSS-412_M1958_1876-04-01_OBS-R.jpg
1876	04	23	14	00	0	3.52	|	orig=104 inHg|Local time: 1400|QC flag: low value|Image File: YorkFactory_USSS-412_M1958_1876-04-01_OBS-R.jpg
1876	04	23	21	00	0	4.57	|	orig=.135 inHg|Local time: 2100|QC flag: low value|Image File: YorkFactory_USSS-412_M1958_1876-04-01_OBS-R.jpg
1876	04	24	07	00	0	3.15	|	orig=093 inHg|Local time: 0700|QC flag: low value|Image File: YorkFactory_USSS-412_M1958_1876-04-01_OBS-R.jpg
1876	04	24	14	00	0	3.39	|	orig=100 inHg|Local time: 1400|QC flag: low value|Image File: YorkFactory_USSS-412_M1958_1876-04-01_OBS-R.jpg
1876	04	24	21	00	0	2.91	|	orig=086 inHg|Local time: 2100|QC flag: low value|Image File: YorkFactory_USSS-412_M1958_1876-04-01_OBS-R.jpg
1876	04	25	07	00	0	4.00	|	orig=.118 inHg|Local time: 0700|QC flag: low value|Image File: YorkFactory_USSS-412_M1958_1876-04-01_OBS-R.jpg
1876	04	25	14	00	0	3.59	|	orig=106 inHg|Local time: 1400|QC flag: low value|Image File: YorkFactory_USSS-412_M1958_1876-04-01_OBS-R.jpg
1876	04	25	21	00	0	4.17	|	orig=123 inHg|Local time: 2100|QC flag: low value|Image File: YorkFactory_USSS-412_M1958_1876-04-01_OBS-R.jpg
1876	04	26	07	00	0	4.61	|	orig=136 inHg|Local time: 0700|QC flag: low value|Image File: YorkFactory_USSS-412_M1958_1876-04-01_OBS-R.jpg
1876	04	26	14	00	0	2.61	|	orig=.077 inHg|Local time: 1400|QC flag: low value|Image File: YorkFactory_USSS-412_M1958_1876-04-01_OBS-R.jpg
1876	04	26	21	00	0	5.69	|	orig=168 inHg|Local time: 2100|QC flag: low value|Image File: YorkFactory_USSS-412_M1958_1876-04-01_OBS-R.jpg
1876	04	27	07	00	0	5.69	|	orig=168 inHg|Local time: 0700|QC flag: low value|Image File: YorkFactory_USSS-412_M1958_1876-04-01_OBS-R.jpg
1876	04	27	14	00	0	0.95	|	orig=.028 inHg|Local time: 1400|QC flag: low value|Image File: YorkFactory_USSS-412_M1958_1876-04-01_OBS-R.jpg
1876	04	27	21	00	0	3.05	|	orig=090 inHg|Local time: 2100|QC flag: low value|Image File: YorkFactory_USSS-412_M1958_1876-04-01_OBS-R.jpg
1876	04	28	07	00	0	2.17	|	orig=064 inHg|Local time: 0700|QC flag: low value|Image File: YorkFactory_USSS-412_M1958_1876-04-01_OBS-R.jpg
1876	04	28	14	00	0	2.91	|	orig=086 inHg|Local time: 1400|QC flag: low value|Image File: YorkFactory_USSS-412_M1958_1876-04-01_OBS-R.jpg
1876	04	28	21	00	0	1.76	|	orig=052 inHg|Local time: 2100|QC flag: low value|Image File: YorkFactory_USSS-412_M1958_1876-04-01_OBS-R.jpg
1876	04	29	07	00	0	1.93	|	orig=057 inHg|Local time: 0700|QC flag: low value|Image File: YorkFactory_USSS-412_M1958_1876-04-01_OBS-R.jpg
1876	04	29	14	00	0	2.71	|	orig=080 inHg|Local time: 1400|QC flag: low value|Image File: YorkFactory_USSS-412_M1958_1876-04-01_OBS-R.jpg
1876	04	29	21	00	0	2.71	|	orig=080 inHg|Local time: 2100|QC flag: low value|Image File: YorkFactory_USSS-412_M1958_1876-04-01_OBS-R.jpg
1876	04	30	07	00	0	2.84	|	orig=084 inHg|Local time: 0700|QC flag: low value|Image File: YorkFactory_USSS-412_M1958_1876-04-01_OBS-R.jpg
1876	04	30	14	00	0	4.47	|	orig=132 inHg|Local time: 1400|QC flag: low value|Image File: YorkFactory_USSS-412_M1958_1876-04-01_OBS-R.jpg
1876	04	30	21	00	0	2.84	|	orig=084 inHg|Local time: 2100|QC flag: low value|Image File: YorkFactory_USSS-412_M1958_1876-04-01_OBS-R.jpg
1876	05	01	07	00	0	5.55	|	orig=164 inHg|Local time: 0700|QC flag: low value|Image File: YorkFactory_USSS-412_M1958_1876-05-01_OBS-R.jpg
1876	05	01	14	00	0	4.98	|	orig=147 inHg|Local time: 1400|QC flag: low value|Image File: YorkFactory_USSS-412_M1958_1876-05-01_OBS-R.jpg
1876	05	01	21	00	0	5.08	|	orig=150 inHg|Local time: 2100|QC flag: low value|Image File: YorkFactory_USSS-412_M1958_1876-05-01_OBS-R.jpg
1876	05	02	07	00	0	5.55	|	orig=164 inHg|Local time: 0700|QC flag: low value|Image File: YorkFactory_USSS-412_M1958_1876-05-01_OBS-R.jpg
1876	05	02	14	00	0	5.49	|	orig=162 inHg|Local time: 1400|QC flag: low value|Image File: YorkFactory_USSS-412_M1958_1876-05-01_OBS-R.jpg
1876	05	02	21	00	0	4.67	|	orig=138 inHg|Local time: 2100|QC flag: low value|Image File: YorkFactory_USSS-412_M1958_1876-05-01_OBS-R.jpg
1876	05	03	07	00	0	4.47	|	orig=132 inHg|Local time: 0700|QC flag: low value|Image File: YorkFactory_USSS-412_M1958_1876-05-01_OBS-R.jpg
1876	05	03	14	00	0	5.35	|	orig=158 inHg|Local time: 1400|QC flag: low value|Image File: YorkFactory_USSS-412_M1958_1876-05-01_OBS-R.jpg
1876	05	03	21	00	0	4.67	|	orig=138 inHg|Local time: 2100|QC flag: low value|Image File: YorkFactory_USSS-412_M1958_1876-05-01_OBS-R.jpg
1876	05	04	07	00	0	5.01	|	orig=148 inHg|Local time: 0700|QC flag: low value|Image File: YorkFactory_USSS-412_M1958_1876-05-01_OBS-R.jpg
1876	05	04	14	00	0	5.45	|	orig=161 inHg|Local time: 1400|QC flag: low value|Image File: YorkFactory_USSS-412_M1958_1876-05-01_OBS-R.jpg
1876	05	04	21	00	0	4.57	|	orig=135 inHg|Local time: 2100|QC flag: low value|Image File: YorkFactory_USSS-412_M1958_1876-05-01_OBS-R.jpg
1876	05	05	07	00	0	7.25	|	orig=214 inHg|Local time: 0700|QC flag: none|Image File: YorkFactory_USSS-412_M1958_1876-05-01_OBS-R.jpg
1876	05	05	14	00	0	9.41	|	orig=278 inHg|Local time: 1400|QC flag: none|Image File: YorkFactory_USSS-412_M1958_1876-05-01_OBS-R.jpg
1876	05	05	21	00	0	5.52	|	orig=163 inHg|Local time: 2100|QC flag: low value|Image File: YorkFactory_USSS-412_M1958_1876-05-01_OBS-R.jpg
1876	05	06	07	00	0	6.64	|	orig=196 inHg|Local time: 0700|QC flag: low value|Image File: YorkFactory_USSS-412_M1958_1876-05-01_OBS-R.jpg
1876	05	06	14	00	0	10.67	|	orig=315 inHg|Local time: 1400|QC flag: none|Image File: YorkFactory_USSS-412_M1958_1876-05-01_OBS-R.jpg
1876	05	06	21	00	0	7.72	|	orig=228 inHg|Local time: 2100|QC flag: none|Image File: YorkFactory_USSS-412_M1958_1876-05-01_OBS-R.jpg
1876	05	07	07	00	0	5.35	|	orig=158 inHg|Local time: 0700|QC flag: low value|Image File: YorkFactory_USSS-412_M1958_1876-05-01_OBS-R.jpg
1876	05	07	14	00	0	7.99	|	orig=236 inHg|Local time: 1400|QC flag: none|Image File: YorkFactory_USSS-412_M1958_1876-05-01_OBS-R.jpg
1876	05	07	21	00	0	6.16	|	orig=182 inHg|Local time: 2100|QC flag: low value|Image File: YorkFactory_USSS-412_M1958_1876-05-01_OBS-R.jpg
1876	05	08	07	00	0	6.26	|	orig=185 inHg|Local time: 0700|QC flag: low value|Image File: YorkFactory_USSS-412_M1958_1876-05-01_OBS-R.jpg
1876	05	08	14	00	0	6.81	|	orig=201 inHg|Local time: 1400|QC flag: none|Image File: YorkFactory_USSS-412_M1958_1876-05-01_OBS-R.jpg
1876	05	08	21	00	0	5.25	|	orig=155 inHg|Local time: 2100|QC flag: low value|Image File: YorkFactory_USSS-412_M1958_1876-05-01_OBS-R.jpg
1876	05	09	07	00	0	6.67	|	orig=197 inHg|Local time: 0700|QC flag: low value|Image File: YorkFactory_USSS-412_M1958_1876-05-01_OBS-R.jpg
1876	05	09	14	00	0	6.94	|	orig=205 inHg|Local time: 1400|QC flag: none|Image File: YorkFactory_USSS-412_M1958_1876-05-01_OBS-R.jpg
1876	05	09	21	00	0	5.45	|	orig=161 inHg|Local time: 2100|QC flag: low value|Image File: YorkFactory_USSS-412_M1958_1876-05-01_OBS-R.jpg
1876	05	10	07	00	0	5.45	|	orig=161 inHg|Local time: 0700|QC flag: low value|Image File: YorkFactory_USSS-412_M1958_1876-05-01_OBS-R.jpg
1876	05	10	14	00	0	6.54	|	orig=193 inHg|Local time: 1400|QC flag: low value|Image File: YorkFactory_USSS-412_M1958_1876-05-01_OBS-R.jpg
1876	05	10	21	00	0	5.45	|	orig=161 inHg|Local time: 2100|QC flag: low value|Image File: YorkFactory_USSS-412_M1958_1876-05-01_OBS-R.jpg
1876	05	11	07	00	0	6.94	|	orig=205 inHg|Local time: 0700|QC flag: none|Image File: YorkFactory_USSS-412_M1958_1876-05-01_OBS-R.jpg
1876	05	11	14	00	0	7.25	|	orig=214 inHg|Local time: 1400|QC flag: none|Image File: YorkFactory_USSS-412_M1958_1876-05-01_OBS-R.jpg
1876	05	11	21	00	0	5.32	|	orig=157 inHg|Local time: 2100|QC flag: low value|Image File: YorkFactory_USSS-412_M1958_1876-05-01_OBS-R.jpg
1876	05	12	07	00	0	4.57	|	orig=135 inHg|Local time: 0700|QC flag: low value|Image File: YorkFactory_USSS-412_M1958_1876-05-01_OBS-R.jpg
1876	05	12	14	00	0	4.81	|	orig=142 inHg|Local time: 1400|QC flag: low value|Image File: YorkFactory_USSS-412_M1958_1876-05-01_OBS-R.jpg
1876	05	12	21	00	0	4.47	|	orig=132 inHg|Local time: 2100|QC flag: low value|Image File: YorkFactory_USSS-412_M1958_1876-05-01_OBS-R.jpg
1876	05	13	07	00	0	4.57	|	orig=135 inHg|Local time: 0700|QC flag: low value|Image File: YorkFactory_USSS-412_M1958_1876-05-01_OBS-R.jpg
1876	05	13	14	00	0	5.15	|	orig=152 inHg|Local time: 1400|QC flag: low value|Image File: YorkFactory_USSS-412_M1958_1876-05-01_OBS-R.jpg
1876	05	13	21	00	0	4.37	|	orig=129 inHg|Local time: 2100|QC flag: low value|Image File: YorkFactory_USSS-412_M1958_1876-05-01_OBS-R.jpg
1876	05	14	07	00	0	4.67	|	orig=138 inHg|Local time: 0700|QC flag: low value|Image File: YorkFactory_USSS-412_M1958_1876-05-01_OBS-R.jpg
1876	05	14	14	00	0	5.62	|	orig=166 inHg|Local time: 1400|QC flag: low value|Image File: YorkFactory_USSS-412_M1958_1876-05-01_OBS-R.jpg
1876	05	14	21	00	0	6.10	|	orig=180 inHg|Local time: 2100|QC flag: low value|Image File: YorkFactory_USSS-412_M1958_1876-05-01_OBS-R.jpg
1876	05	15	07	00	0	6.30	|	orig=186 inHg|Local time: 0700|QC flag: low value|Image File: YorkFactory_USSS-412_M1958_1876-05-01_OBS-R.jpg
1876	05	15	14	00	0	5.08	|	orig=150 inHg|Local time: 1400|QC flag: low value|Image File: YorkFactory_USSS-412_M1958_1876-05-01_OBS-R.jpg
1876	05	15	21	00	0	6.06	|	orig=179 inHg|Local time: 2100|QC flag: low value|Image File: YorkFactory_USSS-412_M1958_1876-05-01_OBS-R.jpg
1876	05	16	07	00	0	7.42	|	orig=219 inHg|Local time: 0700|QC flag: none|Image File: YorkFactory_USSS-412_M1958_1876-05-01_OBS-R.jpg
1876	05	16	14	00	0	14.19	|	orig=419 inHg|Local time: 1400|QC flag: none|Image File: YorkFactory_USSS-412_M1958_1876-05-01_OBS-R.jpg
1876	05	16	21	00	0	4.23	|	orig=125 inHg|Local time: 2100|QC flag: low value|Image File: YorkFactory_USSS-412_M1958_1876-05-01_OBS-R.jpg
1876	05	17	07	00	0	7.04	|	orig=208 inHg|Local time: 0700|QC flag: none|Image File: YorkFactory_USSS-412_M1958_1876-05-01_OBS-R.jpg
1876	05	17	14	00	0	8.06	|	orig=238 inHg|Local time: 1400|QC flag: none|Image File: YorkFactory_USSS-412_M1958_1876-05-01_OBS-R.jpg
1876	05	17	21	00	0	11.14	|	orig=329 inHg|Local time: 2100|QC flag: none|Image File: YorkFactory_USSS-412_M1958_1876-05-01_OBS-R.jpg
1876	05	18	07	00	0	6.16	|	orig=182 inHg|Local time: 0700|QC flag: low value|Image File: YorkFactory_USSS-412_M1958_1876-05-01_OBS-R.jpg
1876	05	18	14	00	0	6.87	|	orig=203 inHg|Local time: 1400|QC flag: none|Image File: YorkFactory_USSS-412_M1958_1876-05-01_OBS-R.jpg
1876	05	18	21	00	0	7.86	|	orig=232 inHg|Local time: 2100|QC flag: none|Image File: YorkFactory_USSS-412_M1958_1876-05-01_OBS-R.jpg
1876	05	19	07	00	0	8.50	|	orig=251 inHg|Local time: 0700|QC flag: none|Image File: YorkFactory_USSS-412_M1958_1876-05-01_OBS-R.jpg
1876	05	19	14	00	0	8.43	|	orig=249 inHg|Local time: 1400|QC flag: none|Image File: YorkFactory_USSS-412_M1958_1876-05-01_OBS-R.jpg
1876	05	19	21	00	0	7.75	|	orig=229 inHg|Local time: 2100|QC flag: none|Image File: YorkFactory_USSS-412_M1958_1876-05-01_OBS-R.jpg
1876	05	20	07	00	0	7.65	|	orig=226 inHg|Local time: 0700|QC flag: none|Image File: YorkFactory_USSS-412_M1958_1876-05-01_OBS-R.jpg
1876	05	20	14	00	0	7.28	|	orig=215 inHg|Local time: 1400|QC flag: none|Image File: YorkFactory_USSS-412_M1958_1876-05-01_OBS-R.jpg
1876	05	20	21	00	0	5.93	|	orig=175 inHg|Local time: 2100|QC flag: low value|Image File: YorkFactory_USSS-412_M1958_1876-05-01_OBS-R.jpg
1876	05	21	07	00	0	5.35	|	orig=158 inHg|Local time: 0700|QC flag: low value|Image File: YorkFactory_USSS-412_M1958_1876-05-01_OBS-R.jpg
1876	05	21	14	00	0	4.61	|	orig=136 inHg|Local time: 1400|QC flag: low value|Image File: YorkFactory_USSS-412_M1958_1876-05-01_OBS-R.jpg
1876	05	21	21	00	0	5.11	|	orig=151 inHg|Local time: 2100|QC flag: low value|Image File: YorkFactory_USSS-412_M1958_1876-05-01_OBS-R.jpg
1876	05	22	07	00	0	7.55	|	orig=223 inHg|Local time: 0700|QC flag: none|Image File: YorkFactory_USSS-412_M1958_1876-05-01_OBS-R.jpg
1876	05	22	14	00	0	8.53	|	orig=252 inHg|Local time: 1400|QC flag: none|Image File: YorkFactory_USSS-412_M1958_1876-05-01_OBS-R.jpg
1876	05	22	21	00	0	7.38	|	orig=218 inHg|Local time: 2100|QC flag: none|Image File: YorkFactory_USSS-412_M1958_1876-05-01_OBS-R.jpg
1876	05	23	07	00	0	6.16	|	orig=182 inHg|Local time: 0700|QC flag: low value|Image File: YorkFactory_USSS-412_M1958_1876-05-01_OBS-R.jpg
1876	05	23	14	00	0	5.79	|	orig=171 inHg|Local time: 1400|QC flag: low value|Image File: YorkFactory_USSS-412_M1958_1876-05-01_OBS-R.jpg
1876	05	23	21	00	0	4.67	|	orig=138 inHg|Local time: 2100|QC flag: low value|Image File: YorkFactory_USSS-412_M1958_1876-05-01_OBS-R.jpg
1876	05	24	07	00	0	4.77	|	orig=141 inHg|Local time: 0700|QC flag: low value|Image File: YorkFactory_USSS-412_M1958_1876-05-01_OBS-R.jpg
1876	05	24	14	00	0	6.60	|	orig=195 inHg|Local time: 1400|QC flag: low value|Image File: YorkFactory_USSS-412_M1958_1876-05-01_OBS-R.jpg
1876	05	24	21	00	0	5.96	|	orig=176 inHg|Local time: 2100|QC flag: low value|Image File: YorkFactory_USSS-412_M1958_1876-05-01_OBS-R.jpg
1876	05	25	07	00	0	11.11	|	orig=328 inHg|Local time: 0700|QC flag: none|Image File: YorkFactory_USSS-412_M1958_1876-05-01_OBS-R.jpg
1876	05	25	14	00	0	17.47	|	orig=516 inHg|Local time: 1400|QC flag: none|Image File: YorkFactory_USSS-412_M1958_1876-05-01_OBS-R.jpg
1876	05	25	21	00	0	7.28	|	orig=215 inHg|Local time: 2100|QC flag: none|Image File: YorkFactory_USSS-412_M1958_1876-05-01_OBS-R.jpg
1876	05	26	07	00	0	10.29	|	orig=304 inHg|Local time: 0700|QC flag: none|Image File: YorkFactory_USSS-412_M1958_1876-05-01_OBS-R.jpg
1876	05	26	14	00	0	7.31	|	orig=216 inHg|Local time: 1400|QC flag: none|Image File: YorkFactory_USSS-412_M1958_1876-05-01_OBS-R.jpg
1876	05	26	21	00	0	6.47	|	orig=191 inHg|Local time: 2100|QC flag: low value|Image File: YorkFactory_USSS-412_M1958_1876-05-01_OBS-R.jpg
1876	05	27	07	00	0	5.49	|	orig=162 inHg|Local time: 0700|QC flag: low value|Image File: YorkFactory_USSS-412_M1958_1876-05-01_OBS-R.jpg
1876	05	27	14	00	0	7.11	|	orig=210 inHg|Local time: 1400|QC flag: none|Image File: YorkFactory_USSS-412_M1958_1876-05-01_OBS-R.jpg
1876	05	27	21	00	0	5.69	|	orig=168 inHg|Local time: 2100|QC flag: low value|Image File: YorkFactory_USSS-412_M1958_1876-05-01_OBS-R.jpg
1876	05	28	07	00	0	5.69	|	orig=168 inHg|Local time: 0700|QC flag: low value|Image File: YorkFactory_USSS-412_M1958_1876-05-01_OBS-R.jpg
1876	05	28	14	00	0	5.15	|	orig=152 inHg|Local time: 1400|QC flag: low value|Image File: YorkFactory_USSS-412_M1958_1876-05-01_OBS-R.jpg
1876	05	28	21	00	0	5.72	|	orig=169 inHg|Local time: 2100|QC flag: low value|Image File: YorkFactory_USSS-412_M1958_1876-05-01_OBS-R.jpg
1876	05	29	07	00	0	6.84	|	orig=202 inHg|Local time: 0700|QC flag: none|Image File: YorkFactory_USSS-412_M1958_1876-05-01_OBS-R.jpg
1876	05	29	14	00	0	6.87	|	orig=.203 inHg|Local time: 1400|QC flag: none|Image File: YorkFactory_USSS-412_M1958_1876-05-01_OBS-R.jpg
1876	05	29	21	00	0	6.64	|	orig=196 inHg|Local time: 2100|QC flag: low value|Image File: YorkFactory_USSS-412_M1958_1876-05-01_OBS-R.jpg
1876	05	30	07	00	0	6.64	|	orig=196 inHg|Local time: 0700|QC flag: low value|Image File: YorkFactory_USSS-412_M1958_1876-05-01_OBS-R.jpg
1876	05	30	14	00	0	5.25	|	orig=155 inHg|Local time: 1400|QC flag: low value|Image File: YorkFactory_USSS-412_M1958_1876-05-01_OBS-R.jpg
1876	05	30	21	00	0	4.67	|	orig=138 inHg|Local time: 2100|QC flag: low value|Image File: YorkFactory_USSS-412_M1958_1876-05-01_OBS-R.jpg
1876	05	31	07	00	0	4.67	|	orig=138 inHg|Local time: 0700|QC flag: low value|Image File: YorkFactory_USSS-412_M1958_1876-05-01_OBS-R.jpg
1876	05	31	14	00	0	5.69	|	orig=168 inHg|Local time: 1400|QC flag: low value|Image File: YorkFactory_USSS-412_M1958_1876-05-01_OBS-R.jpg
1876	05	31	21	00	0	5.55	|	orig=164 inHg|Local time: 2100|QC flag: low value|Image File: YorkFactory_USSS-412_M1958_1876-05-01_OBS-R.jpg
1876	06	01	07	00	0	5.55	|	orig=164 inHg|Local time: 0700|QC flag: low value|Image File: YorkFactory_USSS-412_M1958_1876-06-01_OBS-R.jpg
1876	06	01	14	00	0	7.04	|	orig=208 inHg|Local time: 1400|QC flag: none|Image File: YorkFactory_USSS-412_M1958_1876-06-01_OBS-R.jpg
1876	06	01	21	00	0	4.84	|	orig=143 inHg|Local time: 2100|QC flag: low value|Image File: YorkFactory_USSS-412_M1958_1876-06-01_OBS-R.jpg
1876	06	02	07	00	0	5.45	|	orig=161 inHg|Local time: 0700|QC flag: low value|Image File: YorkFactory_USSS-412_M1958_1876-06-01_OBS-R.jpg
1876	06	02	14	00	0	6.81	|	orig=201 inHg|Local time: 1400|QC flag: none|Image File: YorkFactory_USSS-412_M1958_1876-06-01_OBS-R.jpg
1876	06	02	21	00	0	6.50	|	orig=192 inHg|Local time: 2100|QC flag: low value|Image File: YorkFactory_USSS-412_M1958_1876-06-01_OBS-R.jpg
1876	06	03	07	00	0	9.08	|	orig=268 inHg|Local time: 0700|QC flag: none|Image File: YorkFactory_USSS-412_M1958_1876-06-01_OBS-R.jpg
1876	06	03	14	00	0	9.11	|	orig=269 inHg|Local time: 1400|QC flag: none|Image File: YorkFactory_USSS-412_M1958_1876-06-01_OBS-R.jpg
1876	06	03	21	00	0	9.11	|	orig=269 inHg|Local time: 2100|QC flag: none|Image File: YorkFactory_USSS-412_M1958_1876-06-01_OBS-R.jpg
1876	06	04	07	00	0	8.94	|	orig=264 inHg|Local time: 0700|QC flag: none|Image File: YorkFactory_USSS-412_M1958_1876-06-01_OBS-R.jpg
1876	06	04	14	00	0	8.43	|	orig=249 inHg|Local time: 1400|QC flag: none|Image File: YorkFactory_USSS-412_M1958_1876-06-01_OBS-R.jpg
1876	06	04	21	00	0	5.93	|	orig=175 inHg|Local time: 2100|QC flag: low value|Image File: YorkFactory_USSS-412_M1958_1876-06-01_OBS-R.jpg
1876	06	05	07	00	0	5.93	|	orig=175 inHg|Local time: 0700|QC flag: low value|Image File: YorkFactory_USSS-412_M1958_1876-06-01_OBS-R.jpg
1876	06	05	14	00	0	7.18	|	orig=212 inHg|Local time: 1400|QC flag: none|Image File: YorkFactory_USSS-412_M1958_1876-06-01_OBS-R.jpg
1876	06	05	21	00	0	6.16	|	orig=182 inHg|Local time: 2100|QC flag: low value|Image File: YorkFactory_USSS-412_M1958_1876-06-01_OBS-R.jpg
1876	06	06	07	00	0	7.55	|	orig=223 inHg|Local time: 0700|QC flag: none|Image File: YorkFactory_USSS-412_M1958_1876-06-01_OBS-R.jpg
1876	06	06	14	00	0	8.09	|	orig=239 inHg|Local time: 1400|QC flag: none|Image File: YorkFactory_USSS-412_M1958_1876-06-01_OBS-R.jpg
1876	06	06	21	00	0	8.97	|	orig=265 inHg|Local time: 2100|QC flag: none|Image File: YorkFactory_USSS-412_M1958_1876-06-01_OBS-R.jpg
1876	06	07	07	00	0	12.09	|	orig=357 inHg|Local time: 0700|QC flag: none|Image File: YorkFactory_USSS-412_M1958_1876-06-01_OBS-R.jpg
1876	06	07	14	00	0	7.82	|	orig=231 inHg|Local time: 1400|QC flag: none|Image File: YorkFactory_USSS-412_M1958_1876-06-01_OBS-R.jpg
1876	06	07	21	00	0	7.04	|	orig=208 inHg|Local time: 2100|QC flag: none|Image File: YorkFactory_USSS-412_M1958_1876-06-01_OBS-R.jpg
1876	06	08	07	00	0	6.50	|	orig=192 inHg|Local time: 0700|QC flag: low value|Image File: YorkFactory_USSS-412_M1958_1876-06-01_OBS-R.jpg
1876	06	08	14	00	0	10.26	|	orig=303 inHg|Local time: 1400|QC flag: none|Image File: YorkFactory_USSS-412_M1958_1876-06-01_OBS-R.jpg
1876	06	08	21	00	0	10.87	|	orig=321 inHg|Local time: 2100|QC flag: none|Image File: YorkFactory_USSS-412_M1958_1876-06-01_OBS-R.jpg
1876	06	09	07	00	0	10.67	|	orig=315 inHg|Local time: 0700|QC flag: none|Image File: YorkFactory_USSS-412_M1958_1876-06-01_OBS-R.jpg
1876	06	09	14	00	0	11.99	|	orig=354 inHg|Local time: 1400|QC flag: none|Image File: YorkFactory_USSS-412_M1958_1876-06-01_OBS-R.jpg
1876	06	09	21	00	0	12.06	|	orig=356 inHg|Local time: 2100|QC flag: none|Image File: YorkFactory_USSS-412_M1958_1876-06-01_OBS-R.jpg
1876	06	10	07	00	0	12.19	|	orig=360 inHg|Local time: 0700|QC flag: none|Image File: YorkFactory_USSS-412_M1958_1876-06-01_OBS-R.jpg
1876	06	10	14	00	0	16.83	|	orig=497 inHg|Local time: 1400|QC flag: none|Image File: YorkFactory_USSS-412_M1958_1876-06-01_OBS-R.jpg
1876	06	10	21	00	0	15.44	|	orig=456 inHg|Local time: 2100|QC flag: none|Image File: YorkFactory_USSS-412_M1958_1876-06-01_OBS-R.jpg
1876	06	11	07	00	0	11.82	|	orig=349 inHg|Local time: 0700|QC flag: none|Image File: YorkFactory_USSS-412_M1958_1876-06-01_OBS-R.jpg
1876	06	11	14	00	0	8.16	|	orig=241 inHg|Local time: 1400|QC flag: none|Image File: YorkFactory_USSS-412_M1958_1876-06-01_OBS-R.jpg
1876	06	11	21	00	0	11.55	|	orig=341 inHg|Local time: 2100|QC flag: none|Image File: YorkFactory_USSS-412_M1958_1876-06-01_OBS-R.jpg
1876	06	12	07	00	0	11.11	|	orig=328 inHg|Local time: 0700|QC flag: none|Image File: YorkFactory_USSS-412_M1958_1876-06-01_OBS-R.jpg
1876	06	12	14	00	0	8.13	|	orig=240 inHg|Local time: 1400|QC flag: none|Image File: YorkFactory_USSS-412_M1958_1876-06-01_OBS-R.jpg
1876	06	12	21	00	0	7.38	|	orig=218 inHg|Local time: 2100|QC flag: none|Image File: YorkFactory_USSS-412_M1958_1876-06-01_OBS-R.jpg
1876	06	13	07	00	0	9.04	|	orig=267 inHg|Local time: 0700|QC flag: none|Image File: YorkFactory_USSS-412_M1958_1876-06-01_OBS-R.jpg
1876	06	13	14	00	0	8.97	|	orig=265 inHg|Local time: 1400|QC flag: none|Image File: YorkFactory_USSS-412_M1958_1876-06-01_OBS-R.jpg
1876	06	13	21	00	0	5.72	|	orig=169 inHg|Local time: 2100|QC flag: low value|Image File: YorkFactory_USSS-412_M1958_1876-06-01_OBS-R.jpg
1876	06	14	07	00	0	7.28	|	orig=215 inHg|Local time: 0700|QC flag: none|Image File: YorkFactory_USSS-412_M1958_1876-06-01_OBS-R.jpg
1876	06	14	14	00	0	9.99	|	orig=295 inHg|Local time: 1400|QC flag: none|Image File: YorkFactory_USSS-412_M1958_1876-06-01_OBS-R.jpg
1876	06	14	21	00	0	9.18	|	orig=271 inHg|Local time: 2100|QC flag: none|Image File: YorkFactory_USSS-412_M1958_1876-06-01_OBS-R.jpg
1876	06	15	07	00	0	6.98	|	orig=206 inHg|Local time: 0700|QC flag: none|Image File: YorkFactory_USSS-412_M1958_1876-06-01_OBS-R.jpg
1876	06	15	14	00	0	7.92	|	orig=234 inHg|Local time: 1400|QC flag: none|Image File: YorkFactory_USSS-412_M1958_1876-06-01_OBS-R.jpg
1876	06	15	21	00	0	6.64	|	orig=196 inHg|Local time: 2100|QC flag: low value|Image File: YorkFactory_USSS-412_M1958_1876-06-01_OBS-R.jpg
1876	06	16	07	00	0	6.13	|	orig=181 inHg|Local time: 0700|QC flag: low value|Image File: YorkFactory_USSS-412_M1958_1876-06-01_OBS-R.jpg
1876	06	16	14	00	0	7.31	|	orig=216 inHg|Local time: 1400|QC flag: none|Image File: YorkFactory_USSS-412_M1958_1876-06-01_OBS-R.jpg
1876	06	16	21	00	0	8.33	|	orig=246 inHg|Local time: 2100|QC flag: none|Image File: YorkFactory_USSS-412_M1958_1876-06-01_OBS-R.jpg
1876	06	17	07	00	0	7.72	|	orig=228 inHg|Local time: 0700|QC flag: none|Image File: YorkFactory_USSS-412_M1958_1876-06-01_OBS-R.jpg
1876	06	17	14	00	0	11.58	|	orig=342 inHg|Local time: 1400|QC flag: none|Image File: YorkFactory_USSS-412_M1958_1876-06-01_OBS-R.jpg
1876	06	17	21	00	0	9.79	|	orig=289 inHg|Local time: 2100|QC flag: none|Image File: YorkFactory_USSS-412_M1958_1876-06-01_OBS-R.jpg
1876	06	18	07	00	0	9.82	|	orig=290 inHg|Local time: 0700|QC flag: none|Image File: YorkFactory_USSS-412_M1958_1876-06-01_OBS-R.jpg
1876	06	18	14	00	0	12.50	|	orig=369 inHg|Local time: 1400|QC flag: none|Image File: YorkFactory_USSS-412_M1958_1876-06-01_OBS-R.jpg
1876	06	18	21	00	0	8.64	|	orig=255 inHg|Local time: 2100|QC flag: none|Image File: YorkFactory_USSS-412_M1958_1876-06-01_OBS-R.jpg
1876	06	19	07	00	0	9.79	|	orig=289 inHg|Local time: 0700|QC flag: none|Image File: YorkFactory_USSS-412_M1958_1876-06-01_OBS-R.jpg
1876	06	19	14	00	0	13.61	|	orig=402 inHg|Local time: 1400|QC flag: none|Image File: YorkFactory_USSS-412_M1958_1876-06-01_OBS-R.jpg
1876	06	19	21	00	0	12.26	|	orig=362 inHg|Local time: 2100|QC flag: none|Image File: YorkFactory_USSS-412_M1958_1876-06-01_OBS-R.jpg
1876	06	20	07	00	0	8.80	|	orig=260 inHg|Local time: 0700|QC flag: none|Image File: YorkFactory_USSS-412_M1958_1876-06-01_OBS-R.jpg
1876	06	20	14	00	0	8.53	|	orig=252 inHg|Local time: 1400|QC flag: none|Image File: YorkFactory_USSS-412_M1958_1876-06-01_OBS-R.jpg
1876	06	20	21	00	0	7.18	|	orig=212 inHg|Local time: 2100|QC flag: none|Image File: YorkFactory_USSS-412_M1958_1876-06-01_OBS-R.jpg
1876	06	21	07	00	0	6.94	|	orig=205 inHg|Local time: 0700|QC flag: none|Image File: YorkFactory_USSS-412_M1958_1876-06-01_OBS-R.jpg
1876	06	21	14	00	0	7.62	|	orig=225 inHg|Local time: 1400|QC flag: none|Image File: YorkFactory_USSS-412_M1958_1876-06-01_OBS-R.jpg
1876	06	21	21	00	0	8.87	|	orig=262 inHg|Local time: 2100|QC flag: none|Image File: YorkFactory_USSS-412_M1958_1876-06-01_OBS-R.jpg
1876	06	22	07	00	0	10.43	|	orig=308 inHg|Local time: 0700|QC flag: none|Image File: YorkFactory_USSS-412_M1958_1876-06-01_OBS-R.jpg
1876	06	22	14	00	0	14.39	|	orig=425 inHg|Local time: 1400|QC flag: none|Image File: YorkFactory_USSS-412_M1958_1876-06-01_OBS-R.jpg
1876	06	22	21	00	0	13.92	|	orig=411 inHg|Local time: 2100|QC flag: none|Image File: YorkFactory_USSS-412_M1958_1876-06-01_OBS-R.jpg
1876	06	23	07	00	0	13.92	|	orig=411 inHg|Local time: 0700|QC flag: none|Image File: YorkFactory_USSS-412_M1958_1876-06-01_OBS-R.jpg
1876	06	23	14	00	0	21.44	|	orig=633 inHg|Local time: 1400|QC flag: none|Image File: YorkFactory_USSS-412_M1958_1876-06-01_OBS-R.jpg
1876	06	23	21	00	0	22.35	|	orig=660 inHg|Local time: 2100|QC flag: none|Image File: YorkFactory_USSS-412_M1958_1876-06-01_OBS-R.jpg
1876	06	24	07	00	0	17.00	|	orig=502 inHg|Local time: 0700|QC flag: none|Image File: YorkFactory_USSS-412_M1958_1876-06-01_OBS-R.jpg
1876	06	24	14	00	0	15.51	|	orig=458 inHg|Local time: 1400|QC flag: none|Image File: YorkFactory_USSS-412_M1958_1876-06-01_OBS-R.jpg
1876	06	24	21	00	0	15.51	|	orig=458 inHg|Local time: 2100|QC flag: none|Image File: YorkFactory_USSS-412_M1958_1876-06-01_OBS-R.jpg
1876	06	25	07	00	0	7.01	|	orig=207 inHg|Local time: 0700|QC flag: none|Image File: YorkFactory_USSS-412_M1958_1876-06-01_OBS-R.jpg
1876	06	25	14	00	0	10.23	|	orig=302 inHg|Local time: 1400|QC flag: none|Image File: YorkFactory_USSS-412_M1958_1876-06-01_OBS-R.jpg
1876	06	25	21	00	0	8.87	|	orig=262 inHg|Local time: 2100|QC flag: none|Image File: YorkFactory_USSS-412_M1958_1876-06-01_OBS-R.jpg
1876	06	26	07	00	0	9.31	|	orig=275 inHg|Local time: 0700|QC flag: none|Image File: YorkFactory_USSS-412_M1958_1876-06-01_OBS-R.jpg
1876	06	26	14	00	0	10.90	|	orig=322 inHg|Local time: 1400|QC flag: none|Image File: YorkFactory_USSS-412_M1958_1876-06-01_OBS-R.jpg
1876	06	26	21	00	0	10.53	|	orig=311 inHg|Local time: 2100|QC flag: none|Image File: YorkFactory_USSS-412_M1958_1876-06-01_OBS-R.jpg
1876	06	27	07	00	0	9.24	|	orig=273 inHg|Local time: 0700|QC flag: none|Image File: YorkFactory_USSS-412_M1958_1876-06-01_OBS-R.jpg
1876	06	27	14	00	0	9.31	|	orig=275 inHg|Local time: 1400|QC flag: none|Image File: YorkFactory_USSS-412_M1958_1876-06-01_OBS-R.jpg
1876	06	27	21	00	0	9.21	|	orig=272 inHg|Local time: 2100|QC flag: none|Image File: YorkFactory_USSS-412_M1958_1876-06-01_OBS-R.jpg
1876	06	28	07	00	0	8.91	|	orig=263 inHg|Local time: 0700|QC flag: none|Image File: YorkFactory_USSS-412_M1958_1876-06-01_OBS-R.jpg
1876	06	28	14	00	0	13.21	|	orig=390 inHg|Local time: 1400|QC flag: none|Image File: YorkFactory_USSS-412_M1958_1876-06-01_OBS-R.jpg
1876	06	28	21	00	0	13.17	|	orig=389 inHg|Local time: 2100|QC flag: none|Image File: YorkFactory_USSS-412_M1958_1876-06-01_OBS-R.jpg
1876	06	29	07	00	0	6.74	|	orig=199 inHg|Local time: 0700|QC flag: low value|Image File: YorkFactory_USSS-412_M1958_1876-06-01_OBS-R.jpg
1876	06	29	14	00	0	22.99	|	orig=679 inHg|Local time: 1400|QC flag: none|Image File: YorkFactory_USSS-412_M1958_1876-06-01_OBS-R.jpg
1876	06	29	21	00	0	13.07	|	orig=386 inHg|Local time: 2100|QC flag: none|Image File: YorkFactory_USSS-412_M1958_1876-06-01_OBS-R.jpg
1876	06	30	07	00	0	9.24	|	orig=273 inHg|Local time: 0700|QC flag: none|Image File: YorkFactory_USSS-412_M1958_1876-06-01_OBS-R.jpg
1876	06	30	14	00	0	11.68	|	orig=345 inHg|Local time: 1400|QC flag: none|Image File: YorkFactory_USSS-412_M1958_1876-06-01_OBS-R.jpg
1876	06	30	21	00	0	9.35	|	orig=276 inHg|Local time: 2100|QC flag: none|Image File: YorkFactory_USSS-412_M1958_1876-06-01_OBS-R.jpg
1876	07	01	07	00	0	9.55	|	orig=282 inHg|Local time: 0700|QC flag: none|Image File: YorkFactory_USSS-412_M1958_1876-07-01_OBS-R.jpg
1876	07	01	14	00	0	13.41	|	orig=396 inHg|Local time: 1400|QC flag: none|Image File: YorkFactory_USSS-412_M1958_1876-07-01_OBS-R.jpg
1876	07	01	21	00	0	12.06	|	orig=356 inHg|Local time: 2100|QC flag: none|Image File: YorkFactory_USSS-412_M1958_1876-07-01_OBS-R.jpg
1876	07	02	07	00	0	12.60	|	orig=372 inHg|Local time: 0700|QC flag: none|Image File: YorkFactory_USSS-412_M1958_1876-07-01_OBS-R.jpg
1876	07	02	14	00	0	19.61	|	orig=579 inHg|Local time: 1400|QC flag: none|Image File: YorkFactory_USSS-412_M1958_1876-07-01_OBS-R.jpg
1876	07	02	21	00	0	18.59	|	orig=549 inHg|Local time: 2100|QC flag: none|Image File: YorkFactory_USSS-412_M1958_1876-07-01_OBS-R.jpg
1876	07	03	07	00	0	9.24	|	orig=273 inHg|Local time: 0700|QC flag: none|Image File: YorkFactory_USSS-412_M1958_1876-07-01_OBS-R.jpg
1876	07	03	14	00	0	7.65	|	orig=226 inHg|Local time: 1400|QC flag: none|Image File: YorkFactory_USSS-412_M1958_1876-07-01_OBS-R.jpg
1876	07	03	21	00	0	9.08	|	orig=268 inHg|Local time: 2100|QC flag: none|Image File: YorkFactory_USSS-412_M1958_1876-07-01_OBS-R.jpg
1876	07	04	07	00	0	8.53	|	orig=252 inHg|Local time: 0700|QC flag: none|Image File: YorkFactory_USSS-412_M1958_1876-07-01_OBS-R.jpg
1876	07	04	14	00	0	15.95	|	orig=471 inHg|Local time: 1400|QC flag: none|Image File: YorkFactory_USSS-412_M1958_1876-07-01_OBS-R.jpg
1876	07	04	21	00	0	13.17	|	orig=389 inHg|Local time: 2100|QC flag: none|Image File: YorkFactory_USSS-412_M1958_1876-07-01_OBS-R.jpg
1876	07	05	07	00	0	10.23	|	orig=302 inHg|Local time: 0700|QC flag: none|Image File: YorkFactory_USSS-412_M1958_1876-07-01_OBS-R.jpg
1876	07	05	14	00	0	13.71	|	orig=405 inHg|Local time: 1400|QC flag: none|Image File: YorkFactory_USSS-412_M1958_1876-07-01_OBS-R.jpg
1876	07	05	21	00	0	20.69	|	orig=611 inHg|Local time: 2100|QC flag: none|Image File: YorkFactory_USSS-412_M1958_1876-07-01_OBS-R.jpg
1876	07	06	07	00	0	11.14	|	orig=329 inHg|Local time: 0700|QC flag: none|Image File: YorkFactory_USSS-412_M1958_1876-07-01_OBS-R.jpg
1876	07	06	14	00	0	22.79	|	orig=673 inHg|Local time: 1400|QC flag: none|Image File: YorkFactory_USSS-412_M1958_1876-07-01_OBS-R.jpg
1876	07	06	21	00	0	16.25	|	orig=480 inHg|Local time: 2100|QC flag: none|Image File: YorkFactory_USSS-412_M1958_1876-07-01_OBS-R.jpg
1876	07	07	07	00	0	12.02	|	orig=355 inHg|Local time: 0700|QC flag: none|Image File: YorkFactory_USSS-412_M1958_1876-07-01_OBS-R.jpg
1876	07	07	14	00	0	18.15	|	orig=536 inHg|Local time: 1400|QC flag: none|Image File: YorkFactory_USSS-412_M1958_1876-07-01_OBS-R.jpg
1876	07	07	21	00	0	13.95	|	orig=412 inHg|Local time: 2100|QC flag: none|Image File: YorkFactory_USSS-412_M1958_1876-07-01_OBS-R.jpg
1876	07	08	07	00	0	13.31	|	orig=393 inHg|Local time: 0700|QC flag: none|Image File: YorkFactory_USSS-412_M1958_1876-07-01_OBS-R.jpg
1876	07	08	14	00	0	10.29	|	orig=304 inHg|Local time: 1400|QC flag: none|Image File: YorkFactory_USSS-412_M1958_1876-07-01_OBS-R.jpg
1876	07	08	21	00	0	11.55	|	orig=341 inHg|Local time: 2100|QC flag: none|Image File: YorkFactory_USSS-412_M1958_1876-07-01_OBS-R.jpg
1876	07	09	07	00	0	11.14	|	orig=329 inHg|Local time: 0700|QC flag: none|Image File: YorkFactory_USSS-412_M1958_1876-07-01_OBS-R.jpg
1876	07	09	14	00	0	10.33	|	orig=305 inHg|Local time: 1400|QC flag: none|Image File: YorkFactory_USSS-412_M1958_1876-07-01_OBS-R.jpg
1876	07	09	21	00	0	10.90	|	orig=322 inHg|Local time: 2100|QC flag: none|Image File: YorkFactory_USSS-412_M1958_1876-07-01_OBS-R.jpg
1876	07	10	07	00	0	13.04	|	orig=385 inHg|Local time: 0700|QC flag: none|Image File: YorkFactory_USSS-412_M1958_1876-07-01_OBS-R.jpg
1876	07	10	14	00	0	16.19	|	orig=478 inHg|Local time: 1400|QC flag: none|Image File: YorkFactory_USSS-412_M1958_1876-07-01_OBS-R.jpg
1876	07	10	21	00	0	11.78	|	orig=348 inHg|Local time: 2100|QC flag: none|Image File: YorkFactory_USSS-412_M1958_1876-07-01_OBS-R.jpg
1876	07	11	07	00	0	13.71	|	orig=405 inHg|Local time: 0700|QC flag: none|Image File: YorkFactory_USSS-412_M1958_1876-07-01_OBS-R.jpg
1876	07	11	14	00	0	17.64	|	orig=521 inHg|Local time: 1400|QC flag: none|Image File: YorkFactory_USSS-412_M1958_1876-07-01_OBS-R.jpg
1876	07	11	21	00	0	11.99	|	orig=354 inHg|Local time: 2100|QC flag: none|Image File: YorkFactory_USSS-412_M1958_1876-07-01_OBS-R.jpg
1876	07	12	07	00	0	12.02	|	orig=355 inHg|Local time: 0700|QC flag: none|Image File: YorkFactory_USSS-412_M1958_1876-07-01_OBS-R.jpg
1876	07	12	14	00	0	9.65	|	orig=285 inHg|Local time: 1400|QC flag: none|Image File: YorkFactory_USSS-412_M1958_1876-07-01_OBS-R.jpg
1876	07	12	21	00	0	9.99	|	orig=295 inHg|Local time: 2100|QC flag: none|Image File: YorkFactory_USSS-412_M1958_1876-07-01_OBS-R.jpg
1876	07	13	07	00	0	12.77	|	orig=377 inHg|Local time: 0700|QC flag: none|Image File: YorkFactory_USSS-412_M1958_1876-07-01_OBS-R.jpg
1876	07	13	14	00	0	12.80	|	orig=378 inHg|Local time: 1400|QC flag: none|Image File: YorkFactory_USSS-412_M1958_1876-07-01_OBS-R.jpg
1876	07	13	21	00	0	13.65	|	orig=403 inHg|Local time: 2100|QC flag: none|Image File: YorkFactory_USSS-412_M1958_1876-07-01_OBS-R.jpg
1876	07	14	07	00	0	12.70	|	orig=375 inHg|Local time: 0700|QC flag: none|Image File: YorkFactory_USSS-412_M1958_1876-07-01_OBS-R.jpg
1876	07	14	14	00	0	12.22	|	orig=361 inHg|Local time: 1400|QC flag: none|Image File: YorkFactory_USSS-412_M1958_1876-07-01_OBS-R.jpg
1876	07	14	21	00	0	15.04	|	orig=444 inHg|Local time: 2100|QC flag: none|Image File: YorkFactory_USSS-412_M1958_1876-07-01_OBS-R.jpg
1876	07	15	07	00	0	11.99	|	orig=354 inHg|Local time: 0700|QC flag: none|Image File: YorkFactory_USSS-412_M1958_1876-07-01_OBS-R.jpg
1876	07	15	14	00	0	16.63	|	orig=491 inHg|Local time: 1400|QC flag: none|Image File: YorkFactory_USSS-412_M1958_1876-07-01_OBS-R.jpg
1876	07	15	21	00	0	13.14	|	orig=388 inHg|Local time: 2100|QC flag: none|Image File: YorkFactory_USSS-412_M1958_1876-07-01_OBS-R.jpg
1876	07	16	07	00	0	8.50	|	orig=251 inHg|Local time: 0700|QC flag: none|Image File: YorkFactory_USSS-412_M1958_1876-07-01_OBS-R.jpg
1876	07	16	14	00	0	17.47	|	orig=516 inHg|Local time: 1400|QC flag: none|Image File: YorkFactory_USSS-412_M1958_1876-07-01_OBS-R.jpg
1876	07	16	21	00	0	9.72	|	orig=287 inHg|Local time: 2100|QC flag: none|Image File: YorkFactory_USSS-412_M1958_1876-07-01_OBS-R.jpg
1876	07	17	07	00	0	8.74	|	orig=258 inHg|Local time: 0700|QC flag: none|Image File: YorkFactory_USSS-412_M1958_1876-07-01_OBS-R.jpg
1876	07	17	14	00	0	14.49	|	orig=428 inHg|Local time: 1400|QC flag: none|Image File: YorkFactory_USSS-412_M1958_1876-07-01_OBS-R.jpg
1876	07	17	21	00	0	11.99	|	orig=354 inHg|Local time: 2100|QC flag: none|Image File: YorkFactory_USSS-412_M1958_1876-07-01_OBS-R.jpg
1876	07	18	07	00	0	12.02	|	orig=355 inHg|Local time: 0700|QC flag: none|Image File: YorkFactory_USSS-412_M1958_1876-07-01_OBS-R.jpg
1876	07	18	14	00	0	9.14	|	orig=270 inHg|Local time: 1400|QC flag: none|Image File: YorkFactory_USSS-412_M1958_1876-07-01_OBS-R.jpg
1876	07	18	21	00	0	9.75	|	orig=288 inHg|Local time: 2100|QC flag: none|Image File: YorkFactory_USSS-412_M1958_1876-07-01_OBS-R.jpg
1876	07	19	07	00	0	12.46	|	orig=368 inHg|Local time: 0700|QC flag: none|Image File: YorkFactory_USSS-412_M1958_1876-07-01_OBS-R.jpg
1876	07	19	14	00	0	12.94	|	orig=382 inHg|Local time: 1400|QC flag: none|Image File: YorkFactory_USSS-412_M1958_1876-07-01_OBS-R.jpg
1876	07	19	21	00	0	8.77	|	orig=259 inHg|Local time: 2100|QC flag: none|Image File: YorkFactory_USSS-412_M1958_1876-07-01_OBS-R.jpg
1876	07	20	07	00	0	10.67	|	orig=315 inHg|Local time: 0700|QC flag: none|Image File: YorkFactory_USSS-412_M1958_1876-07-01_OBS-R.jpg
1876	07	20	14	00	0	11.55	|	orig=341 inHg|Local time: 1400|QC flag: none|Image File: YorkFactory_USSS-412_M1958_1876-07-01_OBS-R.jpg
1876	07	20	21	00	0	8.80	|	orig=260 inHg|Local time: 2100|QC flag: none|Image File: YorkFactory_USSS-412_M1958_1876-07-01_OBS-R.jpg
1876	07	21	07	00	0	8.97	|	orig=265 inHg|Local time: 0700|QC flag: none|Image File: YorkFactory_USSS-412_M1958_1876-07-01_OBS-R.jpg
1876	07	21	14	00	0	10.67	|	orig=315 inHg|Local time: 1400|QC flag: none|Image File: YorkFactory_USSS-412_M1958_1876-07-01_OBS-R.jpg
1876	07	21	21	00	0	11.14	|	orig=329 inHg|Local time: 2100|QC flag: none|Image File: YorkFactory_USSS-412_M1958_1876-07-01_OBS-R.jpg
1876	07	22	07	00	0	8.30	|	orig=245 inHg|Local time: 0700|QC flag: none|Image File: YorkFactory_USSS-412_M1958_1876-07-01_OBS-R.jpg
1876	07	22	14	00	0	9.89	|	orig=292 inHg|Local time: 1400|QC flag: none|Image File: YorkFactory_USSS-412_M1958_1876-07-01_OBS-R.jpg
1876	07	22	21	00	0	10.02	|	orig=296 inHg|Local time: 2100|QC flag: none|Image File: YorkFactory_USSS-412_M1958_1876-07-01_OBS-R.jpg
1876	07	23	07	00	0	10.87	|	orig=321 inHg|Local time: 0700|QC flag: none|Image File: YorkFactory_USSS-412_M1958_1876-07-01_OBS-R.jpg
1876	07	23	14	00	0	10.23	|	orig=302 inHg|Local time: 1400|QC flag: none|Image File: YorkFactory_USSS-412_M1958_1876-07-01_OBS-R.jpg
1876	07	23	21	00	0	12.73	|	orig=376 inHg|Local time: 2100|QC flag: none|Image File: YorkFactory_USSS-412_M1958_1876-07-01_OBS-R.jpg
1876	07	24	07	00	0	11.89	|	orig=351 inHg|Local time: 0700|QC flag: none|Image File: YorkFactory_USSS-412_M1958_1876-07-01_OBS-R.jpg
1876	07	24	14	00	0	17.00	|	orig=502 inHg|Local time: 1400|QC flag: none|Image File: YorkFactory_USSS-412_M1958_1876-07-01_OBS-R.jpg
1876	07	24	21	00	0	15.00	|	orig=443 inHg|Local time: 2100|QC flag: none|Image File: YorkFactory_USSS-412_M1958_1876-07-01_OBS-R.jpg
1876	07	25	07	00	0	14.29	|	orig=422 inHg|Local time: 0700|QC flag: none|Image File: YorkFactory_USSS-412_M1958_1876-07-01_OBS-R.jpg
1876	07	25	14	00	0	15.81	|	orig=467 inHg|Local time: 1400|QC flag: none|Image File: YorkFactory_USSS-412_M1958_1876-07-01_OBS-R.jpg
1876	07	25	21	00	0	14.39	|	orig=425 inHg|Local time: 2100|QC flag: none|Image File: YorkFactory_USSS-412_M1958_1876-07-01_OBS-R.jpg
1876	07	26	07	00	0	13.92	|	orig=411 inHg|Local time: 0700|QC flag: none|Image File: YorkFactory_USSS-412_M1958_1876-07-01_OBS-R.jpg
1876	07	26	14	00	0	22.99	|	orig=679 inHg|Local time: 1400|QC flag: none|Image File: YorkFactory_USSS-412_M1958_1876-07-01_OBS-R.jpg
1876	07	26	21	00	0	14.46	|	orig=427 inHg|Local time: 2100|QC flag: none|Image File: YorkFactory_USSS-412_M1958_1876-07-01_OBS-R.jpg
1876	07	27	07	00	0	14.60	|	orig=431 inHg|Local time: 0700|QC flag: none|Image File: YorkFactory_USSS-412_M1958_1876-07-01_OBS-R.jpg
1876	07	27	14	00	0	14.63	|	orig=432 inHg|Local time: 1400|QC flag: none|Image File: YorkFactory_USSS-412_M1958_1876-07-01_OBS-R.jpg
1876	07	27	21	00	0	12.97	|	orig=383 inHg|Local time: 2100|QC flag: none|Image File: YorkFactory_USSS-412_M1958_1876-07-01_OBS-R.jpg
1876	07	28	07	00	0	11.11	|	orig=328 inHg|Local time: 0700|QC flag: none|Image File: YorkFactory_USSS-412_M1958_1876-07-01_OBS-R.jpg
1876	07	28	14	00	0	11.65	|	orig=344 inHg|Local time: 1400|QC flag: none|Image File: YorkFactory_USSS-412_M1958_1876-07-01_OBS-R.jpg
1876	07	28	21	00	0	10.26	|	orig=303 inHg|Local time: 2100|QC flag: none|Image File: YorkFactory_USSS-412_M1958_1876-07-01_OBS-R.jpg
1876	07	29	07	00	0	12.70	|	orig=375 inHg|Local time: 0700|QC flag: none|Image File: YorkFactory_USSS-412_M1958_1876-07-01_OBS-R.jpg
1876	07	29	14	00	0	11.99	|	orig=354 inHg|Local time: 1400|QC flag: none|Image File: YorkFactory_USSS-412_M1958_1876-07-01_OBS-R.jpg
1876	07	29	21	00	0	12.73	|	orig=376 inHg|Local time: 2100|QC flag: none|Image File: YorkFactory_USSS-412_M1958_1876-07-01_OBS-R.jpg
1876	07	30	07	00	0	13.95	|	orig=412 inHg|Local time: 0700|QC flag: none|Image File: YorkFactory_USSS-412_M1958_1876-07-01_OBS-R.jpg
1876	07	30	14	00	0	14.76	|	orig=436 inHg|Local time: 1400|QC flag: none|Image File: YorkFactory_USSS-412_M1958_1876-07-01_OBS-R.jpg
1876	07	30	21	00	0	16.32	|	orig=482 inHg|Local time: 2100|QC flag: none|Image File: YorkFactory_USSS-412_M1958_1876-07-01_OBS-R.jpg
1876	07	31	07	00	0	17.58	|	orig=519 inHg|Local time: 0700|QC flag: none|Image File: YorkFactory_USSS-412_M1958_1876-07-01_OBS-R.jpg
1876	07	31	14	00	0	17.07	|	orig=504 inHg|Local time: 1400|QC flag: none|Image File: YorkFactory_USSS-412_M1958_1876-07-01_OBS-R.jpg
1876	07	31	21	00	0	21.81	|	orig=644 inHg|Local time: 2100|QC flag: none|Image File: YorkFactory_USSS-412_M1958_1876-07-01_OBS-R.jpg
1876	08	01	07	00	0	19.98	|	orig=590 inHg|Local time: 0700|QC flag: none|Image File: YorkFactory_USSS-412_M1958_1876-08-01_OBS-R.jpg
1876	08	01	14	00	0	23.20	|	orig=685 inHg|Local time: 1400|QC flag: none|Image File: YorkFactory_USSS-412_M1958_1876-08-01_OBS-R.jpg
1876	08	01	21	00	0	17.03	|	orig=503 inHg|Local time: 2100|QC flag: none|Image File: YorkFactory_USSS-412_M1958_1876-08-01_OBS-R.jpg
1876	08	02	07	00	0	14.76	|	orig=436 inHg|Local time: 0700|QC flag: none|Image File: YorkFactory_USSS-412_M1958_1876-08-01_OBS-R.jpg
1876	08	02	14	00	0	15.75	|	orig=465 inHg|Local time: 1400|QC flag: none|Image File: YorkFactory_USSS-412_M1958_1876-08-01_OBS-R.jpg
1876	08	02	21	00	0	16.32	|	orig=482 inHg|Local time: 2100|QC flag: none|Image File: YorkFactory_USSS-412_M1958_1876-08-01_OBS-R.jpg
1876	08	03	07	00	0	15.88	|	orig=469 inHg|Local time: 0700|QC flag: none|Image File: YorkFactory_USSS-412_M1958_1876-08-01_OBS-R.jpg
1876	08	03	14	00	0	26.55	|	orig=784 inHg|Local time: 1400|QC flag: none|Image File: YorkFactory_USSS-412_M1958_1876-08-01_OBS-R.jpg
1876	08	03	21	00	0	16.32	|	orig=482 inHg|Local time: 2100|QC flag: none|Image File: YorkFactory_USSS-412_M1958_1876-08-01_OBS-R.jpg
1876	08	04	07	00	0	17.95	|	orig=530 inHg|Local time: 0700|QC flag: none|Image File: YorkFactory_USSS-412_M1958_1876-08-01_OBS-R.jpg
1876	08	04	14	00	0	19.03	|	orig=562 inHg|Local time: 1400|QC flag: none|Image File: YorkFactory_USSS-412_M1958_1876-08-01_OBS-R.jpg
1876	08	04	21	00	0	11.55	|	orig=341 inHg|Local time: 2100|QC flag: none|Image File: YorkFactory_USSS-412_M1958_1876-08-01_OBS-R.jpg
1876	08	05	07	00	0	10.53	|	orig=311 inHg|Local time: 0700|QC flag: none|Image File: YorkFactory_USSS-412_M1958_1876-08-01_OBS-R.jpg
1876	08	05	14	00	0	12.70	|	orig=375 inHg|Local time: 1400|QC flag: none|Image File: YorkFactory_USSS-412_M1958_1876-08-01_OBS-R.jpg
1876	08	05	21	00	0	13.14	|	orig=.388 inHg|Local time: 2100|QC flag: none|Image File: YorkFactory_USSS-412_M1958_1876-08-01_OBS-R.jpg
1876	08	06	07	00	0	13.17	|	orig=389 inHg|Local time: 0700|QC flag: none|Image File: YorkFactory_USSS-412_M1958_1876-08-01_OBS-R.jpg
1876	08	06	14	00	0	18.83	|	orig=556 inHg|Local time: 1400|QC flag: none|Image File: YorkFactory_USSS-412_M1958_1876-08-01_OBS-R.jpg
1876	08	06	21	00	0	16.12	|	orig=476 inHg|Local time: 2100|QC flag: none|Image File: YorkFactory_USSS-412_M1958_1876-08-01_OBS-R.jpg
1876	08	07	07	00	0	13.48	|	orig=398 inHg|Local time: 0700|QC flag: none|Image File: YorkFactory_USSS-412_M1958_1876-08-01_OBS-R.jpg
1876	08	07	14	00	0	23.37	|	orig=690 inHg|Local time: 1400|QC flag: none|Image File: YorkFactory_USSS-412_M1958_1876-08-01_OBS-R.jpg
1876	08	07	21	00	0	23.77	|	orig=702 inHg|Local time: 2100|QC flag: none|Image File: YorkFactory_USSS-412_M1958_1876-08-01_OBS-R.jpg
1876	08	08	07	00	0	20.28	|	orig=599 inHg|Local time: 0700|QC flag: none|Image File: YorkFactory_USSS-412_M1958_1876-08-01_OBS-R.jpg
1876	08	08	14	00	0	18.90	|	orig=558 inHg|Local time: 1400|QC flag: none|Image File: YorkFactory_USSS-412_M1958_1876-08-01_OBS-R.jpg
1876	08	08	21	00	0	10.97	|	orig=324 inHg|Local time: 2100|QC flag: none|Image File: YorkFactory_USSS-412_M1958_1876-08-01_OBS-R.jpg
1876	08	09	07	00	0	13.85	|	orig=409 inHg|Local time: 0700|QC flag: none|Image File: YorkFactory_USSS-412_M1958_1876-08-01_OBS-R.jpg
1876	08	09	14	00	0	14.53	|	orig=429 inHg|Local time: 1400|QC flag: none|Image File: YorkFactory_USSS-412_M1958_1876-08-01_OBS-R.jpg
1876	08	09	21	00	0	8.94	|	orig=264 inHg|Local time: 2100|QC flag: none|Image File: YorkFactory_USSS-412_M1958_1876-08-01_OBS-R.jpg
1876	08	10	07	00	0	10.29	|	orig=304 inHg|Local time: 0700|QC flag: none|Image File: YorkFactory_USSS-412_M1958_1876-08-01_OBS-R.jpg
1876	08	10	14	00	0	10.29	|	orig=304 inHg|Local time: 1400|QC flag: none|Image File: YorkFactory_USSS-412_M1958_1876-08-01_OBS-R.jpg
1876	08	10	21	00	0	8.80	|	orig=260 inHg|Local time: 2100|QC flag: none|Image File: YorkFactory_USSS-412_M1958_1876-08-01_OBS-R.jpg
1876	08	11	07	00	0	8.33	|	orig=246 inHg|Local time: 0700|QC flag: none|Image File: YorkFactory_USSS-412_M1958_1876-08-01_OBS-R.jpg
1876	08	11	14	00	0	9.65	|	orig=285 inHg|Local time: 1400|QC flag: none|Image File: YorkFactory_USSS-412_M1958_1876-08-01_OBS-R.jpg
1876	08	11	21	00	0	8.43	|	orig=249 inHg|Local time: 2100|QC flag: none|Image File: YorkFactory_USSS-412_M1958_1876-08-01_OBS-R.jpg
1876	08	12	07	00	0	7.15	|	orig=211 inHg|Local time: 0700|QC flag: none|Image File: YorkFactory_USSS-412_M1958_1876-08-01_OBS-R.jpg
1876	08	12	14	00	0	8.09	|	orig=239 inHg|Local time: 1400|QC flag: none|Image File: YorkFactory_USSS-412_M1958_1876-08-01_OBS-R.jpg
1876	08	12	21	00	0	8.60	|	orig=254 inHg|Local time: 2100|QC flag: none|Image File: YorkFactory_USSS-412_M1958_1876-08-01_OBS-R.jpg
1876	08	13	07	00	0	11.55	|	orig=341 inHg|Local time: 0700|QC flag: none|Image File: YorkFactory_USSS-412_M1958_1876-08-01_OBS-R.jpg
1876	08	13	14	00	0	9.21	|	orig=272 inHg|Local time: 1400|QC flag: none|Image File: YorkFactory_USSS-412_M1958_1876-08-01_OBS-R.jpg
1876	08	13	21	00	0	10.67	|	orig=315 inHg|Local time: 2100|QC flag: none|Image File: YorkFactory_USSS-412_M1958_1876-08-01_OBS-R.jpg
1876	08	14	07	00	0	11.55	|	orig=341 inHg|Local time: 0700|QC flag: none|Image File: YorkFactory_USSS-412_M1958_1876-08-01_OBS-R.jpg
1876	08	14	14	00	0	13.92	|	orig=411 inHg|Local time: 1400|QC flag: none|Image File: YorkFactory_USSS-412_M1958_1876-08-01_OBS-R.jpg
1876	08	14	21	00	0	14.09	|	orig=416 inHg|Local time: 2100|QC flag: none|Image File: YorkFactory_USSS-412_M1958_1876-08-01_OBS-R.jpg
1876	08	15	07	00	0	11.11	|	orig=328 inHg|Local time: 0700|QC flag: none|Image File: YorkFactory_USSS-412_M1958_1876-08-01_OBS-R.jpg
1876	08	15	14	00	0	19.17	|	orig=566 inHg|Local time: 1400|QC flag: none|Image File: YorkFactory_USSS-412_M1958_1876-08-01_OBS-R.jpg
1876	08	15	21	00	0	13.38	|	orig=395 inHg|Local time: 2100|QC flag: none|Image File: YorkFactory_USSS-412_M1958_1876-08-01_OBS-R.jpg
1876	08	16	07	00	0	11.99	|	orig=354 inHg|Local time: 0700|QC flag: none|Image File: YorkFactory_USSS-412_M1958_1876-08-01_OBS-R.jpg
1876	08	16	14	00	0	13.82	|	orig=408 inHg|Local time: 1400|QC flag: none|Image File: YorkFactory_USSS-412_M1958_1876-08-01_OBS-R.jpg
1876	08	16	21	00	0	12.22	|	orig=361 inHg|Local time: 2100|QC flag: none|Image File: YorkFactory_USSS-412_M1958_1876-08-01_OBS-R.jpg
1876	08	17	07	00	0	12.46	|	orig=368 inHg|Local time: 0700|QC flag: none|Image File: YorkFactory_USSS-412_M1958_1876-08-01_OBS-R.jpg
1876	08	17	14	00	0	27.50	|	orig=812 inHg|Local time: 1400|QC flag: none|Image File: YorkFactory_USSS-412_M1958_1876-08-01_OBS-R.jpg
1876	08	17	21	00	0	13.38	|	orig=395 inHg|Local time: 2100|QC flag: none|Image File: YorkFactory_USSS-412_M1958_1876-08-01_OBS-R.jpg
1876	08	18	07	00	0	11.55	|	orig=341 inHg|Local time: 0700|QC flag: none|Image File: YorkFactory_USSS-412_M1958_1876-08-01_OBS-R.jpg
1876	08	18	14	00	0	11.55	|	orig=341 inHg|Local time: 1400|QC flag: none|Image File: YorkFactory_USSS-412_M1958_1876-08-01_OBS-R.jpg
1876	08	18	21	00	0	9.48	|	orig=280 inHg|Local time: 2100|QC flag: none|Image File: YorkFactory_USSS-412_M1958_1876-08-01_OBS-R.jpg
1876	08	19	07	00	0	9.24	|	orig=273 inHg|Local time: 0700|QC flag: none|Image File: YorkFactory_USSS-412_M1958_1876-08-01_OBS-R.jpg
1876	08	19	14	00	0	12.22	|	orig=361 inHg|Local time: 1400|QC flag: none|Image File: YorkFactory_USSS-412_M1958_1876-08-01_OBS-R.jpg
1876	08	19	21	00	0	10.50	|	orig=310 inHg|Local time: 2100|QC flag: none|Image File: YorkFactory_USSS-412_M1958_1876-08-01_OBS-R.jpg
1876	08	20	07	00	0	10.70	|	orig=316 inHg|Local time: 0700|QC flag: none|Image File: YorkFactory_USSS-412_M1958_1876-08-01_OBS-R.jpg
1876	08	20	14	00	0	14.70	|	orig=434 inHg|Local time: 1400|QC flag: none|Image File: YorkFactory_USSS-412_M1958_1876-08-01_OBS-R.jpg
1876	08	20	21	00	0	11.62	|	orig=343 inHg|Local time: 2100|QC flag: none|Image File: YorkFactory_USSS-412_M1958_1876-08-01_OBS-R.jpg
1876	08	21	07	00	0	12.36	|	orig=365 inHg|Local time: 0700|QC flag: none|Image File: YorkFactory_USSS-412_M1958_1876-08-01_OBS-R.jpg
1876	08	21	14	00	0	18.42	|	orig=544 inHg|Local time: 1400|QC flag: none|Image File: YorkFactory_USSS-412_M1958_1876-08-01_OBS-R.jpg
1876	08	21	21	00	0	15.51	|	orig=458 inHg|Local time: 2100|QC flag: none|Image File: YorkFactory_USSS-412_M1958_1876-08-01_OBS-R.jpg
1876	08	22	07	00	0	13.24	|	orig=391 inHg|Local time: 0700|QC flag: none|Image File: YorkFactory_USSS-412_M1958_1876-08-01_OBS-R.jpg
1876	08	22	14	00	0	19.20	|	orig=567 inHg|Local time: 1400|QC flag: none|Image File: YorkFactory_USSS-412_M1958_1876-08-01_OBS-R.jpg
1876	08	22	21	00	0	19.74	|	orig=583 inHg|Local time: 2100|QC flag: none|Image File: YorkFactory_USSS-412_M1958_1876-08-01_OBS-R.jpg
1876	08	23	07	00	0	10.90	|	orig=322 inHg|Local time: 0700|QC flag: none|Image File: YorkFactory_USSS-412_M1958_1876-08-01_OBS-R.jpg
1876	08	23	14	00	0	15.58	|	orig=460 inHg|Local time: 1400|QC flag: none|Image File: YorkFactory_USSS-412_M1958_1876-08-01_OBS-R.jpg
1876	08	23	21	00	0	14.66	|	orig=433 inHg|Local time: 2100|QC flag: none|Image File: YorkFactory_USSS-412_M1958_1876-08-01_OBS-R.jpg
1876	08	24	07	00	0	10.94	|	orig=323 inHg|Local time: 0700|QC flag: none|Image File: YorkFactory_USSS-412_M1958_1876-08-01_OBS-R.jpg
1876	08	24	14	00	0	10.13	|	orig=299 inHg|Local time: 1400|QC flag: none|Image File: YorkFactory_USSS-412_M1958_1876-08-01_OBS-R.jpg
1876	08	24	21	00	0	9.21	|	orig=272 inHg|Local time: 2100|QC flag: none|Image File: YorkFactory_USSS-412_M1958_1876-08-01_OBS-R.jpg
1876	08	25	07	00	0	9.04	|	orig=267 inHg|Local time: 0700|QC flag: none|Image File: YorkFactory_USSS-412_M1958_1876-08-01_OBS-R.jpg
1876	08	25	14	00	0	8.94	|	orig=264 inHg|Local time: 1400|QC flag: none|Image File: YorkFactory_USSS-412_M1958_1876-08-01_OBS-R.jpg
1876	08	25	21	00	0	8.33	|	orig=246 inHg|Local time: 2100|QC flag: none|Image File: YorkFactory_USSS-412_M1958_1876-08-01_OBS-R.jpg
1876	08	26	07	00	0	8.09	|	orig=239 inHg|Local time: 0700|QC flag: none|Image File: YorkFactory_USSS-412_M1958_1876-08-01_OBS-R.jpg
1876	08	26	14	00	0	7.82	|	orig=231 inHg|Local time: 1400|QC flag: none|Image File: YorkFactory_USSS-412_M1958_1876-08-01_OBS-R.jpg
1876	08	26	21	00	0	8.64	|	orig=255 inHg|Local time: 2100|QC flag: none|Image File: YorkFactory_USSS-412_M1958_1876-08-01_OBS-R.jpg
1876	08	27	07	00	0	7.86	|	orig=232 inHg|Local time: 0700|QC flag: none|Image File: YorkFactory_USSS-412_M1958_1876-08-01_OBS-R.jpg
1876	08	27	14	00	0	13.24	|	orig=391 inHg|Local time: 1400|QC flag: none|Image File: YorkFactory_USSS-412_M1958_1876-08-01_OBS-R.jpg
1876	08	27	21	00	0	9.08	|	orig=268 inHg|Local time: 2100|QC flag: none|Image File: YorkFactory_USSS-412_M1958_1876-08-01_OBS-R.jpg
1876	08	28	07	00	0	7.21	|	orig=213 inHg|Local time: 0700|QC flag: none|Image File: YorkFactory_USSS-412_M1958_1876-08-01_OBS-R.jpg
1876	08	28	14	00	0	10.94	|	orig=323 inHg|Local time: 1400|QC flag: none|Image File: YorkFactory_USSS-412_M1958_1876-08-01_OBS-R.jpg
1876	08	28	21	00	0	12.97	|	orig=383 inHg|Local time: 2100|QC flag: none|Image File: YorkFactory_USSS-412_M1958_1876-08-01_OBS-R.jpg
1876	08	29	07	00	0	13.85	|	orig=409 inHg|Local time: 0700|QC flag: none|Image File: YorkFactory_USSS-412_M1958_1876-08-01_OBS-R.jpg
1876	08	29	14	00	0	17.41	|	orig=514 inHg|Local time: 1400|QC flag: none|Image File: YorkFactory_USSS-412_M1958_1876-08-01_OBS-R.jpg
1876	08	29	21	00	0	16.12	|	orig=476 inHg|Local time: 2100|QC flag: none|Image File: YorkFactory_USSS-412_M1958_1876-08-01_OBS-R.jpg
1876	08	30	07	00	0	13.14	|	orig=388 inHg|Local time: 0700|QC flag: none|Image File: YorkFactory_USSS-412_M1958_1876-08-01_OBS-R.jpg
1876	08	30	14	00	0	13.85	|	orig=409 inHg|Local time: 1400|QC flag: none|Image File: YorkFactory_USSS-412_M1958_1876-08-01_OBS-R.jpg
1876	08	30	21	00	0	12.02	|	orig=355 inHg|Local time: 2100|QC flag: none|Image File: YorkFactory_USSS-412_M1958_1876-08-01_OBS-R.jpg
1876	08	31	07	00	0	13.17	|	orig=389 inHg|Local time: 0700|QC flag: none|Image File: YorkFactory_USSS-412_M1958_1876-08-01_OBS-R.jpg
1876	08	31	14	00	0	10.67	|	orig=315 inHg|Local time: 1400|QC flag: none|Image File: YorkFactory_USSS-412_M1958_1876-08-01_OBS-R.jpg
1876	08	31	21	00	0	9.21	|	orig=272 inHg|Local time: 2100|QC flag: none|Image File: YorkFactory_USSS-412_M1958_1876-08-01_OBS-R.jpg
1876	09	01	07	00	0	8.60	|	orig=0.254 inHg|Local time: 0700|QC flag: none|Image File: YorkFactory_USSS-412_M1958_1876-09-01_OBS-R.jpg
1876	09	01	14	00	0	9.55	|	orig=0.282 inHg|Local time: 1400|QC flag: none|Image File: YorkFactory_USSS-412_M1958_1876-09-01_OBS-R.jpg
1876	09	01	21	00	0	8.36	|	orig=0.247 inHg|Local time: 2100|QC flag: none|Image File: YorkFactory_USSS-412_M1958_1876-09-01_OBS-R.jpg
1876	09	02	07	00	0	8.06	|	orig=0.238 inHg|Local time: 0700|QC flag: none|Image File: YorkFactory_USSS-412_M1958_1876-09-01_OBS-R.jpg
1876	09	02	14	00	0	8.03	|	orig=0.237 inHg|Local time: 1400|QC flag: none|Image File: YorkFactory_USSS-412_M1958_1876-09-01_OBS-R.jpg
1876	09	02	21	00	0	8.09	|	orig=0.239 inHg|Local time: 2100|QC flag: none|Image File: YorkFactory_USSS-412_M1958_1876-09-01_OBS-R.jpg
1876	09	03	07	00	0	6.60	|	orig=0.195 inHg|Local time: 0700|QC flag: low value|Image File: YorkFactory_USSS-412_M1958_1876-09-01_OBS-R.jpg
1876	09	03	14	00	0	1.96	|	orig=0.058 inHg|Local time: 1400|QC flag: low value|Image File: YorkFactory_USSS-412_M1958_1876-09-01_OBS-R.jpg
1876	09	03	21	00	0	7.92	|	orig=0.234 inHg|Local time: 2100|QC flag: none|Image File: YorkFactory_USSS-412_M1958_1876-09-01_OBS-R.jpg
1876	09	04	07	00	0	9.85	|	orig=0.291 inHg|Local time: 0700|QC flag: none|Image File: YorkFactory_USSS-412_M1958_1876-09-01_OBS-R.jpg
1876	09	04	14	00	0	7.99	|	orig=0.236 inHg|Local time: 1400|QC flag: none|Image File: YorkFactory_USSS-412_M1958_1876-09-01_OBS-R.jpg
1876	09	04	21	00	0	8.60	|	orig=0.254 inHg|Local time: 2100|QC flag: none|Image File: YorkFactory_USSS-412_M1958_1876-09-01_OBS-R.jpg
1876	09	05	07	00	0	8.50	|	orig=0.251 inHg|Local time: 0700|QC flag: none|Image File: YorkFactory_USSS-412_M1958_1876-09-01_OBS-R.jpg
1876	09	05	14	00	0	7.31	|	orig=0.216 inHg|Local time: 1400|QC flag: none|Image File: YorkFactory_USSS-412_M1958_1876-09-01_OBS-R.jpg
1876	09	05	21	00	0	7.89	|	orig=0.233 inHg|Local time: 2100|QC flag: none|Image File: YorkFactory_USSS-412_M1958_1876-09-01_OBS-R.jpg
1876	09	06	07	00	0	9.04	|	orig=0.267 inHg|Local time: 0700|QC flag: none|Image File: YorkFactory_USSS-412_M1958_1876-09-01_OBS-R.jpg
1876	09	06	14	00	0	10.87	|	orig=0.321 inHg|Local time: 1400|QC flag: none|Image File: YorkFactory_USSS-412_M1958_1876-09-01_OBS-R.jpg
1876	09	06	21	00	0	10.94	|	orig=0.323 inHg|Local time: 2100|QC flag: none|Image File: YorkFactory_USSS-412_M1958_1876-09-01_OBS-R.jpg
1876	09	07	07	00	0	8.87	|	orig=0.262 inHg|Local time: 0700|QC flag: none|Image File: YorkFactory_USSS-412_M1958_1876-09-01_OBS-R.jpg
1876	09	07	14	00	0	9.21	|	orig=0.272 inHg|Local time: 1400|QC flag: none|Image File: YorkFactory_USSS-412_M1958_1876-09-01_OBS-R.jpg
1876	09	07	21	00	0	8.70	|	orig=0.257 inHg|Local time: 2100|QC flag: none|Image File: YorkFactory_USSS-412_M1958_1876-09-01_OBS-R.jpg
1876	09	08	07	00	0	8.70	|	orig=0.257 inHg|Local time: 0700|QC flag: none|Image File: YorkFactory_USSS-412_M1958_1876-09-01_OBS-R.jpg
1876	09	08	14	00	0	9.85	|	orig=0.291 inHg|Local time: 1400|QC flag: none|Image File: YorkFactory_USSS-412_M1958_1876-09-01_OBS-R.jpg
1876	09	08	21	00	0	8.06	|	orig=0.238 inHg|Local time: 2100|QC flag: none|Image File: YorkFactory_USSS-412_M1958_1876-09-01_OBS-R.jpg
1876	09	09	07	00	0	7.72	|	orig=0.228 inHg|Local time: 0700|QC flag: none|Image File: YorkFactory_USSS-412_M1958_1876-09-01_OBS-R.jpg
1876	09	09	14	00	0	13.65	|	orig=0.403 inHg|Local time: 1400|QC flag: none|Image File: YorkFactory_USSS-412_M1958_1876-09-01_OBS-R.jpg
1876	09	09	21	00	0	13.04	|	orig=0.385 inHg|Local time: 2100|QC flag: none|Image File: YorkFactory_USSS-412_M1958_1876-09-01_OBS-R.jpg
1876	09	10	07	00	0	12.97	|	orig=0.383 inHg|Local time: 0700|QC flag: none|Image File: YorkFactory_USSS-412_M1958_1876-09-01_OBS-R.jpg
1876	09	10	14	00	0	13.85	|	orig=0.409 inHg|Local time: 1400|QC flag: none|Image File: YorkFactory_USSS-412_M1958_1876-09-01_OBS-R.jpg
1876	09	10	21	00	0	14.26	|	orig=0.421 inHg|Local time: 2100|QC flag: none|Image File: YorkFactory_USSS-412_M1958_1876-09-01_OBS-R.jpg
1876	09	11	07	00	0	12.56	|	orig=0.371 inHg|Local time: 0700|QC flag: none|Image File: YorkFactory_USSS-412_M1958_1876-09-01_OBS-R.jpg
1876	09	11	14	00	0	9.35	|	orig=0.276 inHg|Local time: 1400|QC flag: none|Image File: YorkFactory_USSS-412_M1958_1876-09-01_OBS-R.jpg
1876	09	11	21	00	0	12.80	|	orig=0.378 inHg|Local time: 2100|QC flag: none|Image File: YorkFactory_USSS-412_M1958_1876-09-01_OBS-R.jpg
1876	09	12	07	00	0	13.92	|	orig=0.411 inHg|Local time: 0700|QC flag: none|Image File: YorkFactory_USSS-412_M1958_1876-09-01_OBS-R.jpg
1876	09	12	14	00	0	14.60	|	orig=0.431 inHg|Local time: 1400|QC flag: none|Image File: YorkFactory_USSS-412_M1958_1876-09-01_OBS-R.jpg
1876	09	12	21	00	0	8.40	|	orig=0.248 inHg|Local time: 2100|QC flag: none|Image File: YorkFactory_USSS-412_M1958_1876-09-01_OBS-R.jpg
1876	09	13	07	00	0	7.25	|	orig=0.214 inHg|Local time: 0700|QC flag: none|Image File: YorkFactory_USSS-412_M1958_1876-09-01_OBS-R.jpg
1876	09	13	14	00	0	7.48	|	orig=0.221 inHg|Local time: 1400|QC flag: none|Image File: YorkFactory_USSS-412_M1958_1876-09-01_OBS-R.jpg
1876	09	13	21	00	0	8.87	|	orig=0.262 inHg|Local time: 2100|QC flag: none|Image File: YorkFactory_USSS-412_M1958_1876-09-01_OBS-R.jpg
1876	09	14	07	00	0	7.25	|	orig=0.214 inHg|Local time: 0700|QC flag: none|Image File: YorkFactory_USSS-412_M1958_1876-09-01_OBS-R.jpg
1876	09	14	14	00	0	4.88	|	orig=0.144 inHg|Local time: 1400|QC flag: low value|Image File: YorkFactory_USSS-412_M1958_1876-09-01_OBS-R.jpg
1876	09	14	21	00	0	5.76	|	orig=0.170 inHg|Local time: 2100|QC flag: low value|Image File: YorkFactory_USSS-412_M1958_1876-09-01_OBS-R.jpg
1876	09	15	07	00	0	5.93	|	orig=0.175 inHg|Local time: 0700|QC flag: low value|Image File: YorkFactory_USSS-412_M1958_1876-09-01_OBS-R.jpg
1876	09	15	14	00	0	7.75	|	orig=0.229 inHg|Local time: 1400|QC flag: none|Image File: YorkFactory_USSS-412_M1958_1876-09-01_OBS-R.jpg
1876	09	15	21	00	0	6.67	|	orig=0.197 inHg|Local time: 2100|QC flag: low value|Image File: YorkFactory_USSS-412_M1958_1876-09-01_OBS-R.jpg
1876	09	16	07	00	0	7.42	|	orig=0.219 inHg|Local time: 0700|QC flag: none|Image File: YorkFactory_USSS-412_M1958_1876-09-01_OBS-R.jpg
1876	09	16	14	00	0	9.79	|	orig=0.289 inHg|Local time: 1400|QC flag: none|Image File: YorkFactory_USSS-412_M1958_1876-09-01_OBS-R.jpg
1876	09	16	21	00	0	9.69	|	orig=0.286 inHg|Local time: 2100|QC flag: none|Image File: YorkFactory_USSS-412_M1958_1876-09-01_OBS-R.jpg
1876	09	17	07	00	0	7.86	|	orig=0.232 inHg|Local time: 0700|QC flag: none|Image File: YorkFactory_USSS-412_M1958_1876-09-01_OBS-R.jpg
1876	09	17	14	00	0	11.31	|	orig=0.334 inHg|Local time: 1400|QC flag: none|Image File: YorkFactory_USSS-412_M1958_1876-09-01_OBS-R.jpg
1876	09	17	21	00	0	10.29	|	orig=0.304 inHg|Local time: 2100|QC flag: none|Image File: YorkFactory_USSS-412_M1958_1876-09-01_OBS-R.jpg
1876	09	18	07	00	0	8.97	|	orig=0.265 inHg|Local time: 0700|QC flag: none|Image File: YorkFactory_USSS-412_M1958_1876-09-01_OBS-R.jpg
1876	09	18	14	00	0	9.72	|	orig=0.287 inHg|Local time: 1400|QC flag: none|Image File: YorkFactory_USSS-412_M1958_1876-09-01_OBS-R.jpg
1876	09	18	21	00	0	9.01	|	orig=0.266 inHg|Local time: 2100|QC flag: none|Image File: YorkFactory_USSS-412_M1958_1876-09-01_OBS-R.jpg
1876	09	19	07	00	0	8.16	|	orig=0.241 inHg|Local time: 0700|QC flag: none|Image File: YorkFactory_USSS-412_M1958_1876-09-01_OBS-R.jpg
1876	09	19	14	00	0	11.07	|	orig=0.327 inHg|Local time: 1400|QC flag: none|Image File: YorkFactory_USSS-412_M1958_1876-09-01_OBS-R.jpg
1876	09	19	21	00	0	11.31	|	orig=0.334 inHg|Local time: 2100|QC flag: none|Image File: YorkFactory_USSS-412_M1958_1876-09-01_OBS-R.jpg
1876	09	20	07	00	0	12.94	|	orig=0.382 inHg|Local time: 0700|QC flag: none|Image File: YorkFactory_USSS-412_M1958_1876-09-01_OBS-R.jpg
1876	09	20	14	00	0	12.36	|	orig=0.365 inHg|Local time: 1400|QC flag: none|Image File: YorkFactory_USSS-412_M1958_1876-09-01_OBS-R.jpg
1876	09	20	21	00	0	12.22	|	orig=0.361 inHg|Local time: 2100|QC flag: none|Image File: YorkFactory_USSS-412_M1958_1876-09-01_OBS-R.jpg
1876	09	21	07	00	0	8.94	|	orig=0.264 inHg|Local time: 0700|QC flag: none|Image File: YorkFactory_USSS-412_M1958_1876-09-01_OBS-R.jpg
1876	09	21	14	00	0	11.07	|	orig=0.327 inHg|Local time: 1400|QC flag: none|Image File: YorkFactory_USSS-412_M1958_1876-09-01_OBS-R.jpg
1876	09	21	21	00	0	11.31	|	orig=0.334 inHg|Local time: 2100|QC flag: none|Image File: YorkFactory_USSS-412_M1958_1876-09-01_OBS-R.jpg
1876	09	22	07	00	0	10.43	|	orig=0.308 inHg|Local time: 0700|QC flag: none|Image File: YorkFactory_USSS-412_M1958_1876-09-01_OBS-R.jpg
1876	09	22	14	00	0	14.02	|	orig=0.414 inHg|Local time: 1400|QC flag: none|Image File: YorkFactory_USSS-412_M1958_1876-09-01_OBS-R.jpg
1876	09	22	21	00	0	10.87	|	orig=0.321 inHg|Local time: 2100|QC flag: none|Image File: YorkFactory_USSS-412_M1958_1876-09-01_OBS-R.jpg
1876	09	23	07	00	0	9.18	|	orig=0.271 inHg|Local time: 0700|QC flag: none|Image File: YorkFactory_USSS-412_M1958_1876-09-01_OBS-R.jpg
1876	09	23	14	00	0	11.72	|	orig=0.346 inHg|Local time: 1400|QC flag: none|Image File: YorkFactory_USSS-412_M1958_1876-09-01_OBS-R.jpg
1876	09	23	21	00	0	11.99	|	orig=0.354 inHg|Local time: 2100|QC flag: none|Image File: YorkFactory_USSS-412_M1958_1876-09-01_OBS-R.jpg
1876	09	24	07	00	0	8.97	|	orig=0.265 inHg|Local time: 0700|QC flag: none|Image File: YorkFactory_USSS-412_M1958_1876-09-01_OBS-R.jpg
1876	09	24	14	00	0	13.17	|	orig=0.389 inHg|Local time: 1400|QC flag: none|Image File: YorkFactory_USSS-412_M1958_1876-09-01_OBS-R.jpg
1876	09	24	21	00	0	10.13	|	orig=0.299 inHg|Local time: 2100|QC flag: none|Image File: YorkFactory_USSS-412_M1958_1876-09-01_OBS-R.jpg
1876	09	25	07	00	0	9.21	|	orig=0.272 inHg|Local time: 0700|QC flag: none|Image File: YorkFactory_USSS-412_M1958_1876-09-01_OBS-R.jpg
1876	09	25	14	00	0	9.65	|	orig=0.285 inHg|Local time: 1400|QC flag: none|Image File: YorkFactory_USSS-412_M1958_1876-09-01_OBS-R.jpg
1876	09	25	21	00	0	8.70	|	orig=0.257 inHg|Local time: 2100|QC flag: none|Image File: YorkFactory_USSS-412_M1958_1876-09-01_OBS-R.jpg
1876	09	26	07	00	0	6.87	|	orig=0.203 inHg|Local time: 0700|QC flag: none|Image File: YorkFactory_USSS-412_M1958_1876-09-01_OBS-R.jpg
1876	09	26	14	00	0	6.84	|	orig=0.202 inHg|Local time: 1400|QC flag: none|Image File: YorkFactory_USSS-412_M1958_1876-09-01_OBS-R.jpg
1876	09	26	21	00	0	7.15	|	orig=0.211 inHg|Local time: 2100|QC flag: none|Image File: YorkFactory_USSS-412_M1958_1876-09-01_OBS-R.jpg
1876	09	27	07	00	0	8.64	|	orig=0.255 inHg|Local time: 0700|QC flag: none|Image File: YorkFactory_USSS-412_M1958_1876-09-01_OBS-R.jpg
1876	09	27	14	00	0	8.67	|	orig=0.256 inHg|Local time: 1400|QC flag: none|Image File: YorkFactory_USSS-412_M1958_1876-09-01_OBS-R.jpg
1876	09	27	21	00	0	8.64	|	orig=0.255 inHg|Local time: 2100|QC flag: none|Image File: YorkFactory_USSS-412_M1958_1876-09-01_OBS-R.jpg
1876	09	28	07	00	0	7.01	|	orig=0.207 inHg|Local time: 0700|QC flag: none|Image File: YorkFactory_USSS-412_M1958_1876-09-01_OBS-R.jpg
1876	09	28	14	00	0	6.64	|	orig=0.196 inHg|Local time: 1400|QC flag: low value|Image File: YorkFactory_USSS-412_M1958_1876-09-01_OBS-R.jpg
1876	09	28	21	00	0	5.69	|	orig=0.168 inHg|Local time: 2100|QC flag: low value|Image File: YorkFactory_USSS-412_M1958_1876-09-01_OBS-R.jpg
1876	09	29	07	00	0	6.26	|	orig=0.185 inHg|Local time: 0700|QC flag: low value|Image File: YorkFactory_USSS-412_M1958_1876-09-01_OBS-R.jpg
1876	09	29	14	00	0	6.40	|	orig=0.189 inHg|Local time: 1400|QC flag: low value|Image File: YorkFactory_USSS-412_M1958_1876-09-01_OBS-R.jpg
1876	09	29	21	00	0	5.69	|	orig=0.168 inHg|Local time: 2100|QC flag: low value|Image File: YorkFactory_USSS-412_M1958_1876-09-01_OBS-R.jpg
1876	09	30	07	00	0	5.45	|	orig=0.161 inHg|Local time: 0700|QC flag: low value|Image File: YorkFactory_USSS-412_M1958_1876-09-01_OBS-R.jpg
1876	09	30	14	00	0	5.25	|	orig=0.155 inHg|Local time: 1400|QC flag: low value|Image File: YorkFactory_USSS-412_M1958_1876-09-01_OBS-R.jpg
1876	09	30	21	00	0	5.49	|	orig=0.162 inHg|Local time: 2100|QC flag: low value|Image File: YorkFactory_USSS-412_M1958_1876-09-01_OBS-R.jpg
1876	12	01	07	00	0	-999	|	orig=" inHg|Local time: 0700|QC flag: missing|Image File: YorkFactory_USSS-314_M1958_1876-12-01_OBS-2.jpg
1876	12	01	14	00	0	0.61	|	orig=0.018 inHg|Local time: 1400|QC flag: low value|Image File: YorkFactory_USSS-314_M1958_1876-12-01_OBS-2.jpg
1876	12	01	21	00	0	0.47	|	orig=0.014 inHg|Local time: 2100|QC flag: low value|Image File: YorkFactory_USSS-314_M1958_1876-12-01_OBS-2.jpg
1876	12	02	07	00	0	1.35	|	orig=0.040 inHg|Local time: 0700|QC flag: low value|Image File: YorkFactory_USSS-314_M1958_1876-12-01_OBS-2.jpg
1876	12	02	14	00	0	2.03	|	orig=0.060 inHg|Local time: 1400|QC flag: low value|Image File: YorkFactory_USSS-314_M1958_1876-12-01_OBS-2.jpg
1876	12	02	21	00	0	2.44	|	orig=0.072 inHg|Local time: 2100|QC flag: low value|Image File: YorkFactory_USSS-314_M1958_1876-12-01_OBS-2.jpg
1876	12	03	07	00	0	2.71	|	orig=0.080 inHg|Local time: 0700|QC flag: low value|Image File: YorkFactory_USSS-314_M1958_1876-12-01_OBS-2.jpg
1876	12	03	14	00	0	2.24	|	orig=0.066 inHg|Local time: 1400|QC flag: low value|Image File: YorkFactory_USSS-314_M1958_1876-12-01_OBS-2.jpg
1876	12	03	21	00	0	3.15	|	orig=0.093 inHg|Local time: 2100|QC flag: low value|Image File: YorkFactory_USSS-314_M1958_1876-12-01_OBS-2.jpg
1876	12	04	07	00	0	3.15	|	orig=0.093 inHg|Local time: 0700|QC flag: low value|Image File: YorkFactory_USSS-314_M1958_1876-12-01_OBS-2.jpg
1876	12	04	14	00	0	2.84	|	orig=0.084 inHg|Local time: 1400|QC flag: low value|Image File: YorkFactory_USSS-314_M1958_1876-12-01_OBS-2.jpg
1876	12	04	21	00	0	2.24	|	orig=0.066 inHg|Local time: 2100|QC flag: low value|Image File: YorkFactory_USSS-314_M1958_1876-12-01_OBS-2.jpg
1876	12	05	07	00	0	3.22	|	orig=0.095 inHg|Local time: 0700|QC flag: low value|Image File: YorkFactory_USSS-314_M1958_1876-12-01_OBS-2.jpg
1876	12	05	14	00	0	3.66	|	orig=0.108 inHg|Local time: 1400|QC flag: low value|Image File: YorkFactory_USSS-314_M1958_1876-12-01_OBS-2.jpg
1876	12	05	21	00	0	3.12	|	orig=0.092 inHg|Local time: 2100|QC flag: low value|Image File: YorkFactory_USSS-314_M1958_1876-12-01_OBS-2.jpg
1876	12	06	07	00	0	1.79	|	orig=0.053 inHg|Local time: 0700|QC flag: low value|Image File: YorkFactory_USSS-314_M1958_1876-12-01_OBS-2.jpg
1876	12	06	14	00	0	1.08	|	orig=0.032 inHg|Local time: 1400|QC flag: low value|Image File: YorkFactory_USSS-314_M1958_1876-12-01_OBS-2.jpg
1876	12	06	21	00	0	0.71	|	orig=0.021 inHg|Local time: 2100|QC flag: low value|Image File: YorkFactory_USSS-314_M1958_1876-12-01_OBS-2.jpg
1876	12	07	07	00	0	0.85	|	orig=0.025 inHg|Local time: 0700|QC flag: low value|Image File: YorkFactory_USSS-314_M1958_1876-12-01_OBS-2.jpg
1876	12	07	14	00	0	0.71	|	orig=0.021 inHg|Local time: 1400|QC flag: low value|Image File: YorkFactory_USSS-314_M1958_1876-12-01_OBS-2.jpg
1876	12	07	21	00	0	-999	|	orig=" inHg|Local time: 2100|QC flag: missing|Image File: YorkFactory_USSS-314_M1958_1876-12-01_OBS-2.jpg
1876	12	08	07	00	0	-999	|	orig=" inHg|Local time: 0700|QC flag: missing|Image File: YorkFactory_USSS-314_M1958_1876-12-01_OBS-2.jpg
1876	12	08	14	00	0	-999	|	orig=" inHg|Local time: 1400|QC flag: missing|Image File: YorkFactory_USSS-314_M1958_1876-12-01_OBS-2.jpg
1876	12	08	21	00	0	-999	|	orig=" inHg|Local time: 2100|QC flag: missing|Image File: YorkFactory_USSS-314_M1958_1876-12-01_OBS-2.jpg
1876	12	09	07	00	0	-999	|	orig=" inHg|Local time: 0700|QC flag: missing|Image File: YorkFactory_USSS-314_M1958_1876-12-01_OBS-2.jpg
1876	12	09	14	00	0	-999	|	orig=" inHg|Local time: 1400|QC flag: missing|Image File: YorkFactory_USSS-314_M1958_1876-12-01_OBS-2.jpg
1876	12	09	21	00	0	-999	|	orig=" inHg|Local time: 2100|QC flag: missing|Image File: YorkFactory_USSS-314_M1958_1876-12-01_OBS-2.jpg
1876	12	10	07	00	0	-999	|	orig=" inHg|Local time: 0700|QC flag: missing|Image File: YorkFactory_USSS-314_M1958_1876-12-01_OBS-2.jpg
1876	12	10	14	00	0	0.78	|	orig=0.023 inHg|Local time: 1400|QC flag: low value|Image File: YorkFactory_USSS-314_M1958_1876-12-01_OBS-2.jpg
1876	12	10	21	00	0	1.15	|	orig=0.034 inHg|Local time: 2100|QC flag: low value|Image File: YorkFactory_USSS-314_M1958_1876-12-01_OBS-2.jpg
1876	12	11	07	00	0	1.93	|	orig=0.057 inHg|Local time: 0700|QC flag: low value|Image File: YorkFactory_USSS-314_M1958_1876-12-01_OBS-2.jpg
1876	12	11	14	00	0	0.64	|	orig=0.019 inHg|Local time: 1400|QC flag: low value|Image File: YorkFactory_USSS-314_M1958_1876-12-01_OBS-2.jpg
1876	12	11	21	00	0	0.68	|	orig=0.020 inHg|Local time: 2100|QC flag: low value|Image File: YorkFactory_USSS-314_M1958_1876-12-01_OBS-2.jpg
1876	12	12	07	00	0	0.64	|	orig=0.019 inHg|Local time: 0700|QC flag: low value|Image File: YorkFactory_USSS-314_M1958_1876-12-01_OBS-2.jpg
1876	12	12	14	00	0	-999	|	orig=" inHg|Local time: 1400|QC flag: missing|Image File: YorkFactory_USSS-314_M1958_1876-12-01_OBS-2.jpg
1876	12	12	21	00	0	-999	|	orig=" inHg|Local time: 2100|QC flag: missing|Image File: YorkFactory_USSS-314_M1958_1876-12-01_OBS-2.jpg
1876	12	13	07	00	0	-999	|	orig=" inHg|Local time: 0700|QC flag: missing|Image File: YorkFactory_USSS-314_M1958_1876-12-01_OBS-2.jpg
1876	12	13	14	00	0	-999	|	orig=" inHg|Local time: 1400|QC flag: missing|Image File: YorkFactory_USSS-314_M1958_1876-12-01_OBS-2.jpg
1876	12	13	21	00	0	-999	|	orig=" inHg|Local time: 2100|QC flag: missing|Image File: YorkFactory_USSS-314_M1958_1876-12-01_OBS-2.jpg
1876	12	14	07	00	0	-999	|	orig=" inHg|Local time: 0700|QC flag: missing|Image File: YorkFactory_USSS-314_M1958_1876-12-01_OBS-2.jpg
1876	12	14	14	00	0	-999	|	orig=" inHg|Local time: 1400|QC flag: missing|Image File: YorkFactory_USSS-314_M1958_1876-12-01_OBS-2.jpg
1876	12	14	21	00	0	0.61	|	orig=0.018 inHg|Local time: 2100|QC flag: low value|Image File: YorkFactory_USSS-314_M1958_1876-12-01_OBS-2.jpg
1876	12	15	07	00	0	-999	|	orig=" inHg|Local time: 0700|QC flag: missing|Image File: YorkFactory_USSS-314_M1958_1876-12-01_OBS-2.jpg
1876	12	15	14	00	0	-999	|	orig=" inHg|Local time: 1400|QC flag: missing|Image File: YorkFactory_USSS-314_M1958_1876-12-01_OBS-2.jpg
1876	12	15	21	00	0	-999	|	orig=" inHg|Local time: 2100|QC flag: missing|Image File: YorkFactory_USSS-314_M1958_1876-12-01_OBS-2.jpg
1876	12	16	07	00	0	-999	|	orig=" inHg|Local time: 0700|QC flag: missing|Image File: YorkFactory_USSS-314_M1958_1876-12-01_OBS-2.jpg
1876	12	16	14	00	0	-999	|	orig=" inHg|Local time: 1400|QC flag: missing|Image File: YorkFactory_USSS-314_M1958_1876-12-01_OBS-2.jpg
1876	12	16	21	00	0	-999	|	orig=" inHg|Local time: 2100|QC flag: missing|Image File: YorkFactory_USSS-314_M1958_1876-12-01_OBS-2.jpg
1876	12	17	07	00	0	-999	|	orig=" inHg|Local time: 0700|QC flag: missing|Image File: YorkFactory_USSS-314_M1958_1876-12-01_OBS-2.jpg
1876	12	17	14	00	0	-999	|	orig=" inHg|Local time: 1400|QC flag: missing|Image File: YorkFactory_USSS-314_M1958_1876-12-01_OBS-2.jpg
1876	12	17	21	00	0	-999	|	orig=" inHg|Local time: 2100|QC flag: missing|Image File: YorkFactory_USSS-314_M1958_1876-12-01_OBS-2.jpg
1876	12	18	07	00	0	-999	|	orig=" inHg|Local time: 0700|QC flag: missing|Image File: YorkFactory_USSS-314_M1958_1876-12-01_OBS-2.jpg
1876	12	18	14	00	0	-999	|	orig=" inHg|Local time: 1400|QC flag: missing|Image File: YorkFactory_USSS-314_M1958_1876-12-01_OBS-2.jpg
1876	12	18	21	00	0	-999	|	orig=" inHg|Local time: 2100|QC flag: missing|Image File: YorkFactory_USSS-314_M1958_1876-12-01_OBS-2.jpg
1876	12	19	07	00	0	-999	|	orig=" inHg|Local time: 0700|QC flag: missing|Image File: YorkFactory_USSS-314_M1958_1876-12-01_OBS-2.jpg
1876	12	19	14	00	0	-999	|	orig=" inHg|Local time: 1400|QC flag: missing|Image File: YorkFactory_USSS-314_M1958_1876-12-01_OBS-2.jpg
1876	12	19	21	00	0	-999	|	orig=" inHg|Local time: 2100|QC flag: missing|Image File: YorkFactory_USSS-314_M1958_1876-12-01_OBS-2.jpg
1876	12	20	07	00	0	-999	|	orig=" inHg|Local time: 0700|QC flag: missing|Image File: YorkFactory_USSS-314_M1958_1876-12-01_OBS-2.jpg
1876	12	20	14	00	0	-999	|	orig=" inHg|Local time: 1400|QC flag: missing|Image File: YorkFactory_USSS-314_M1958_1876-12-01_OBS-2.jpg
1876	12	20	21	00	0	-999	|	orig=" inHg|Local time: 2100|QC flag: missing|Image File: YorkFactory_USSS-314_M1958_1876-12-01_OBS-2.jpg
1876	12	21	07	00	0	-999	|	orig=" inHg|Local time: 0700|QC flag: missing|Image File: YorkFactory_USSS-314_M1958_1876-12-01_OBS-2.jpg
1876	12	21	14	00	0	-999	|	orig=" inHg|Local time: 1400|QC flag: missing|Image File: YorkFactory_USSS-314_M1958_1876-12-01_OBS-2.jpg
1876	12	21	21	00	0	0.61	|	orig=0.018 inHg|Local time: 2100|QC flag: low value|Image File: YorkFactory_USSS-314_M1958_1876-12-01_OBS-2.jpg
1876	12	22	07	00	0	1.22	|	orig=0.036 inHg|Local time: 0700|QC flag: low value|Image File: YorkFactory_USSS-314_M1958_1876-12-01_OBS-2.jpg
1876	12	22	14	00	0	1.46	|	orig=0.043 inHg|Local time: 1400|QC flag: low value|Image File: YorkFactory_USSS-314_M1958_1876-12-01_OBS-2.jpg
1876	12	22	21	00	0	1.12	|	orig=0.033 inHg|Local time: 2100|QC flag: low value|Image File: YorkFactory_USSS-314_M1958_1876-12-01_OBS-2.jpg
1876	12	23	07	00	0	0.88	|	orig=0.026 inHg|Local time: 0700|QC flag: low value|Image File: YorkFactory_USSS-314_M1958_1876-12-01_OBS-2.jpg
1876	12	23	14	00	0	1.15	|	orig=0.034 inHg|Local time: 1400|QC flag: low value|Image File: YorkFactory_USSS-314_M1958_1876-12-01_OBS-2.jpg
1876	12	23	21	00	0	0.58	|	orig=0.017 inHg|Local time: 2100|QC flag: low value|Image File: YorkFactory_USSS-314_M1958_1876-12-01_OBS-2.jpg
1876	12	24	07	00	0	0.75	|	orig=0.022 inHg|Local time: 0700|QC flag: low value|Image File: YorkFactory_USSS-314_M1958_1876-12-01_OBS-2.jpg
1876	12	24	14	00	0	1.46	|	orig=0.043 inHg|Local time: 1400|QC flag: low value|Image File: YorkFactory_USSS-314_M1958_1876-12-01_OBS-2.jpg
1876	12	24	21	00	0	1.35	|	orig=0.040 inHg|Local time: 2100|QC flag: low value|Image File: YorkFactory_USSS-314_M1958_1876-12-01_OBS-2.jpg
1876	12	25	07	00	0	1.35	|	orig=0.040 inHg|Local time: 0700|QC flag: low value|Image File: YorkFactory_USSS-314_M1958_1876-12-01_OBS-2.jpg
1876	12	25	14	00	0	1.83	|	orig=0.054 inHg|Local time: 1400|QC flag: low value|Image File: YorkFactory_USSS-314_M1958_1876-12-01_OBS-2.jpg
1876	12	25	21	00	0	1.93	|	orig=0.057 inHg|Local time: 2100|QC flag: low value|Image File: YorkFactory_USSS-314_M1958_1876-12-01_OBS-2.jpg
1876	12	26	07	00	0	1.42	|	orig=0.042 inHg|Local time: 0700|QC flag: low value|Image File: YorkFactory_USSS-314_M1958_1876-12-01_OBS-2.jpg
1876	12	26	14	00	0	1.83	|	orig=0.054 inHg|Local time: 1400|QC flag: low value|Image File: YorkFactory_USSS-314_M1958_1876-12-01_OBS-2.jpg
1876	12	26	21	00	0	1.39	|	orig=0.041 inHg|Local time: 2100|QC flag: low value|Image File: YorkFactory_USSS-314_M1958_1876-12-01_OBS-2.jpg
1876	12	27	07	00	0	1.56	|	orig=0.046 inHg|Local time: 0700|QC flag: low value|Image File: YorkFactory_USSS-314_M1958_1876-12-01_OBS-2.jpg
1876	12	27	14	00	0	1.42	|	orig=0.042 inHg|Local time: 1400|QC flag: low value|Image File: YorkFactory_USSS-314_M1958_1876-12-01_OBS-2.jpg
1876	12	27	21	00	0	0.91	|	orig=0.027 inHg|Local time: 2100|QC flag: low value|Image File: YorkFactory_USSS-314_M1958_1876-12-01_OBS-2.jpg
1876	12	28	07	00	0	0.75	|	orig=0.022 inHg|Local time: 0700|QC flag: low value|Image File: YorkFactory_USSS-314_M1958_1876-12-01_OBS-2.jpg
1876	12	28	14	00	0	1.12	|	orig=0.033 inHg|Local time: 1400|QC flag: low value|Image File: YorkFactory_USSS-314_M1958_1876-12-01_OBS-2.jpg
1876	12	28	21	00	0	0.47	|	orig=0.014 inHg|Local time: 2100|QC flag: low value|Image File: YorkFactory_USSS-314_M1958_1876-12-01_OBS-2.jpg
1876	12	29	07	00	0	-999	|	orig=" inHg|Local time: 0700|QC flag: missing|Image File: YorkFactory_USSS-314_M1958_1876-12-01_OBS-2.jpg
1876	12	29	14	00	0	0.41	|	orig=0.012 inHg|Local time: 1400|QC flag: low value|Image File: YorkFactory_USSS-314_M1958_1876-12-01_OBS-2.jpg
1876	12	29	21	00	0	0.47	|	orig=0.014 inHg|Local time: 2100|QC flag: low value|Image File: YorkFactory_USSS-314_M1958_1876-12-01_OBS-2.jpg
1876	12	30	07	00	0	0.64	|	orig=0.019 inHg|Local time: 0700|QC flag: low value|Image File: YorkFactory_USSS-314_M1958_1876-12-01_OBS-2.jpg
1876	12	30	14	00	0	1.02	|	orig=0.030 inHg|Local time: 1400|QC flag: low value|Image File: YorkFactory_USSS-314_M1958_1876-12-01_OBS-2.jpg
1876	12	30	21	00	0	0.91	|	orig=0.027 inHg|Local time: 2100|QC flag: low value|Image File: YorkFactory_USSS-314_M1958_1876-12-01_OBS-2.jpg
1876	12	31	07	00	0	0.81	|	orig=0.024 inHg|Local time: 0700|QC flag: low value|Image File: YorkFactory_USSS-314_M1958_1876-12-01_OBS-2.jpg
1876	12	31	14	00	0	0.71	|	orig=0.021 inHg|Local time: 1400|QC flag: low value|Image File: YorkFactory_USSS-314_M1958_1876-12-01_OBS-2.jpg
1876	12	31	21	00	0	0.41	|	orig=0.012 inHg|Local time: 2100|QC flag: low value|Image File: YorkFactory_USSS-314_M1958_1876-12-01_OBS-2.jpg
1877	01	01	07	00	0	-999	|	orig=" inHg|Local time: 0700|QC flag: missing|Image File: YorkFactory_USSS-314_M1958_1877-01-01_OBS-2.jpg
1877	01	01	14	00	0	-999	|	orig=" inHg|Local time: 1400|QC flag: missing|Image File: YorkFactory_USSS-314_M1958_1877-01-01_OBS-2.jpg
1877	01	01	21	00	0	-999	|	orig=" inHg|Local time: 2100|QC flag: missing|Image File: YorkFactory_USSS-314_M1958_1877-01-01_OBS-2.jpg
1877	01	02	07	00	0	-999	|	orig=" inHg|Local time: 0700|QC flag: missing|Image File: YorkFactory_USSS-314_M1958_1877-01-01_OBS-2.jpg
1877	01	02	14	00	0	-999	|	orig=" inHg|Local time: 1400|QC flag: missing|Image File: YorkFactory_USSS-314_M1958_1877-01-01_OBS-2.jpg
1877	01	02	21	00	0	-999	|	orig=" inHg|Local time: 2100|QC flag: missing|Image File: YorkFactory_USSS-314_M1958_1877-01-01_OBS-2.jpg
1877	01	03	07	00	0	-999	|	orig=" inHg|Local time: 0700|QC flag: missing|Image File: YorkFactory_USSS-314_M1958_1877-01-01_OBS-2.jpg
1877	01	03	14	00	0	0.61	|	orig=018 inHg|Local time: 1400|QC flag: low value|Image File: YorkFactory_USSS-314_M1958_1877-01-01_OBS-2.jpg
1877	01	03	21	00	0	1.05	|	orig=031 inHg|Local time: 2100|QC flag: low value|Image File: YorkFactory_USSS-314_M1958_1877-01-01_OBS-2.jpg
1877	01	04	07	00	0	1.02	|	orig=030 inHg|Local time: 0700|QC flag: low value|Image File: YorkFactory_USSS-314_M1958_1877-01-01_OBS-2.jpg
1877	01	04	14	00	0	1.96	|	orig=058 inHg|Local time: 1400|QC flag: low value|Image File: YorkFactory_USSS-314_M1958_1877-01-01_OBS-2.jpg
1877	01	04	21	00	0	1.63	|	orig=048 inHg|Local time: 2100|QC flag: low value|Image File: YorkFactory_USSS-314_M1958_1877-01-01_OBS-2.jpg
1877	01	05	07	00	0	0.98	|	orig=029 inHg|Local time: 0700|QC flag: low value|Image File: YorkFactory_USSS-314_M1958_1877-01-01_OBS-2.jpg
1877	01	05	14	00	0	-999	|	orig=" inHg|Local time: 1400|QC flag: missing|Image File: YorkFactory_USSS-314_M1958_1877-01-01_OBS-2.jpg
1877	01	05	21	00	0	-999	|	orig=" inHg|Local time: 2100|QC flag: missing|Image File: YorkFactory_USSS-314_M1958_1877-01-01_OBS-2.jpg
1877	01	06	07	00	0	-999	|	orig=" inHg|Local time: 0700|QC flag: missing|Image File: YorkFactory_USSS-314_M1958_1877-01-01_OBS-2.jpg
1877	01	06	14	00	0	-999	|	orig=" inHg|Local time: 1400|QC flag: missing|Image File: YorkFactory_USSS-314_M1958_1877-01-01_OBS-2.jpg
1877	01	06	21	00	0	-999	|	orig=" inHg|Local time: 2100|QC flag: missing|Image File: YorkFactory_USSS-314_M1958_1877-01-01_OBS-2.jpg
1877	01	07	07	00	0	-999	|	orig=" inHg|Local time: 0700|QC flag: missing|Image File: YorkFactory_USSS-314_M1958_1877-01-01_OBS-2.jpg
1877	01	07	14	00	0	-999	|	orig=" inHg|Local time: 1400|QC flag: missing|Image File: YorkFactory_USSS-314_M1958_1877-01-01_OBS-2.jpg
1877	01	07	21	00	0	-999	|	orig=" inHg|Local time: 2100|QC flag: missing|Image File: YorkFactory_USSS-314_M1958_1877-01-01_OBS-2.jpg
1877	01	08	07	00	0	-999	|	orig=" inHg|Local time: 0700|QC flag: missing|Image File: YorkFactory_USSS-314_M1958_1877-01-01_OBS-2.jpg
1877	01	08	14	00	0	-999	|	orig=" inHg|Local time: 1400|QC flag: missing|Image File: YorkFactory_USSS-314_M1958_1877-01-01_OBS-2.jpg
1877	01	08	21	00	0	-999	|	orig=" inHg|Local time: 2100|QC flag: missing|Image File: YorkFactory_USSS-314_M1958_1877-01-01_OBS-2.jpg
1877	01	09	07	00	0	0.61	|	orig=018 inHg|Local time: 0700|QC flag: low value|Image File: YorkFactory_USSS-314_M1958_1877-01-01_OBS-2.jpg
1877	01	09	14	00	0	-999	|	orig=" inHg|Local time: 1400|QC flag: missing|Image File: YorkFactory_USSS-314_M1958_1877-01-01_OBS-2.jpg
1877	01	09	21	00	0	-999	|	orig=" inHg|Local time: 2100|QC flag: missing|Image File: YorkFactory_USSS-314_M1958_1877-01-01_OBS-2.jpg
1877	01	10	07	00	0	-999	|	orig=" inHg|Local time: 0700|QC flag: missing|Image File: YorkFactory_USSS-314_M1958_1877-01-01_OBS-2.jpg
1877	01	10	14	00	0	-999	|	orig=" inHg|Local time: 1400|QC flag: missing|Image File: YorkFactory_USSS-314_M1958_1877-01-01_OBS-2.jpg
1877	01	10	21	00	0	-999	|	orig=" inHg|Local time: 2100|QC flag: missing|Image File: YorkFactory_USSS-314_M1958_1877-01-01_OBS-2.jpg
1877	01	11	07	00	0	-999	|	orig=" inHg|Local time: 0700|QC flag: missing|Image File: YorkFactory_USSS-314_M1958_1877-01-01_OBS-2.jpg
1877	01	11	14	00	0	-999	|	orig=" inHg|Local time: 1400|QC flag: missing|Image File: YorkFactory_USSS-314_M1958_1877-01-01_OBS-2.jpg
1877	01	11	21	00	0	-999	|	orig=" inHg|Local time: 2100|QC flag: missing|Image File: YorkFactory_USSS-314_M1958_1877-01-01_OBS-2.jpg
1877	01	12	07	00	0	-999	|	orig=" inHg|Local time: 0700|QC flag: missing|Image File: YorkFactory_USSS-314_M1958_1877-01-01_OBS-2.jpg
1877	01	12	14	00	0	0.81	|	orig=024 inHg|Local time: 1400|QC flag: low value|Image File: YorkFactory_USSS-314_M1958_1877-01-01_OBS-2.jpg
1877	01	12	21	00	0	0.58	|	orig=017 inHg|Local time: 2100|QC flag: low value|Image File: YorkFactory_USSS-314_M1958_1877-01-01_OBS-2.jpg
1877	01	13	07	00	0	-999	|	orig=" inHg|Local time: 0700|QC flag: missing|Image File: YorkFactory_USSS-314_M1958_1877-01-01_OBS-2.jpg
1877	01	13	14	00	0	-999	|	orig=" inHg|Local time: 1400|QC flag: missing|Image File: YorkFactory_USSS-314_M1958_1877-01-01_OBS-2.jpg
1877	01	13	21	00	0	-999	|	orig=" inHg|Local time: 2100|QC flag: missing|Image File: YorkFactory_USSS-314_M1958_1877-01-01_OBS-2.jpg
1877	01	14	07	00	0	-999	|	orig=" inHg|Local time: 0700|QC flag: missing|Image File: YorkFactory_USSS-314_M1958_1877-01-01_OBS-2.jpg
1877	01	14	14	00	0	-999	|	orig=" inHg|Local time: 1400|QC flag: missing|Image File: YorkFactory_USSS-314_M1958_1877-01-01_OBS-2.jpg
1877	01	14	21	00	0	-999	|	orig=" inHg|Local time: 2100|QC flag: missing|Image File: YorkFactory_USSS-314_M1958_1877-01-01_OBS-2.jpg
1877	01	15	07	00	0	-999	|	orig=" inHg|Local time: 0700|QC flag: missing|Image File: YorkFactory_USSS-314_M1958_1877-01-01_OBS-2.jpg
1877	01	15	14	00	0	-999	|	orig=" inHg|Local time: 1400|QC flag: missing|Image File: YorkFactory_USSS-314_M1958_1877-01-01_OBS-2.jpg
1877	01	15	21	00	0	-999	|	orig=" inHg|Local time: 2100|QC flag: missing|Image File: YorkFactory_USSS-314_M1958_1877-01-01_OBS-2.jpg
1877	01	16	07	00	0	0.58	|	orig=017 inHg|Local time: 0700|QC flag: low value|Image File: YorkFactory_USSS-314_M1958_1877-01-01_OBS-2.jpg
1877	01	16	14	00	0	0.47	|	orig=014 inHg|Local time: 1400|QC flag: low value|Image File: YorkFactory_USSS-314_M1958_1877-01-01_OBS-2.jpg
1877	01	16	21	00	0	-999	|	orig=" inHg|Local time: 2100|QC flag: missing|Image File: YorkFactory_USSS-314_M1958_1877-01-01_OBS-2.jpg
1877	01	17	07	00	0	-999	|	orig=" inHg|Local time: 0700|QC flag: missing|Image File: YorkFactory_USSS-314_M1958_1877-01-01_OBS-2.jpg
1877	01	17	14	00	0	0.37	|	orig=011 inHg|Local time: 1400|QC flag: low value|Image File: YorkFactory_USSS-314_M1958_1877-01-01_OBS-2.jpg
1877	01	17	21	00	0	-999	|	orig=" inHg|Local time: 2100|QC flag: missing|Image File: YorkFactory_USSS-314_M1958_1877-01-01_OBS-2.jpg
1877	01	18	07	00	0	-999	|	orig=" inHg|Local time: 0700|QC flag: missing|Image File: YorkFactory_USSS-314_M1958_1877-01-01_OBS-2.jpg
1877	01	18	14	00	0	-999	|	orig=" inHg|Local time: 1400|QC flag: missing|Image File: YorkFactory_USSS-314_M1958_1877-01-01_OBS-2.jpg
1877	01	18	21	00	0	-999	|	orig=" inHg|Local time: 2100|QC flag: missing|Image File: YorkFactory_USSS-314_M1958_1877-01-01_OBS-2.jpg
1877	01	19	07	00	0	-999	|	orig=" inHg|Local time: 0700|QC flag: missing|Image File: YorkFactory_USSS-314_M1958_1877-01-01_OBS-2.jpg
1877	01	19	14	00	0	0.88	|	orig=026 inHg|Local time: 1400|QC flag: low value|Image File: YorkFactory_USSS-314_M1958_1877-01-01_OBS-2.jpg
1877	01	19	21	00	0	-999	|	orig=" inHg|Local time: 2100|QC flag: missing|Image File: YorkFactory_USSS-314_M1958_1877-01-01_OBS-2.jpg
1877	01	20	07	00	0	-999	|	orig=" inHg|Local time: 0700|QC flag: missing|Image File: YorkFactory_USSS-314_M1958_1877-01-01_OBS-2.jpg
1877	01	20	14	00	0	-999	|	orig=" inHg|Local time: 1400|QC flag: missing|Image File: YorkFactory_USSS-314_M1958_1877-01-01_OBS-2.jpg
1877	01	20	21	00	0	-999	|	orig=" inHg|Local time: 2100|QC flag: missing|Image File: YorkFactory_USSS-314_M1958_1877-01-01_OBS-2.jpg
1877	01	21	07	00	0	-999	|	orig=" inHg|Local time: 0700|QC flag: missing|Image File: YorkFactory_USSS-314_M1958_1877-01-01_OBS-2.jpg
1877	01	21	14	00	0	-999	|	orig=" inHg|Local time: 1400|QC flag: missing|Image File: YorkFactory_USSS-314_M1958_1877-01-01_OBS-2.jpg
1877	01	21	21	00	0	-999	|	orig=" inHg|Local time: 2100|QC flag: missing|Image File: YorkFactory_USSS-314_M1958_1877-01-01_OBS-2.jpg
1877	01	22	07	00	0	0.68	|	orig=020 inHg|Local time: 0700|QC flag: low value|Image File: YorkFactory_USSS-314_M1958_1877-01-01_OBS-2.jpg
1877	01	22	14	00	0	0.95	|	orig=028 inHg|Local time: 1400|QC flag: low value|Image File: YorkFactory_USSS-314_M1958_1877-01-01_OBS-2.jpg
1877	01	22	21	00	0	1.05	|	orig=031 inHg|Local time: 2100|QC flag: low value|Image File: YorkFactory_USSS-314_M1958_1877-01-01_OBS-2.jpg
1877	01	23	07	00	0	0.41	|	orig=012 inHg|Local time: 0700|QC flag: low value|Image File: YorkFactory_USSS-314_M1958_1877-01-01_OBS-2.jpg
1877	01	23	14	00	0	0.81	|	orig=024 inHg|Local time: 1400|QC flag: low value|Image File: YorkFactory_USSS-314_M1958_1877-01-01_OBS-2.jpg
1877	01	23	21	00	0	0.47	|	orig=014 inHg|Local time: 2100|QC flag: low value|Image File: YorkFactory_USSS-314_M1958_1877-01-01_OBS-2.jpg
1877	01	24	07	00	0	0.54	|	orig=016 inHg|Local time: 0700|QC flag: low value|Image File: YorkFactory_USSS-314_M1958_1877-01-01_OBS-2.jpg
1877	01	24	14	00	0	0.78	|	orig=023 inHg|Local time: 1400|QC flag: low value|Image File: YorkFactory_USSS-314_M1958_1877-01-01_OBS-2.jpg
1877	01	24	21	00	0	0.64	|	orig=019 inHg|Local time: 2100|QC flag: low value|Image File: YorkFactory_USSS-314_M1958_1877-01-01_OBS-2.jpg
1877	01	25	07	00	0	-999	|	orig=" inHg|Local time: 0700|QC flag: missing|Image File: YorkFactory_USSS-314_M1958_1877-01-01_OBS-2.jpg
1877	01	25	14	00	0	0.47	|	orig=014 inHg|Local time: 1400|QC flag: low value|Image File: YorkFactory_USSS-314_M1958_1877-01-01_OBS-2.jpg
1877	01	25	21	00	0	0.47	|	orig=014 inHg|Local time: 2100|QC flag: low value|Image File: YorkFactory_USSS-314_M1958_1877-01-01_OBS-2.jpg
1877	01	26	07	00	0	0.64	|	orig=019 inHg|Local time: 0700|QC flag: low value|Image File: YorkFactory_USSS-314_M1958_1877-01-01_OBS-2.jpg
1877	01	26	14	00	0	1.46	|	orig=043 inHg|Local time: 1400|QC flag: low value|Image File: YorkFactory_USSS-314_M1958_1877-01-01_OBS-2.jpg
1877	01	26	21	00	0	1.22	|	orig=036 inHg|Local time: 2100|QC flag: low value|Image File: YorkFactory_USSS-314_M1958_1877-01-01_OBS-2.jpg
1877	01	27	07	00	0	1.93	|	orig=057 inHg|Local time: 0700|QC flag: low value|Image File: YorkFactory_USSS-314_M1958_1877-01-01_OBS-2.jpg
1877	01	27	14	00	0	3.28	|	orig=097 inHg|Local time: 1400|QC flag: low value|Image File: YorkFactory_USSS-314_M1958_1877-01-01_OBS-2.jpg
1877	01	27	21	00	0	2.71	|	orig=080 inHg|Local time: 2100|QC flag: low value|Image File: YorkFactory_USSS-314_M1958_1877-01-01_OBS-2.jpg
1877	01	28	07	00	0	1.66	|	orig=049 inHg|Local time: 0700|QC flag: low value|Image File: YorkFactory_USSS-314_M1958_1877-01-01_OBS-2.jpg
1877	01	28	14	00	0	2.84	|	orig=084 inHg|Local time: 1400|QC flag: low value|Image File: YorkFactory_USSS-314_M1958_1877-01-01_OBS-2.jpg
1877	01	28	21	00	0	3.15	|	orig=093 inHg|Local time: 2100|QC flag: low value|Image File: YorkFactory_USSS-314_M1958_1877-01-01_OBS-2.jpg
1877	01	29	07	00	0	1.93	|	orig=057 inHg|Local time: 0700|QC flag: low value|Image File: YorkFactory_USSS-314_M1958_1877-01-01_OBS-2.jpg
1877	01	29	14	00	0	1.59	|	orig=047 inHg|Local time: 1400|QC flag: low value|Image File: YorkFactory_USSS-314_M1958_1877-01-01_OBS-2.jpg
1877	01	29	21	00	0	1.32	|	orig=039 inHg|Local time: 2100|QC flag: low value|Image File: YorkFactory_USSS-314_M1958_1877-01-01_OBS-2.jpg
1877	01	30	07	00	0	1.76	|	orig=052 inHg|Local time: 0700|QC flag: low value|Image File: YorkFactory_USSS-314_M1958_1877-01-01_OBS-2.jpg
1877	01	30	14	00	0	1.42	|	orig=042 inHg|Local time: 1400|QC flag: low value|Image File: YorkFactory_USSS-314_M1958_1877-01-01_OBS-2.jpg
1877	01	30	21	00	0	1.02	|	orig=030 inHg|Local time: 2100|QC flag: low value|Image File: YorkFactory_USSS-314_M1958_1877-01-01_OBS-2.jpg
1877	01	31	07	00	0	-999	|	orig=" inHg|Local time: 0700|QC flag: missing|Image File: YorkFactory_USSS-314_M1958_1877-01-01_OBS-2.jpg
1877	01	31	14	00	0	0.47	|	orig=014 inHg|Local time: 1400|QC flag: low value|Image File: YorkFactory_USSS-314_M1958_1877-01-01_OBS-2.jpg
1877	01	31	21	00	0	0.64	|	orig=019 inHg|Local time: 2100|QC flag: low value|Image File: YorkFactory_USSS-314_M1958_1877-01-01_OBS-2.jpg
1877	02	01	07	00	0	0.85	|	orig=025 inHg|Local time: 0700|QC flag: low value|Image File: YorkFactory_USSS-314_M1958_1877-02-01_OBS-2.jpg
1877	02	01	14	00	0	2.17	|	orig=064 inHg|Local time: 1400|QC flag: low value|Image File: YorkFactory_USSS-314_M1958_1877-02-01_OBS-2.jpg
1877	02	01	21	00	0	1.83	|	orig=054 inHg|Local time: 2100|QC flag: low value|Image File: YorkFactory_USSS-314_M1958_1877-02-01_OBS-2.jpg
1877	02	02	07	00	0	1.42	|	orig=042 inHg|Local time: 0700|QC flag: low value|Image File: YorkFactory_USSS-314_M1958_1877-02-01_OBS-2.jpg
1877	02	02	14	00	0	3.22	|	orig=095 inHg|Local time: 1400|QC flag: low value|Image File: YorkFactory_USSS-314_M1958_1877-02-01_OBS-2.jpg
1877	02	02	21	00	0	3.22	|	orig=095 inHg|Local time: 2100|QC flag: low value|Image File: YorkFactory_USSS-314_M1958_1877-02-01_OBS-2.jpg
1877	02	03	07	00	0	3.28	|	orig=097 inHg|Local time: 0700|QC flag: low value|Image File: YorkFactory_USSS-314_M1958_1877-02-01_OBS-2.jpg
1877	02	03	14	00	0	7.55	|	orig=223 inHg|Local time: 1400|QC flag: none|Image File: YorkFactory_USSS-314_M1958_1877-02-01_OBS-2.jpg
1877	02	03	21	00	0	3.79	|	orig=112 inHg|Local time: 2100|QC flag: low value|Image File: YorkFactory_USSS-314_M1958_1877-02-01_OBS-2.jpg
1877	02	04	07	00	0	0.78	|	orig=023 inHg|Local time: 0700|QC flag: low value|Image File: YorkFactory_USSS-314_M1958_1877-02-01_OBS-2.jpg
1877	02	04	14	00	0	0.91	|	orig=027 inHg|Local time: 1400|QC flag: low value|Image File: YorkFactory_USSS-314_M1958_1877-02-01_OBS-2.jpg
1877	02	04	21	00	0	1.15	|	orig=034 inHg|Local time: 2100|QC flag: low value|Image File: YorkFactory_USSS-314_M1958_1877-02-01_OBS-2.jpg
1877	02	05	07	00	0	2.10	|	orig=062 inHg|Local time: 0700|QC flag: low value|Image File: YorkFactory_USSS-314_M1958_1877-02-01_OBS-2.jpg
1877	02	05	14	00	0	1.59	|	orig=047 inHg|Local time: 1400|QC flag: low value|Image File: YorkFactory_USSS-314_M1958_1877-02-01_OBS-2.jpg
1877	02	05	21	00	0	0.75	|	orig=22 inHg|Local time: 2100|QC flag: low value|Image File: YorkFactory_USSS-314_M1958_1877-02-01_OBS-2.jpg
1877	02	06	07	00	0	1.25	|	orig=037 inHg|Local time: 0700|QC flag: low value|Image File: YorkFactory_USSS-314_M1958_1877-02-01_OBS-2.jpg
1877	02	06	14	00	0	2.10	|	orig=062 inHg|Local time: 1400|QC flag: low value|Image File: YorkFactory_USSS-314_M1958_1877-02-01_OBS-2.jpg
1877	02	06	21	00	0	1.25	|	orig=037 inHg|Local time: 2100|QC flag: low value|Image File: YorkFactory_USSS-314_M1958_1877-02-01_OBS-2.jpg
1877	02	07	07	00	0	-999	|	orig=" inHg|Local time: 0700|QC flag: missing|Image File: YorkFactory_USSS-314_M1958_1877-02-01_OBS-2.jpg
1877	02	07	14	00	0	1.49	|	orig=044 inHg|Local time: 1400|QC flag: low value|Image File: YorkFactory_USSS-314_M1958_1877-02-01_OBS-2.jpg
1877	02	07	21	00	0	2.34	|	orig=069 inHg|Local time: 2100|QC flag: low value|Image File: YorkFactory_USSS-314_M1958_1877-02-01_OBS-2.jpg
1877	02	08	07	00	0	1.73	|	orig=051 inHg|Local time: 0700|QC flag: low value|Image File: YorkFactory_USSS-314_M1958_1877-02-01_OBS-2.jpg
1877	02	08	14	00	0	1.49	|	orig=044 inHg|Local time: 1400|QC flag: low value|Image File: YorkFactory_USSS-314_M1958_1877-02-01_OBS-2.jpg
1877	02	08	21	00	0	1.08	|	orig=032 inHg|Local time: 2100|QC flag: low value|Image File: YorkFactory_USSS-314_M1958_1877-02-01_OBS-2.jpg
1877	02	09	07	00	0	0.91	|	orig=027 inHg|Local time: 0700|QC flag: low value|Image File: YorkFactory_USSS-314_M1958_1877-02-01_OBS-2.jpg
1877	02	09	14	00	0	1.42	|	orig=042 inHg|Local time: 1400|QC flag: low value|Image File: YorkFactory_USSS-314_M1958_1877-02-01_OBS-2.jpg
1877	02	09	21	00	0	1.15	|	orig=034 inHg|Local time: 2100|QC flag: low value|Image File: YorkFactory_USSS-314_M1958_1877-02-01_OBS-2.jpg
1877	02	10	07	00	0	1.42	|	orig=042 inHg|Local time: 0700|QC flag: low value|Image File: YorkFactory_USSS-314_M1958_1877-02-01_OBS-2.jpg
1877	02	10	14	00	0	0.47	|	orig=014 inHg|Local time: 1400|QC flag: low value|Image File: YorkFactory_USSS-314_M1958_1877-02-01_OBS-2.jpg
1877	02	10	21	00	0	-999	|	orig=" inHg|Local time: 2100|QC flag: missing|Image File: YorkFactory_USSS-314_M1958_1877-02-01_OBS-2.jpg
1877	02	11	07	00	0	-999	|	orig=" inHg|Local time: 0700|QC flag: missing|Image File: YorkFactory_USSS-314_M1958_1877-02-01_OBS-2.jpg
1877	02	11	14	00	0	0.58	|	orig=017 inHg|Local time: 1400|QC flag: low value|Image File: YorkFactory_USSS-314_M1958_1877-02-01_OBS-2.jpg
1877	02	11	21	00	0	0.64	|	orig=019 inHg|Local time: 2100|QC flag: low value|Image File: YorkFactory_USSS-314_M1958_1877-02-01_OBS-2.jpg
1877	02	12	07	00	0	1.05	|	orig=031 inHg|Local time: 0700|QC flag: low value|Image File: YorkFactory_USSS-314_M1958_1877-02-01_OBS-2.jpg
1877	02	12	14	00	0	1.15	|	orig=034 inHg|Local time: 1400|QC flag: low value|Image File: YorkFactory_USSS-314_M1958_1877-02-01_OBS-2.jpg
1877	02	12	21	00	0	3.12	|	orig=092 inHg|Local time: 2100|QC flag: low value|Image File: YorkFactory_USSS-314_M1958_1877-02-01_OBS-2.jpg
1877	02	13	07	00	0	2.57	|	orig=076 inHg|Local time: 0700|QC flag: low value|Image File: YorkFactory_USSS-314_M1958_1877-02-01_OBS-2.jpg
1877	02	13	14	00	0	1.42	|	orig=042 inHg|Local time: 1400|QC flag: low value|Image File: YorkFactory_USSS-314_M1958_1877-02-01_OBS-2.jpg
1877	02	13	21	00	0	1.02	|	orig=030 inHg|Local time: 2100|QC flag: low value|Image File: YorkFactory_USSS-314_M1958_1877-02-01_OBS-2.jpg
1877	02	14	07	00	0	-999	|	orig=" inHg|Local time: 0700|QC flag: missing|Image File: YorkFactory_USSS-314_M1958_1877-02-01_OBS-2.jpg
1877	02	14	14	00	0	0.71	|	orig=021 inHg|Local time: 1400|QC flag: low value|Image File: YorkFactory_USSS-314_M1958_1877-02-01_OBS-2.jpg
1877	02	14	21	00	0	-999	|	orig=" inHg|Local time: 2100|QC flag: missing|Image File: YorkFactory_USSS-314_M1958_1877-02-01_OBS-2.jpg
1877	02	15	07	00	0	-999	|	orig=" inHg|Local time: 0700|QC flag: missing|Image File: YorkFactory_USSS-314_M1958_1877-02-01_OBS-2.jpg
1877	02	15	14	00	0	0.47	|	orig=014 inHg|Local time: 1400|QC flag: low value|Image File: YorkFactory_USSS-314_M1958_1877-02-01_OBS-2.jpg
1877	02	15	21	00	0	0.61	|	orig=018 inHg|Local time: 2100|QC flag: low value|Image File: YorkFactory_USSS-314_M1958_1877-02-01_OBS-2.jpg
1877	02	16	07	00	0	0.61	|	orig=018 inHg|Local time: 0700|QC flag: low value|Image File: YorkFactory_USSS-314_M1958_1877-02-01_OBS-2.jpg
1877	02	16	14	00	0	0.81	|	orig=024 inHg|Local time: 1400|QC flag: low value|Image File: YorkFactory_USSS-314_M1958_1877-02-01_OBS-2.jpg
1877	02	16	21	00	0	0.54	|	orig=016 inHg|Local time: 2100|QC flag: low value|Image File: YorkFactory_USSS-314_M1958_1877-02-01_OBS-2.jpg
1877	02	17	07	00	0	-999	|	orig=" inHg|Local time: 0700|QC flag: missing|Image File: YorkFactory_USSS-314_M1958_1877-02-01_OBS-2.jpg
1877	02	17	14	00	0	0.68	|	orig=020 inHg|Local time: 1400|QC flag: low value|Image File: YorkFactory_USSS-314_M1958_1877-02-01_OBS-2.jpg
1877	02	17	21	00	0	0.78	|	orig=023 inHg|Local time: 2100|QC flag: low value|Image File: YorkFactory_USSS-314_M1958_1877-02-01_OBS-2.jpg
1877	02	18	07	00	0	0.81	|	orig=024 inHg|Local time: 0700|QC flag: low value|Image File: YorkFactory_USSS-314_M1958_1877-02-01_OBS-2.jpg
1877	02	18	14	00	0	4.17	|	orig=123 inHg|Local time: 1400|QC flag: low value|Image File: YorkFactory_USSS-314_M1958_1877-02-01_OBS-2.jpg
1877	02	18	21	00	0	1.73	|	orig=051 inHg|Local time: 2100|QC flag: low value|Image File: YorkFactory_USSS-314_M1958_1877-02-01_OBS-2.jpg
1877	02	19	07	00	0	1.49	|	orig=044 inHg|Local time: 0700|QC flag: low value|Image File: YorkFactory_USSS-314_M1958_1877-02-01_OBS-2.jpg
1877	02	19	14	00	0	8.50	|	orig=251 inHg|Local time: 1400|QC flag: none|Image File: YorkFactory_USSS-314_M1958_1877-02-01_OBS-2.jpg
1877	02	19	21	00	0	2.71	|	orig=080 inHg|Local time: 2100|QC flag: low value|Image File: YorkFactory_USSS-314_M1958_1877-02-01_OBS-2.jpg
1877	02	20	07	00	0	2.34	|	orig=069 inHg|Local time: 0700|QC flag: low value|Image File: YorkFactory_USSS-314_M1958_1877-02-01_OBS-2.jpg
1877	02	20	14	00	0	3.89	|	orig=115 inHg|Local time: 1400|QC flag: low value|Image File: YorkFactory_USSS-314_M1958_1877-02-01_OBS-2.jpg
1877	02	20	21	00	0	2.10	|	orig=062 inHg|Local time: 2100|QC flag: low value|Image File: YorkFactory_USSS-314_M1958_1877-02-01_OBS-2.jpg
1877	02	21	07	00	0	1.39	|	orig=041 inHg|Local time: 0700|QC flag: low value|Image File: YorkFactory_USSS-314_M1958_1877-02-01_OBS-2.jpg
1877	02	21	14	00	0	0.88	|	orig=026 inHg|Local time: 1400|QC flag: low value|Image File: YorkFactory_USSS-314_M1958_1877-02-01_OBS-2.jpg
1877	02	21	21	00	0	0.61	|	orig=018 inHg|Local time: 2100|QC flag: low value|Image File: YorkFactory_USSS-314_M1958_1877-02-01_OBS-2.jpg
1877	02	22	07	00	0	0.41	|	orig=012 inHg|Local time: 0700|QC flag: low value|Image File: YorkFactory_USSS-314_M1958_1877-02-01_OBS-2.jpg
1877	02	22	14	00	0	0.75	|	orig=022 inHg|Local time: 1400|QC flag: low value|Image File: YorkFactory_USSS-314_M1958_1877-02-01_OBS-2.jpg
1877	02	22	21	00	0	0.75	|	orig=022 inHg|Local time: 2100|QC flag: low value|Image File: YorkFactory_USSS-314_M1958_1877-02-01_OBS-2.jpg
1877	02	23	07	00	0	0.58	|	orig=017 inHg|Local time: 0700|QC flag: low value|Image File: YorkFactory_USSS-314_M1958_1877-02-01_OBS-2.jpg
1877	02	23	14	00	0	2.07	|	orig=061 inHg|Local time: 1400|QC flag: low value|Image File: YorkFactory_USSS-314_M1958_1877-02-01_OBS-2.jpg
1877	02	23	21	00	0	1.42	|	orig=042 inHg|Local time: 2100|QC flag: low value|Image File: YorkFactory_USSS-314_M1958_1877-02-01_OBS-2.jpg
1877	02	24	07	00	0	1.08	|	orig=032 inHg|Local time: 0700|QC flag: low value|Image File: YorkFactory_USSS-314_M1958_1877-02-01_OBS-2.jpg
1877	02	24	14	00	0	3.12	|	orig=092 inHg|Local time: 1400|QC flag: low value|Image File: YorkFactory_USSS-314_M1958_1877-02-01_OBS-2.jpg
1877	02	24	21	00	0	2.10	|	orig=062 inHg|Local time: 2100|QC flag: low value|Image File: YorkFactory_USSS-314_M1958_1877-02-01_OBS-2.jpg
1877	02	25	07	00	0	1.32	|	orig=039 inHg|Local time: 0700|QC flag: low value|Image File: YorkFactory_USSS-314_M1958_1877-02-01_OBS-2.jpg
1877	02	25	14	00	0	3.32	|	orig=098 inHg|Local time: 1400|QC flag: low value|Image File: YorkFactory_USSS-314_M1958_1877-02-01_OBS-2.jpg
1877	02	25	21	00	0	2.27	|	orig=067 inHg|Local time: 2100|QC flag: low value|Image File: YorkFactory_USSS-314_M1958_1877-02-01_OBS-2.jpg
1877	02	26	07	00	0	1.46	|	orig=043 inHg|Local time: 0700|QC flag: low value|Image File: YorkFactory_USSS-314_M1958_1877-02-01_OBS-2.jpg
1877	02	26	14	00	0	4.61	|	orig=136 inHg|Local time: 1400|QC flag: low value|Image File: YorkFactory_USSS-314_M1958_1877-02-01_OBS-2.jpg
1877	02	26	21	00	0	4.17	|	orig=123 inHg|Local time: 2100|QC flag: low value|Image File: YorkFactory_USSS-314_M1958_1877-02-01_OBS-2.jpg
1877	02	27	07	00	0	3.22	|	orig=095 inHg|Local time: 0700|QC flag: low value|Image File: YorkFactory_USSS-314_M1958_1877-02-01_OBS-2.jpg
1877	02	27	14	00	0	2.34	|	orig=069 inHg|Local time: 1400|QC flag: low value|Image File: YorkFactory_USSS-314_M1958_1877-02-01_OBS-2.jpg
1877	02	27	21	00	0	0.88	|	orig=026 inHg|Local time: 2100|QC flag: low value|Image File: YorkFactory_USSS-314_M1958_1877-02-01_OBS-2.jpg
1877	02	28	07	00	0	0.47	|	orig=014 inHg|Local time: 0700|QC flag: low value|Image File: YorkFactory_USSS-314_M1958_1877-02-01_OBS-2.jpg
1877	02	28	14	00	0	0.81	|	orig=024 inHg|Local time: 1400|QC flag: low value|Image File: YorkFactory_USSS-314_M1958_1877-02-01_OBS-2.jpg
1877	02	28	21	00	0	0.91	|	orig=027 inHg|Local time: 2100|QC flag: low value|Image File: YorkFactory_USSS-314_M1958_1877-02-01_OBS-2.jpg
1877	03	01	07	00	0	0.98	|	orig=0.029 inHg|Local time: 0700|QC flag: low value|Image File: YorkFactory_USSS-314_M1958_1877-03-01_OBS-2.jpg
1877	03	01	14	00	0	0.71	|	orig=0.021 inHg|Local time: 1400|QC flag: low value|Image File: YorkFactory_USSS-314_M1958_1877-03-01_OBS-2.jpg
1877	03	01	21	00	0	0.58	|	orig=0.017 inHg|Local time: 2100|QC flag: low value|Image File: YorkFactory_USSS-314_M1958_1877-03-01_OBS-2.jpg
1877	03	02	07	00	0	-999	|	orig=" inHg|Local time: 0700|QC flag: missing|Image File: YorkFactory_USSS-314_M1958_1877-03-01_OBS-2.jpg
1877	03	02	14	00	0	0.68	|	orig=0.020 inHg|Local time: 1400|QC flag: low value|Image File: YorkFactory_USSS-314_M1958_1877-03-01_OBS-2.jpg
1877	03	02	21	00	0	0.41	|	orig=0.012 inHg|Local time: 2100|QC flag: low value|Image File: YorkFactory_USSS-314_M1958_1877-03-01_OBS-2.jpg
1877	03	03	07	00	0	-999	|	orig=" inHg|Local time: 0700|QC flag: missing|Image File: YorkFactory_USSS-314_M1958_1877-03-01_OBS-2.jpg
1877	03	03	14	00	0	-999	|	orig=" inHg|Local time: 1400|QC flag: missing|Image File: YorkFactory_USSS-314_M1958_1877-03-01_OBS-2.jpg
1877	03	03	21	00	0	0.41	|	orig=0.012 inHg|Local time: 2100|QC flag: low value|Image File: YorkFactory_USSS-314_M1958_1877-03-01_OBS-2.jpg
1877	03	04	07	00	0	-999	|	orig=" inHg|Local time: 0700|QC flag: missing|Image File: YorkFactory_USSS-314_M1958_1877-03-01_OBS-2.jpg
1877	03	04	14	00	0	-999	|	orig=" inHg|Local time: 1400|QC flag: missing|Image File: YorkFactory_USSS-314_M1958_1877-03-01_OBS-2.jpg
1877	03	04	21	00	0	-999	|	orig=" inHg|Local time: 2100|QC flag: missing|Image File: YorkFactory_USSS-314_M1958_1877-03-01_OBS-2.jpg
1877	03	05	07	00	0	0.68	|	orig=020 inHg|Local time: 0700|QC flag: low value|Image File: YorkFactory_USSS-314_M1958_1877-03-01_OBS-2.jpg
1877	03	05	14	00	0	0.68	|	orig=020 inHg|Local time: 1400|QC flag: low value|Image File: YorkFactory_USSS-314_M1958_1877-03-01_OBS-2.jpg
1877	03	05	21	00	0	-999	|	orig=" inHg|Local time: 2100|QC flag: missing|Image File: YorkFactory_USSS-314_M1958_1877-03-01_OBS-2.jpg
1877	03	06	07	00	0	-999	|	orig=" inHg|Local time: 0700|QC flag: missing|Image File: YorkFactory_USSS-314_M1958_1877-03-01_OBS-2.jpg
1877	03	06	14	00	0	0.47	|	orig=014 inHg|Local time: 1400|QC flag: low value|Image File: YorkFactory_USSS-314_M1958_1877-03-01_OBS-2.jpg
1877	03	06	21	00	0	0.44	|	orig=013 inHg|Local time: 2100|QC flag: low value|Image File: YorkFactory_USSS-314_M1958_1877-03-01_OBS-2.jpg
1877	03	07	07	00	0	-999	|	orig=" inHg|Local time: 0700|QC flag: missing|Image File: YorkFactory_USSS-314_M1958_1877-03-01_OBS-2.jpg
1877	03	07	14	00	0	-999	|	orig=" inHg|Local time: 1400|QC flag: missing|Image File: YorkFactory_USSS-314_M1958_1877-03-01_OBS-2.jpg
1877	03	07	21	00	0	-999	|	orig=" inHg|Local time: 2100|QC flag: missing|Image File: YorkFactory_USSS-314_M1958_1877-03-01_OBS-2.jpg
1877	03	08	07	00	0	-999	|	orig=" inHg|Local time: 0700|QC flag: missing|Image File: YorkFactory_USSS-314_M1958_1877-03-01_OBS-2.jpg
1877	03	08	14	00	0	0.71	|	orig=0.021 inHg|Local time: 1400|QC flag: low value|Image File: YorkFactory_USSS-314_M1958_1877-03-01_OBS-2.jpg
1877	03	08	21	00	0	-999	|	orig=" inHg|Local time: 2100|QC flag: missing|Image File: YorkFactory_USSS-314_M1958_1877-03-01_OBS-2.jpg
1877	03	09	07	00	0	0.51	|	orig=0.015 inHg|Local time: 0700|QC flag: low value|Image File: YorkFactory_USSS-314_M1958_1877-03-01_OBS-2.jpg
1877	03	09	14	00	0	0.85	|	orig=0.025 inHg|Local time: 1400|QC flag: low value|Image File: YorkFactory_USSS-314_M1958_1877-03-01_OBS-2.jpg
1877	03	09	21	00	0	0.88	|	orig=0.026 inHg|Local time: 2100|QC flag: low value|Image File: YorkFactory_USSS-314_M1958_1877-03-01_OBS-2.jpg
1877	03	10	07	00	0	0.54	|	orig=016 inHg|Local time: 0700|QC flag: low value|Image File: YorkFactory_USSS-314_M1958_1877-03-01_OBS-2.jpg
1877	03	10	14	00	0	0.44	|	orig=0.013 inHg|Local time: 1400|QC flag: low value|Image File: YorkFactory_USSS-314_M1958_1877-03-01_OBS-2.jpg
1877	03	10	21	00	0	-999	|	orig=" inHg|Local time: 2100|QC flag: missing|Image File: YorkFactory_USSS-314_M1958_1877-03-01_OBS-2.jpg
1877	03	11	07	00	0	-999	|	orig=" inHg|Local time: 0700|QC flag: missing|Image File: YorkFactory_USSS-314_M1958_1877-03-01_OBS-2.jpg
1877	03	11	14	00	0	0.78	|	orig=0.023 inHg|Local time: 1400|QC flag: low value|Image File: YorkFactory_USSS-314_M1958_1877-03-01_OBS-2.jpg
1877	03	11	21	00	0	-999	|	orig=" inHg|Local time: 2100|QC flag: missing|Image File: YorkFactory_USSS-314_M1958_1877-03-01_OBS-2.jpg
1877	03	12	07	00	0	-999	|	orig=" inHg|Local time: 0700|QC flag: missing|Image File: YorkFactory_USSS-314_M1958_1877-03-01_OBS-2.jpg
1877	03	12	14	00	0	0.47	|	orig=0.014 inHg|Local time: 1400|QC flag: low value|Image File: YorkFactory_USSS-314_M1958_1877-03-01_OBS-2.jpg
1877	03	12	21	00	0	-999	|	orig=" inHg|Local time: 2100|QC flag: missing|Image File: YorkFactory_USSS-314_M1958_1877-03-01_OBS-2.jpg
1877	03	13	07	00	0	-999	|	orig=" inHg|Local time: 0700|QC flag: missing|Image File: YorkFactory_USSS-314_M1958_1877-03-01_OBS-2.jpg
1877	03	13	14	00	0	0.75	|	orig=0.022 inHg|Local time: 1400|QC flag: low value|Image File: YorkFactory_USSS-314_M1958_1877-03-01_OBS-2.jpg
1877	03	13	21	00	0	0.44	|	orig=013 inHg|Local time: 2100|QC flag: low value|Image File: YorkFactory_USSS-314_M1958_1877-03-01_OBS-2.jpg
1877	03	14	07	00	0	-999	|	orig=" inHg|Local time: 0700|QC flag: missing|Image File: YorkFactory_USSS-314_M1958_1877-03-01_OBS-2.jpg
1877	03	14	14	00	0	0.41	|	orig=0.012 inHg|Local time: 1400|QC flag: low value|Image File: YorkFactory_USSS-314_M1958_1877-03-01_OBS-2.jpg
1877	03	14	21	00	0	-999	|	orig=" inHg|Local time: 2100|QC flag: missing|Image File: YorkFactory_USSS-314_M1958_1877-03-01_OBS-2.jpg
1877	03	15	07	00	0	-999	|	orig=" inHg|Local time: 0700|QC flag: missing|Image File: YorkFactory_USSS-314_M1958_1877-03-01_OBS-2.jpg
1877	03	15	14	00	0	-999	|	orig=" inHg|Local time: 1400|QC flag: missing|Image File: YorkFactory_USSS-314_M1958_1877-03-01_OBS-2.jpg
1877	03	15	21	00	0	-999	|	orig=" inHg|Local time: 2100|QC flag: missing|Image File: YorkFactory_USSS-314_M1958_1877-03-01_OBS-2.jpg
1877	03	16	07	00	0	-999	|	orig=" inHg|Local time: 0700|QC flag: missing|Image File: YorkFactory_USSS-314_M1958_1877-03-01_OBS-2.jpg
1877	03	16	14	00	0	0.47	|	orig=0.014 inHg|Local time: 1400|QC flag: low value|Image File: YorkFactory_USSS-314_M1958_1877-03-01_OBS-2.jpg
1877	03	16	21	00	0	-999	|	orig=" inHg|Local time: 2100|QC flag: missing|Image File: YorkFactory_USSS-314_M1958_1877-03-01_OBS-2.jpg
1877	03	17	07	00	0	-999	|	orig=" inHg|Local time: 0700|QC flag: missing|Image File: YorkFactory_USSS-314_M1958_1877-03-01_OBS-2.jpg
1877	03	17	14	00	0	0.78	|	orig=0.023 inHg|Local time: 1400|QC flag: low value|Image File: YorkFactory_USSS-314_M1958_1877-03-01_OBS-2.jpg
1877	03	17	21	00	0	0.81	|	orig=0.024 inHg|Local time: 2100|QC flag: low value|Image File: YorkFactory_USSS-314_M1958_1877-03-01_OBS-2.jpg
1877	03	18	07	00	0	0.51	|	orig=0.015 inHg|Local time: 0700|QC flag: low value|Image File: YorkFactory_USSS-314_M1958_1877-03-01_OBS-2.jpg
1877	03	18	14	00	0	1.22	|	orig=0.036 inHg|Local time: 1400|QC flag: low value|Image File: YorkFactory_USSS-314_M1958_1877-03-01_OBS-2.jpg
1877	03	18	21	00	0	1.05	|	orig=0.031 inHg|Local time: 2100|QC flag: low value|Image File: YorkFactory_USSS-314_M1958_1877-03-01_OBS-2.jpg
1877	03	19	07	00	0	0.54	|	orig=0.016 inHg|Local time: 0700|QC flag: low value|Image File: YorkFactory_USSS-314_M1958_1877-03-01_OBS-2.jpg
1877	03	19	14	00	0	1.19	|	orig=0.035 inHg|Local time: 1400|QC flag: low value|Image File: YorkFactory_USSS-314_M1958_1877-03-01_OBS-2.jpg
1877	03	19	21	00	0	0.71	|	orig=0.021 inHg|Local time: 2100|QC flag: low value|Image File: YorkFactory_USSS-314_M1958_1877-03-01_OBS-2.jpg
1877	03	20	07	00	0	0.47	|	orig=0.014 inHg|Local time: 0700|QC flag: low value|Image File: YorkFactory_USSS-314_M1958_1877-03-01_OBS-2.jpg
1877	03	20	14	00	0	1.12	|	orig=0.033 inHg|Local time: 1400|QC flag: low value|Image File: YorkFactory_USSS-314_M1958_1877-03-01_OBS-2.jpg
1877	03	20	21	00	0	0.61	|	orig=0.018 inHg|Local time: 2100|QC flag: low value|Image File: YorkFactory_USSS-314_M1958_1877-03-01_OBS-2.jpg
1877	03	21	07	00	0	-999	|	orig=" inHg|Local time: 0700|QC flag: missing|Image File: YorkFactory_USSS-314_M1958_1877-03-01_OBS-2.jpg
1877	03	21	14	00	0	0.81	|	orig=0.024 inHg|Local time: 1400|QC flag: low value|Image File: YorkFactory_USSS-314_M1958_1877-03-01_OBS-2.jpg
1877	03	21	21	00	0	0.71	|	orig=0.021 inHg|Local time: 2100|QC flag: low value|Image File: YorkFactory_USSS-314_M1958_1877-03-01_OBS-2.jpg
1877	03	22	07	00	0	-999	|	orig=" inHg|Local time: 0700|QC flag: missing|Image File: YorkFactory_USSS-314_M1958_1877-03-01_OBS-2.jpg
1877	03	22	14	00	0	1.42	|	orig=0.042 inHg|Local time: 1400|QC flag: low value|Image File: YorkFactory_USSS-314_M1958_1877-03-01_OBS-2.jpg
1877	03	22	21	00	0	1.22	|	orig=0.036 inHg|Local time: 2100|QC flag: low value|Image File: YorkFactory_USSS-314_M1958_1877-03-01_OBS-2.jpg
1877	03	23	07	00	0	-999	|	orig=" inHg|Local time: 0700|QC flag: missing|Image File: YorkFactory_USSS-314_M1958_1877-03-01_OBS-2.jpg
1877	03	23	14	00	0	1.08	|	orig=0.032 inHg|Local time: 1400|QC flag: low value|Image File: YorkFactory_USSS-314_M1958_1877-03-01_OBS-2.jpg
1877	03	23	21	00	0	1.49	|	orig=0.044 inHg|Local time: 2100|QC flag: low value|Image File: YorkFactory_USSS-314_M1958_1877-03-01_OBS-2.jpg
1877	03	24	07	00	0	0.91	|	orig=0.027 inHg|Local time: 0700|QC flag: low value|Image File: YorkFactory_USSS-314_M1958_1877-03-01_OBS-2.jpg
1877	03	24	14	00	0	2.64	|	orig=0.078 inHg|Local time: 1400|QC flag: low value|Image File: YorkFactory_USSS-314_M1958_1877-03-01_OBS-2.jpg
1877	03	24	21	00	0	2.51	|	orig=0.074 inHg|Local time: 2100|QC flag: low value|Image File: YorkFactory_USSS-314_M1958_1877-03-01_OBS-2.jpg
1877	03	25	07	00	0	1.42	|	orig=0.042 inHg|Local time: 0700|QC flag: low value|Image File: YorkFactory_USSS-314_M1958_1877-03-01_OBS-2.jpg
1877	03	25	14	00	0	3.15	|	orig=0.093 inHg|Local time: 1400|QC flag: low value|Image File: YorkFactory_USSS-314_M1958_1877-03-01_OBS-2.jpg
1877	03	25	21	00	0	3.79	|	orig=0.112 inHg|Local time: 2100|QC flag: low value|Image File: YorkFactory_USSS-314_M1958_1877-03-01_OBS-2.jpg
1877	03	26	07	00	0	2.40	|	orig=0.071 inHg|Local time: 0700|QC flag: low value|Image File: YorkFactory_USSS-314_M1958_1877-03-01_OBS-2.jpg
1877	03	26	14	00	0	2.13	|	orig=0.063 inHg|Local time: 1400|QC flag: low value|Image File: YorkFactory_USSS-314_M1958_1877-03-01_OBS-2.jpg
1877	03	26	21	00	0	1.49	|	orig=0.044 inHg|Local time: 2100|QC flag: low value|Image File: YorkFactory_USSS-314_M1958_1877-03-01_OBS-2.jpg
1877	03	27	07	00	0	0.61	|	orig=0.018 inHg|Local time: 0700|QC flag: low value|Image File: YorkFactory_USSS-314_M1958_1877-03-01_OBS-2.jpg
1877	03	27	14	00	0	1.05	|	orig=0.031 inHg|Local time: 1400|QC flag: low value|Image File: YorkFactory_USSS-314_M1958_1877-03-01_OBS-2.jpg
1877	03	27	21	00	0	1.02	|	orig=0.030 inHg|Local time: 2100|QC flag: low value|Image File: YorkFactory_USSS-314_M1958_1877-03-01_OBS-2.jpg
1877	03	28	07	00	0	0.54	|	orig=0.016 inHg|Local time: 0700|QC flag: low value|Image File: YorkFactory_USSS-314_M1958_1877-03-01_OBS-2.jpg
1877	03	28	14	00	0	6.20	|	orig=0.183 inHg|Local time: 1400|QC flag: low value|Image File: YorkFactory_USSS-314_M1958_1877-03-01_OBS-2.jpg
1877	03	28	21	00	0	2.10	|	orig=0.062 inHg|Local time: 2100|QC flag: low value|Image File: YorkFactory_USSS-314_M1958_1877-03-01_OBS-2.jpg
1877	03	29	07	00	0	1.42	|	orig=0.042 inHg|Local time: 0700|QC flag: low value|Image File: YorkFactory_USSS-314_M1958_1877-03-01_OBS-2.jpg
1877	03	29	14	00	0	1.69	|	orig=0.050 inHg|Local time: 1400|QC flag: low value|Image File: YorkFactory_USSS-314_M1958_1877-03-01_OBS-2.jpg
1877	03	29	21	00	0	0.91	|	orig=0.027 inHg|Local time: 2100|QC flag: low value|Image File: YorkFactory_USSS-314_M1958_1877-03-01_OBS-2.jpg
1877	03	30	07	00	0	0.95	|	orig=0.028 inHg|Local time: 0700|QC flag: low value|Image File: YorkFactory_USSS-314_M1958_1877-03-01_OBS-2.jpg
1877	03	30	14	00	0	3.15	|	orig=0.093 inHg|Local time: 1400|QC flag: low value|Image File: YorkFactory_USSS-314_M1958_1877-03-01_OBS-2.jpg
1877	03	30	21	00	0	1.52	|	orig=0.045 inHg|Local time: 2100|QC flag: low value|Image File: YorkFactory_USSS-314_M1958_1877-03-01_OBS-2.jpg
1877	03	31	07	00	0	1.86	|	orig=0.055 inHg|Local time: 0700|QC flag: low value|Image File: YorkFactory_USSS-314_M1958_1877-03-01_OBS-2.jpg
1877	03	31	14	00	0	2.13	|	orig=0.063 inHg|Local time: 1400|QC flag: low value|Image File: YorkFactory_USSS-314_M1958_1877-03-01_OBS-2.jpg
1877	03	31	21	00	0	1.83	|	orig=0.054 inHg|Local time: 2100|QC flag: low value|Image File: YorkFactory_USSS-314_M1958_1877-03-01_OBS-2.jpg
1877	04	01	07	00	0	-999	|	orig=Empty inHg|Local time: 0700|QC flag: missing|Image File: YorkFactory_USSS-314_M1958_1877-04-01_OBS-2.jpg
1877	04	01	14	00	0	-999	|	orig=Empty inHg|Local time: 1400|QC flag: missing|Image File: YorkFactory_USSS-314_M1958_1877-04-01_OBS-2.jpg
1877	04	01	21	00	0	-999	|	orig=Empty inHg|Local time: 2100|QC flag: missing|Image File: YorkFactory_USSS-314_M1958_1877-04-01_OBS-2.jpg
1877	04	02	07	00	0	-999	|	orig=Empty inHg|Local time: 0700|QC flag: missing|Image File: YorkFactory_USSS-314_M1958_1877-04-01_OBS-2.jpg
1877	04	02	14	00	0	0.75	|	orig=022 inHg|Local time: 1400|QC flag: low value|Image File: YorkFactory_USSS-314_M1958_1877-04-01_OBS-2.jpg
1877	04	02	21	00	0	0.81	|	orig=024 inHg|Local time: 2100|QC flag: low value|Image File: YorkFactory_USSS-314_M1958_1877-04-01_OBS-2.jpg
1877	04	03	07	00	0	1.02	|	orig=030 inHg|Local time: 0700|QC flag: low value|Image File: YorkFactory_USSS-314_M1958_1877-04-01_OBS-2.jpg
1877	04	03	14	00	0	1.93	|	orig=057 inHg|Local time: 1400|QC flag: low value|Image File: YorkFactory_USSS-314_M1958_1877-04-01_OBS-2.jpg
1877	04	03	21	00	0	0.88	|	orig=026 inHg|Local time: 2100|QC flag: low value|Image File: YorkFactory_USSS-314_M1958_1877-04-01_OBS-2.jpg
1877	04	04	07	00	0	0.81	|	orig=024 inHg|Local time: 0700|QC flag: low value|Image File: YorkFactory_USSS-314_M1958_1877-04-01_OBS-2.jpg
1877	04	04	14	00	0	1.63	|	orig=048 inHg|Local time: 1400|QC flag: low value|Image File: YorkFactory_USSS-314_M1958_1877-04-01_OBS-2.jpg
1877	04	04	21	00	0	2.98	|	orig=088 inHg|Local time: 2100|QC flag: low value|Image File: YorkFactory_USSS-314_M1958_1877-04-01_OBS-2.jpg
1877	04	05	07	00	0	2.71	|	orig=080 inHg|Local time: 0700|QC flag: low value|Image File: YorkFactory_USSS-314_M1958_1877-04-01_OBS-2.jpg
1877	04	05	14	00	0	2.03	|	orig=060 inHg|Local time: 1400|QC flag: low value|Image File: YorkFactory_USSS-314_M1958_1877-04-01_OBS-2.jpg
1877	04	05	21	00	0	1.49	|	orig=044 inHg|Local time: 2100|QC flag: low value|Image File: YorkFactory_USSS-314_M1958_1877-04-01_OBS-2.jpg
1877	04	06	07	00	0	1.49	|	orig=044 inHg|Local time: 0700|QC flag: low value|Image File: YorkFactory_USSS-314_M1958_1877-04-01_OBS-2.jpg
1877	04	06	14	00	0	0.81	|	orig=024 inHg|Local time: 1400|QC flag: low value|Image File: YorkFactory_USSS-314_M1958_1877-04-01_OBS-2.jpg
1877	04	06	21	00	0	0.81	|	orig=024 inHg|Local time: 2100|QC flag: low value|Image File: YorkFactory_USSS-314_M1958_1877-04-01_OBS-2.jpg
1877	04	07	07	00	0	0.75	|	orig=022 inHg|Local time: 0700|QC flag: low value|Image File: YorkFactory_USSS-314_M1958_1877-04-01_OBS-2.jpg
1877	04	07	14	00	0	1.56	|	orig=046 inHg|Local time: 1400|QC flag: low value|Image File: YorkFactory_USSS-314_M1958_1877-04-01_OBS-2.jpg
1877	04	07	21	00	0	2.24	|	orig=066 inHg|Local time: 2100|QC flag: low value|Image File: YorkFactory_USSS-314_M1958_1877-04-01_OBS-2.jpg
1877	04	08	07	00	0	1.66	|	orig=049 inHg|Local time: 0700|QC flag: low value|Image File: YorkFactory_USSS-314_M1958_1877-04-01_OBS-2.jpg
1877	04	08	14	00	0	4.81	|	orig=142 inHg|Local time: 1400|QC flag: low value|Image File: YorkFactory_USSS-314_M1958_1877-04-01_OBS-2.jpg
1877	04	08	21	00	0	3.79	|	orig=112 inHg|Local time: 2100|QC flag: low value|Image File: YorkFactory_USSS-314_M1958_1877-04-01_OBS-2.jpg
1877	04	09	07	00	0	2.71	|	orig=080 inHg|Local time: 0700|QC flag: low value|Image File: YorkFactory_USSS-314_M1958_1877-04-01_OBS-2.jpg
1877	04	09	14	00	0	7.96	|	orig=235 inHg|Local time: 1400|QC flag: none|Image File: YorkFactory_USSS-314_M1958_1877-04-01_OBS-2.jpg
1877	04	09	21	00	0	4.77	|	orig=141 inHg|Local time: 2100|QC flag: low value|Image File: YorkFactory_USSS-314_M1958_1877-04-01_OBS-2.jpg
1877	04	10	07	00	0	3.18	|	orig=094 inHg|Local time: 0700|QC flag: low value|Image File: YorkFactory_USSS-314_M1958_1877-04-01_OBS-2.jpg
1877	04	10	14	00	0	9.96	|	orig=294 inHg|Local time: 1400|QC flag: none|Image File: YorkFactory_USSS-314_M1958_1877-04-01_OBS-2.jpg
1877	04	10	21	00	0	6.16	|	orig=182 inHg|Local time: 2100|QC flag: low value|Image File: YorkFactory_USSS-314_M1958_1877-04-01_OBS-2.jpg
1877	04	11	07	00	0	3.18	|	orig=094 inHg|Local time: 0700|QC flag: low value|Image File: YorkFactory_USSS-314_M1958_1877-04-01_OBS-2.jpg
1877	04	11	14	00	0	5.22	|	orig=154 inHg|Local time: 1400|QC flag: low value|Image File: YorkFactory_USSS-314_M1958_1877-04-01_OBS-2.jpg
1877	04	11	21	00	0	5.22	|	orig=154 inHg|Local time: 2100|QC flag: low value|Image File: YorkFactory_USSS-314_M1958_1877-04-01_OBS-2.jpg
1877	04	12	07	00	0	3.32	|	orig=098 inHg|Local time: 0700|QC flag: low value|Image File: YorkFactory_USSS-314_M1958_1877-04-01_OBS-2.jpg
1877	04	12	14	00	0	5.72	|	orig=169 inHg|Local time: 1400|QC flag: low value|Image File: YorkFactory_USSS-314_M1958_1877-04-01_OBS-2.jpg
1877	04	12	21	00	0	4.77	|	orig=141 inHg|Local time: 2100|QC flag: low value|Image File: YorkFactory_USSS-314_M1958_1877-04-01_OBS-2.jpg
1877	04	13	07	00	0	2.78	|	orig=082 inHg|Local time: 0700|QC flag: low value|Image File: YorkFactory_USSS-314_M1958_1877-04-01_OBS-2.jpg
1877	04	13	14	00	0	4.81	|	orig=142 inHg|Local time: 1400|QC flag: low value|Image File: YorkFactory_USSS-314_M1958_1877-04-01_OBS-2.jpg
1877	04	13	21	00	0	3.79	|	orig=112 inHg|Local time: 2100|QC flag: low value|Image File: YorkFactory_USSS-314_M1958_1877-04-01_OBS-2.jpg
1877	04	14	07	00	0	3.05	|	orig=090 inHg|Local time: 0700|QC flag: low value|Image File: YorkFactory_USSS-314_M1958_1877-04-01_OBS-2.jpg
1877	04	14	14	00	0	5.22	|	orig=154 inHg|Local time: 1400|QC flag: low value|Image File: YorkFactory_USSS-314_M1958_1877-04-01_OBS-2.jpg
1877	04	14	21	00	0	3.89	|	orig=115 inHg|Local time: 2100|QC flag: low value|Image File: YorkFactory_USSS-314_M1958_1877-04-01_OBS-2.jpg
1877	04	15	07	00	0	3.18	|	orig=094 inHg|Local time: 0700|QC flag: low value|Image File: YorkFactory_USSS-314_M1958_1877-04-01_OBS-2.jpg
1877	04	15	14	00	0	7.18	|	orig=212 inHg|Local time: 1400|QC flag: none|Image File: YorkFactory_USSS-314_M1958_1877-04-01_OBS-2.jpg
1877	04	15	21	00	0	5.35	|	orig=158 inHg|Local time: 2100|QC flag: low value|Image File: YorkFactory_USSS-314_M1958_1877-04-01_OBS-2.jpg
1877	04	16	07	00	0	3.45	|	orig=102 inHg|Local time: 0700|QC flag: low value|Image File: YorkFactory_USSS-314_M1958_1877-04-01_OBS-2.jpg
1877	04	16	14	00	0	7.48	|	orig=221 inHg|Local time: 1400|QC flag: none|Image File: YorkFactory_USSS-314_M1958_1877-04-01_OBS-2.jpg
1877	04	16	21	00	0	5.05	|	orig=149 inHg|Local time: 2100|QC flag: low value|Image File: YorkFactory_USSS-314_M1958_1877-04-01_OBS-2.jpg
1877	04	17	07	00	0	5.32	|	orig=157 inHg|Local time: 0700|QC flag: low value|Image File: YorkFactory_USSS-314_M1958_1877-04-01_OBS-2.jpg
1877	04	17	14	00	0	5.05	|	orig=149 inHg|Local time: 1400|QC flag: low value|Image File: YorkFactory_USSS-314_M1958_1877-04-01_OBS-2.jpg
1877	04	17	21	00	0	4.91	|	orig=145 inHg|Local time: 2100|QC flag: low value|Image File: YorkFactory_USSS-314_M1958_1877-04-01_OBS-2.jpg
1877	04	18	07	00	0	5.01	|	orig=148 inHg|Local time: 0700|QC flag: low value|Image File: YorkFactory_USSS-314_M1958_1877-04-01_OBS-2.jpg
1877	04	18	14	00	0	6.91	|	orig=204 inHg|Local time: 1400|QC flag: none|Image File: YorkFactory_USSS-314_M1958_1877-04-01_OBS-2.jpg
1877	04	18	21	00	0	7.11	|	orig=210 inHg|Local time: 2100|QC flag: none|Image File: YorkFactory_USSS-314_M1958_1877-04-01_OBS-2.jpg
1877	04	19	07	00	0	6.16	|	orig=182 inHg|Local time: 0700|QC flag: low value|Image File: YorkFactory_USSS-314_M1958_1877-04-01_OBS-2.jpg
1877	04	19	14	00	0	8.20	|	orig=242 inHg|Local time: 1400|QC flag: none|Image File: YorkFactory_USSS-314_M1958_1877-04-01_OBS-2.jpg
1877	04	19	21	00	0	6.47	|	orig=191 inHg|Local time: 2100|QC flag: low value|Image File: YorkFactory_USSS-314_M1958_1877-04-01_OBS-2.jpg
1877	04	20	07	00	0	6.26	|	orig=185 inHg|Local time: 0700|QC flag: low value|Image File: YorkFactory_USSS-314_M1958_1877-04-01_OBS-2.jpg
1877	04	20	14	00	0	8.16	|	orig=241 inHg|Local time: 1400|QC flag: none|Image File: YorkFactory_USSS-314_M1958_1877-04-01_OBS-2.jpg
1877	04	20	21	00	0	8.06	|	orig=238 inHg|Local time: 2100|QC flag: none|Image File: YorkFactory_USSS-314_M1958_1877-04-01_OBS-2.jpg
1877	04	21	07	00	0	6.77	|	orig=200 inHg|Local time: 0700|QC flag: None|Image File: YorkFactory_USSS-314_M1958_1877-04-01_OBS-2.jpg
1877	04	21	14	00	0	7.59	|	orig=224 inHg|Local time: 1400|QC flag: none|Image File: YorkFactory_USSS-314_M1958_1877-04-01_OBS-2.jpg
1877	04	21	21	00	0	6.64	|	orig=196 inHg|Local time: 2100|QC flag: low value|Image File: YorkFactory_USSS-314_M1958_1877-04-01_OBS-2.jpg
1877	04	22	07	00	0	6.64	|	orig=196 inHg|Local time: 0700|QC flag: low value|Image File: YorkFactory_USSS-314_M1958_1877-04-01_OBS-2.jpg
1877	04	22	14	00	0	6.23	|	orig=184 inHg|Local time: 1400|QC flag: low value|Image File: YorkFactory_USSS-314_M1958_1877-04-01_OBS-2.jpg
1877	04	22	21	00	0	5.28	|	orig=156 inHg|Local time: 2100|QC flag: low value|Image File: YorkFactory_USSS-314_M1958_1877-04-01_OBS-2.jpg
1877	04	23	07	00	0	5.01	|	orig=148 inHg|Local time: 0700|QC flag: low value|Image File: YorkFactory_USSS-314_M1958_1877-04-01_OBS-2.jpg
1877	04	23	14	00	0	4.91	|	orig=145 inHg|Local time: 1400|QC flag: low value|Image File: YorkFactory_USSS-314_M1958_1877-04-01_OBS-2.jpg
1877	04	23	21	00	0	3.25	|	orig=096 inHg|Local time: 2100|QC flag: low value|Image File: YorkFactory_USSS-314_M1958_1877-04-01_OBS-2.jpg
1877	04	24	07	00	0	1.46	|	orig=043 inHg|Local time: 0700|QC flag: low value|Image File: YorkFactory_USSS-314_M1958_1877-04-01_OBS-2.jpg
1877	04	24	14	00	0	3.56	|	orig=105 inHg|Local time: 1400|QC flag: low value|Image File: YorkFactory_USSS-314_M1958_1877-04-01_OBS-2.jpg
1877	04	24	21	00	0	3.25	|	orig=096 inHg|Local time: 2100|QC flag: low value|Image File: YorkFactory_USSS-314_M1958_1877-04-01_OBS-2.jpg
1877	04	25	07	00	0	2.24	|	orig=066 inHg|Local time: 0700|QC flag: low value|Image File: YorkFactory_USSS-314_M1958_1877-04-01_OBS-2.jpg
1877	04	25	14	00	0	3.56	|	orig=105 inHg|Local time: 1400|QC flag: low value|Image File: YorkFactory_USSS-314_M1958_1877-04-01_OBS-2.jpg
1877	04	25	21	00	0	1.96	|	orig=058 inHg|Local time: 2100|QC flag: low value|Image File: YorkFactory_USSS-314_M1958_1877-04-01_OBS-2.jpg
1877	04	26	07	00	0	1.96	|	orig=058 inHg|Local time: 0700|QC flag: low value|Image File: YorkFactory_USSS-314_M1958_1877-04-01_OBS-2.jpg
1877	04	26	14	00	0	3.45	|	orig=102 inHg|Local time: 1400|QC flag: low value|Image File: YorkFactory_USSS-314_M1958_1877-04-01_OBS-2.jpg
1877	04	26	21	00	0	2.98	|	orig=088 inHg|Local time: 2100|QC flag: low value|Image File: YorkFactory_USSS-314_M1958_1877-04-01_OBS-2.jpg
1877	04	27	07	00	0	3.35	|	orig=099 inHg|Local time: 0700|QC flag: low value|Image File: YorkFactory_USSS-314_M1958_1877-04-01_OBS-2.jpg
1877	04	27	14	00	0	4.81	|	orig=142 inHg|Local time: 1400|QC flag: low value|Image File: YorkFactory_USSS-314_M1958_1877-04-01_OBS-2.jpg
1877	04	27	21	00	0	4.47	|	orig=132 inHg|Local time: 2100|QC flag: low value|Image File: YorkFactory_USSS-314_M1958_1877-04-01_OBS-2.jpg
1877	04	28	07	00	0	3.52	|	orig=104 inHg|Local time: 0700|QC flag: low value|Image File: YorkFactory_USSS-314_M1958_1877-04-01_OBS-2.jpg
1877	04	28	14	00	0	6.81	|	orig=201 inHg|Local time: 1400|QC flag: none|Image File: YorkFactory_USSS-314_M1958_1877-04-01_OBS-2.jpg
1877	04	28	21	00	0	6.94	|	orig=205 inHg|Local time: 2100|QC flag: none|Image File: YorkFactory_USSS-314_M1958_1877-04-01_OBS-2.jpg
1877	04	29	07	00	0	6.54	|	orig=193 inHg|Local time: 0700|QC flag: low value|Image File: YorkFactory_USSS-314_M1958_1877-04-01_OBS-2.jpg
1877	04	29	14	00	0	7.11	|	orig=210 inHg|Local time: 1400|QC flag: none|Image File: YorkFactory_USSS-314_M1958_1877-04-01_OBS-2.jpg
1877	04	29	21	00	0	6.94	|	orig=205 inHg|Local time: 2100|QC flag: none|Image File: YorkFactory_USSS-314_M1958_1877-04-01_OBS-2.jpg
1877	04	30	07	00	0	6.94	|	orig=205 inHg|Local time: 0700|QC flag: none|Image File: YorkFactory_USSS-314_M1958_1877-04-01_OBS-2.jpg
1877	04	30	14	00	0	11.55	|	orig=341 inHg|Local time: 1400|QC flag: none|Image File: YorkFactory_USSS-314_M1958_1877-04-01_OBS-2.jpg
1877	04	30	21	00	0	3.52	|	orig=104 inHg|Local time: 2100|QC flag: low value|Image File: YorkFactory_USSS-314_M1958_1877-04-01_OBS-2.jpg
1877	05	01	07	00	0	3.15	|	orig=0.093 inHg|Local time: 0700|QC flag: low value|Image File: YorkFactory_USSS-314_M1958_1877-05-01_OBS-2.jpg
1877	05	01	14	00	0	2.57	|	orig=0.076 inHg|Local time: 1400|QC flag: low value|Image File: YorkFactory_USSS-314_M1958_1877-05-01_OBS-2.jpg
1877	05	01	21	00	0	1.96	|	orig=0.058 inHg|Local time: 2100|QC flag: low value|Image File: YorkFactory_USSS-314_M1958_1877-05-01_OBS-2.jpg
1877	05	02	07	00	0	3.79	|	orig=0.112 inHg|Local time: 0700|QC flag: low value|Image File: YorkFactory_USSS-314_M1958_1877-05-01_OBS-2.jpg
1877	05	02	14	00	0	6.47	|	orig=0.191 inHg|Local time: 1400|QC flag: low value|Image File: YorkFactory_USSS-314_M1958_1877-05-01_OBS-2.jpg
1877	05	02	21	00	0	5.11	|	orig=0.151 inHg|Local time: 2100|QC flag: low value|Image File: YorkFactory_USSS-314_M1958_1877-05-01_OBS-2.jpg
1877	05	03	07	00	0	4.91	|	orig=0.145 inHg|Local time: 0700|QC flag: low value|Image File: YorkFactory_USSS-314_M1958_1877-05-01_OBS-2.jpg
1877	05	03	14	00	0	8.06	|	orig=0.238 inHg|Local time: 1400|QC flag: none|Image File: YorkFactory_USSS-314_M1958_1877-05-01_OBS-2.jpg
1877	05	03	21	00	0	8.70	|	orig=0.257 inHg|Local time: 2100|QC flag: none|Image File: YorkFactory_USSS-314_M1958_1877-05-01_OBS-2.jpg
1877	05	04	07	00	0	7.31	|	orig=0.216 inHg|Local time: 0700|QC flag: none|Image File: YorkFactory_USSS-314_M1958_1877-05-01_OBS-2.jpg
1877	05	04	14	00	0	8.97	|	orig=0.265 inHg|Local time: 1400|QC flag: none|Image File: YorkFactory_USSS-314_M1958_1877-05-01_OBS-2.jpg
1877	05	04	21	00	0	8.06	|	orig=0.238 inHg|Local time: 2100|QC flag: none|Image File: YorkFactory_USSS-314_M1958_1877-05-01_OBS-2.jpg
1877	05	05	07	00	0	7.08	|	orig=0.209 inHg|Local time: 0700|QC flag: none|Image File: YorkFactory_USSS-314_M1958_1877-05-01_OBS-2.jpg
1877	05	05	14	00	0	7.25	|	orig=0.214 inHg|Local time: 1400|QC flag: none|Image File: YorkFactory_USSS-314_M1958_1877-05-01_OBS-2.jpg
1877	05	05	21	00	0	6.57	|	orig=0.194 inHg|Local time: 2100|QC flag: low value|Image File: YorkFactory_USSS-314_M1958_1877-05-01_OBS-2.jpg
1877	05	06	07	00	0	5.69	|	orig=0.168 inHg|Local time: 0700|QC flag: low value|Image File: YorkFactory_USSS-314_M1958_1877-05-01_OBS-2.jpg
1877	05	06	14	00	0	5.93	|	orig=0.175 inHg|Local time: 1400|QC flag: low value|Image File: YorkFactory_USSS-314_M1958_1877-05-01_OBS-2.jpg
1877	05	06	21	00	0	8.33	|	orig=0.246 inHg|Local time: 2100|QC flag: none|Image File: YorkFactory_USSS-314_M1958_1877-05-01_OBS-2.jpg
1877	05	07	07	00	0	6.67	|	orig=0.197 inHg|Local time: 0700|QC flag: low value|Image File: YorkFactory_USSS-314_M1958_1877-05-01_OBS-2.jpg
1877	05	07	14	00	0	7.62	|	orig=0.225 inHg|Local time: 1400|QC flag: none|Image File: YorkFactory_USSS-314_M1958_1877-05-01_OBS-2.jpg
1877	05	07	21	00	0	6.03	|	orig=0.178 inHg|Local time: 2100|QC flag: low value|Image File: YorkFactory_USSS-314_M1958_1877-05-01_OBS-2.jpg
1877	05	08	07	00	0	6.87	|	orig=0.203 inHg|Local time: 0700|QC flag: none|Image File: YorkFactory_USSS-314_M1958_1877-05-01_OBS-2.jpg
1877	05	08	14	00	0	9.75	|	orig=0.288 inHg|Local time: 1400|QC flag: none|Image File: YorkFactory_USSS-314_M1958_1877-05-01_OBS-2.jpg
1877	05	08	21	00	0	10.50	|	orig=0.310 inHg|Local time: 2100|QC flag: none|Image File: YorkFactory_USSS-314_M1958_1877-05-01_OBS-2.jpg
1877	05	09	07	00	0	7.42	|	orig=0.219 inHg|Local time: 0700|QC flag: none|Image File: YorkFactory_USSS-314_M1958_1877-05-01_OBS-2.jpg
1877	05	09	14	00	0	7.99	|	orig=0.236 inHg|Local time: 1400|QC flag: none|Image File: YorkFactory_USSS-314_M1958_1877-05-01_OBS-2.jpg
1877	05	09	21	00	0	14.53	|	orig=0.429 inHg|Local time: 2100|QC flag: none|Image File: YorkFactory_USSS-314_M1958_1877-05-01_OBS-2.jpg
1877	05	10	07	00	0	8.60	|	orig=0.254 inHg|Local time: 0700|QC flag: none|Image File: YorkFactory_USSS-314_M1958_1877-05-01_OBS-2.jpg
1877	05	10	14	00	0	11.14	|	orig=0.329 inHg|Local time: 1400|QC flag: none|Image File: YorkFactory_USSS-314_M1958_1877-05-01_OBS-2.jpg
1877	05	10	21	00	0	8.33	|	orig=0.246 inHg|Local time: 2100|QC flag: none|Image File: YorkFactory_USSS-314_M1958_1877-05-01_OBS-2.jpg
1877	05	11	07	00	0	9.38	|	orig=0.277 inHg|Local time: 0700|QC flag: none|Image File: YorkFactory_USSS-314_M1958_1877-05-01_OBS-2.jpg
1877	05	11	14	00	0	14.70	|	orig=0.434 inHg|Local time: 1400|QC flag: none|Image File: YorkFactory_USSS-314_M1958_1877-05-01_OBS-2.jpg
1877	05	11	21	00	0	12.22	|	orig=0.361 inHg|Local time: 2100|QC flag: none|Image File: YorkFactory_USSS-314_M1958_1877-05-01_OBS-2.jpg
1877	05	12	07	00	0	8.20	|	orig=242 inHg|Local time: 0700|QC flag: none|Image File: YorkFactory_USSS-314_M1958_1877-05-01_OBS-2.jpg
1877	05	12	14	00	0	15.00	|	orig=0.443 inHg|Local time: 1400|QC flag: none|Image File: YorkFactory_USSS-314_M1958_1877-05-01_OBS-2.jpg
1877	05	12	21	00	0	8.64	|	orig=0.255 inHg|Local time: 2100|QC flag: none|Image File: YorkFactory_USSS-314_M1958_1877-05-01_OBS-2.jpg
1877	05	13	07	00	0	7.72	|	orig=0.228 inHg|Local time: 0700|QC flag: none|Image File: YorkFactory_USSS-314_M1958_1877-05-01_OBS-2.jpg
1877	05	13	14	00	0	9.96	|	orig=0.294 inHg|Local time: 1400|QC flag: none|Image File: YorkFactory_USSS-314_M1958_1877-05-01_OBS-2.jpg
1877	05	13	21	00	0	10.29	|	orig=0.304 inHg|Local time: 2100|QC flag: none|Image File: YorkFactory_USSS-314_M1958_1877-05-01_OBS-2.jpg
1877	05	14	07	00	0	9.31	|	orig=0.275 inHg|Local time: 0700|QC flag: none|Image File: YorkFactory_USSS-314_M1958_1877-05-01_OBS-2.jpg
1877	05	14	14	00	0	9.18	|	orig=0.271 inHg|Local time: 1400|QC flag: none|Image File: YorkFactory_USSS-314_M1958_1877-05-01_OBS-2.jpg
1877	05	14	21	00	0	9.01	|	orig=0.266 inHg|Local time: 2100|QC flag: none|Image File: YorkFactory_USSS-314_M1958_1877-05-01_OBS-2.jpg
1877	05	15	07	00	0	10.26	|	orig=0.303 inHg|Local time: 0700|QC flag: none|Image File: YorkFactory_USSS-314_M1958_1877-05-01_OBS-2.jpg
1877	05	15	14	00	0	9.85	|	orig=0.291 inHg|Local time: 1400|QC flag: none|Image File: YorkFactory_USSS-314_M1958_1877-05-01_OBS-2.jpg
1877	05	15	21	00	0	10.73	|	orig=0.317 inHg|Local time: 2100|QC flag: none|Image File: YorkFactory_USSS-314_M1958_1877-05-01_OBS-2.jpg
1877	05	16	07	00	0	10.29	|	orig=0.304 inHg|Local time: 0700|QC flag: none|Image File: YorkFactory_USSS-314_M1958_1877-05-01_OBS-2.jpg
1877	05	16	14	00	0	7.04	|	orig=0.208 inHg|Local time: 1400|QC flag: none|Image File: YorkFactory_USSS-314_M1958_1877-05-01_OBS-2.jpg
1877	05	16	21	00	0	6.50	|	orig=0.192 inHg|Local time: 2100|QC flag: low value|Image File: YorkFactory_USSS-314_M1958_1877-05-01_OBS-2.jpg
1877	05	17	07	00	0	6.50	|	orig=0.192 inHg|Local time: 0700|QC flag: low value|Image File: YorkFactory_USSS-314_M1958_1877-05-01_OBS-2.jpg
1877	05	17	14	00	0	7.18	|	orig=0.212 inHg|Local time: 1400|QC flag: none|Image File: YorkFactory_USSS-314_M1958_1877-05-01_OBS-2.jpg
1877	05	17	21	00	0	6.37	|	orig=0.188 inHg|Local time: 2100|QC flag: low value|Image File: YorkFactory_USSS-314_M1958_1877-05-01_OBS-2.jpg
1877	05	18	07	00	0	4.57	|	orig=0.135 inHg|Local time: 0700|QC flag: low value|Image File: YorkFactory_USSS-314_M1958_1877-05-01_OBS-2.jpg
1877	05	18	14	00	0	6.40	|	orig=0.189 inHg|Local time: 1400|QC flag: low value|Image File: YorkFactory_USSS-314_M1958_1877-05-01_OBS-2.jpg
1877	05	18	21	00	0	5.93	|	orig=0.175 inHg|Local time: 2100|QC flag: low value|Image File: YorkFactory_USSS-314_M1958_1877-05-01_OBS-2.jpg
1877	05	19	07	00	0	4.27	|	orig=0.126 inHg|Local time: 0700|QC flag: low value|Image File: YorkFactory_USSS-314_M1958_1877-05-01_OBS-2.jpg
1877	05	19	14	00	0	7.55	|	orig=0.223 inHg|Local time: 1400|QC flag: none|Image File: YorkFactory_USSS-314_M1958_1877-05-01_OBS-2.jpg
1877	05	19	21	00	0	7.08	|	orig=0.209 inHg|Local time: 2100|QC flag: none|Image File: YorkFactory_USSS-314_M1958_1877-05-01_OBS-2.jpg
1877	05	20	07	00	0	7.01	|	orig=0.207 inHg|Local time: 0700|QC flag: none|Image File: YorkFactory_USSS-314_M1958_1877-05-01_OBS-2.jpg
1877	05	20	14	00	0	9.99	|	orig=0.295 inHg|Local time: 1400|QC flag: none|Image File: YorkFactory_USSS-314_M1958_1877-05-01_OBS-2.jpg
1877	05	20	21	00	0	9.82	|	orig=0.290 inHg|Local time: 2100|QC flag: none|Image File: YorkFactory_USSS-314_M1958_1877-05-01_OBS-2.jpg
1877	05	21	07	00	0	10.90	|	orig=0.322 inHg|Local time: 0700|QC flag: none|Image File: YorkFactory_USSS-314_M1958_1877-05-01_OBS-2.jpg
1877	05	21	14	00	0	9.89	|	orig=0.292 inHg|Local time: 1400|QC flag: none|Image File: YorkFactory_USSS-314_M1958_1877-05-01_OBS-2.jpg
1877	05	21	21	00	0	14.53	|	orig=0.429 inHg|Local time: 2100|QC flag: none|Image File: YorkFactory_USSS-314_M1958_1877-05-01_OBS-2.jpg
1877	05	22	07	00	0	15.10	|	orig=0.446 inHg|Local time: 0700|QC flag: none|Image File: YorkFactory_USSS-314_M1958_1877-05-01_OBS-2.jpg
1877	05	22	14	00	0	10.63	|	orig=0.314 inHg|Local time: 1400|QC flag: none|Image File: YorkFactory_USSS-314_M1958_1877-05-01_OBS-2.jpg
1877	05	22	21	00	0	12.80	|	orig=0.378 inHg|Local time: 2100|QC flag: none|Image File: YorkFactory_USSS-314_M1958_1877-05-01_OBS-2.jpg
1877	05	23	07	00	0	11.55	|	orig=0.341 inHg|Local time: 0700|QC flag: none|Image File: YorkFactory_USSS-314_M1958_1877-05-01_OBS-2.jpg
1877	05	23	14	00	0	11.89	|	orig=0.351 inHg|Local time: 1400|QC flag: none|Image File: YorkFactory_USSS-314_M1958_1877-05-01_OBS-2.jpg
1877	05	23	21	00	0	16.02	|	orig=0.473 inHg|Local time: 2100|QC flag: none|Image File: YorkFactory_USSS-314_M1958_1877-05-01_OBS-2.jpg
1877	05	24	07	00	0	9.62	|	orig=0.284 inHg|Local time: 0700|QC flag: none|Image File: YorkFactory_USSS-314_M1958_1877-05-01_OBS-2.jpg
1877	05	24	14	00	0	13.24	|	orig=0.391 inHg|Local time: 1400|QC flag: none|Image File: YorkFactory_USSS-314_M1958_1877-05-01_OBS-2.jpg
1877	05	24	21	00	0	13.51	|	orig=0.399 inHg|Local time: 2100|QC flag: none|Image File: YorkFactory_USSS-314_M1958_1877-05-01_OBS-2.jpg
1877	05	25	07	00	0	8.06	|	orig=0.238 inHg|Local time: 0700|QC flag: none|Image File: YorkFactory_USSS-314_M1958_1877-05-01_OBS-2.jpg
1877	05	25	14	00	0	7.28	|	orig=0.215 inHg|Local time: 1400|QC flag: none|Image File: YorkFactory_USSS-314_M1958_1877-05-01_OBS-2.jpg
1877	05	25	21	00	0	11.07	|	orig=0.327 inHg|Local time: 2100|QC flag: none|Image File: YorkFactory_USSS-314_M1958_1877-05-01_OBS-2.jpg
1877	05	26	07	00	0	8.33	|	orig=0.246 inHg|Local time: 0700|QC flag: none|Image File: YorkFactory_USSS-314_M1958_1877-05-01_OBS-2.jpg
1877	05	26	14	00	0	11.21	|	orig=0.331 inHg|Local time: 1400|QC flag: none|Image File: YorkFactory_USSS-314_M1958_1877-05-01_OBS-2.jpg
1877	05	26	21	00	0	6.23	|	orig=0.184 inHg|Local time: 2100|QC flag: low value|Image File: YorkFactory_USSS-314_M1958_1877-05-01_OBS-2.jpg
1877	05	27	07	00	0	6.67	|	orig=0.197 inHg|Local time: 0700|QC flag: low value|Image File: YorkFactory_USSS-314_M1958_1877-05-01_OBS-2.jpg
1877	05	27	14	00	0	7.08	|	orig=0.209 inHg|Local time: 1400|QC flag: none|Image File: YorkFactory_USSS-314_M1958_1877-05-01_OBS-2.jpg
1877	05	27	21	00	0	6.67	|	orig=0.197 inHg|Local time: 2100|QC flag: low value|Image File: YorkFactory_USSS-314_M1958_1877-05-01_OBS-2.jpg
1877	05	28	07	00	0	5.66	|	orig=0.167 inHg|Local time: 0700|QC flag: low value|Image File: YorkFactory_USSS-314_M1958_1877-05-01_OBS-2.jpg
1877	05	28	14	00	0	10.29	|	orig=0.304 inHg|Local time: 1400|QC flag: none|Image File: YorkFactory_USSS-314_M1958_1877-05-01_OBS-2.jpg
1877	05	28	21	00	0	12.80	|	orig=0.378 inHg|Local time: 2100|QC flag: none|Image File: YorkFactory_USSS-314_M1958_1877-05-01_OBS-2.jpg
1877	05	29	07	00	0	5.01	|	orig=0.148 inHg|Local time: 0700|QC flag: low value|Image File: YorkFactory_USSS-314_M1958_1877-05-01_OBS-2.jpg
1877	05	29	14	00	0	6.06	|	orig=0.179 inHg|Local time: 1400|QC flag: low value|Image File: YorkFactory_USSS-314_M1958_1877-05-01_OBS-2.jpg
1877	05	29	21	00	0	5.59	|	orig=0.165 inHg|Local time: 2100|QC flag: low value|Image File: YorkFactory_USSS-314_M1958_1877-05-01_OBS-2.jpg
1877	05	30	07	00	0	5.01	|	orig=0.148 inHg|Local time: 0700|QC flag: low value|Image File: YorkFactory_USSS-314_M1958_1877-05-01_OBS-2.jpg
1877	05	30	14	00	0	6.30	|	orig=0.186 inHg|Local time: 1400|QC flag: low value|Image File: YorkFactory_USSS-314_M1958_1877-05-01_OBS-2.jpg
1877	05	30	21	00	0	5.55	|	orig=0.164 inHg|Local time: 2100|QC flag: low value|Image File: YorkFactory_USSS-314_M1958_1877-05-01_OBS-2.jpg
1877	05	31	07	00	0	4.77	|	orig=0.141 inHg|Local time: 0700|QC flag: low value|Image File: YorkFactory_USSS-314_M1958_1877-05-01_OBS-2.jpg
1877	05	31	14	00	0	6.16	|	orig=0.182 inHg|Local time: 1400|QC flag: low value|Image File: YorkFactory_USSS-314_M1958_1877-05-01_OBS-2.jpg
1877	05	31	21	00	0	6.03	|	orig=0.178 inHg|Local time: 2100|QC flag: low value|Image File: YorkFactory_USSS-314_M1958_1877-05-01_OBS-2.jpg
1877	06	01	07	00	0	5.93	|	orig=0.175 inHg|Local time: 0700|QC flag: low value|Image File: YorkFactory_USSS-314_M1958_1877-06-01_OBS-2.jpg
1877	06	01	14	00	0	5.96	|	orig=0.176 inHg|Local time: 1400|QC flag: low value|Image File: YorkFactory_USSS-314_M1958_1877-06-01_OBS-2.jpg
1877	06	01	21	00	0	6.43	|	orig=0.190 inHg|Local time: 2100|QC flag: low value|Image File: YorkFactory_USSS-314_M1958_1877-06-01_OBS-2.jpg
1877	06	02	07	00	0	5.32	|	orig=0.157 inHg|Local time: 0700|QC flag: low value|Image File: YorkFactory_USSS-314_M1958_1877-06-01_OBS-2.jpg
1877	06	02	14	00	0	9.04	|	orig=0.267 inHg|Local time: 1400|QC flag: none|Image File: YorkFactory_USSS-314_M1958_1877-06-01_OBS-2.jpg
1877	06	02	21	00	0	8.06	|	orig=0.238 inHg|Local time: 2100|QC flag: none|Image File: YorkFactory_USSS-314_M1958_1877-06-01_OBS-2.jpg
1877	06	03	07	00	0	5.22	|	orig=0.154 inHg|Local time: 0700|QC flag: low value|Image File: YorkFactory_USSS-314_M1958_1877-06-01_OBS-2.jpg
1877	06	03	14	00	0	8.23	|	orig=0.243 inHg|Local time: 1400|QC flag: none|Image File: YorkFactory_USSS-314_M1958_1877-06-01_OBS-2.jpg
1877	06	03	21	00	0	8.06	|	orig=0.238 inHg|Local time: 2100|QC flag: none|Image File: YorkFactory_USSS-314_M1958_1877-06-01_OBS-2.jpg
1877	06	04	07	00	0	7.38	|	orig=0.218 inHg|Local time: 0700|QC flag: none|Image File: YorkFactory_USSS-314_M1958_1877-06-01_OBS-2.jpg
1877	06	04	14	00	0	20.32	|	orig=0.600 inHg|Local time: 1400|QC flag: none|Image File: YorkFactory_USSS-314_M1958_1877-06-01_OBS-2.jpg
1877	06	04	21	00	0	7.31	|	orig=0.216 inHg|Local time: 2100|QC flag: none|Image File: YorkFactory_USSS-314_M1958_1877-06-01_OBS-2.jpg
1877	06	05	07	00	0	6.06	|	orig=0.179 inHg|Local time: 0700|QC flag: low value|Image File: YorkFactory_USSS-314_M1958_1877-06-01_OBS-2.jpg
1877	06	05	14	00	0	5.96	|	orig=0.176 inHg|Local time: 1400|QC flag: low value|Image File: YorkFactory_USSS-314_M1958_1877-06-01_OBS-2.jpg
1877	06	05	21	00	0	5.69	|	orig=0.168 inHg|Local time: 2100|QC flag: low value|Image File: YorkFactory_USSS-314_M1958_1877-06-01_OBS-2.jpg
1877	06	06	07	00	0	6.16	|	orig=0.182 inHg|Local time: 0700|QC flag: low value|Image File: YorkFactory_USSS-314_M1958_1877-06-01_OBS-2.jpg
1877	06	06	14	00	0	6.91	|	orig=0.204 inHg|Local time: 1400|QC flag: none|Image File: YorkFactory_USSS-314_M1958_1877-06-01_OBS-2.jpg
1877	06	06	21	00	0	6.37	|	orig=0.188 inHg|Local time: 2100|QC flag: low value|Image File: YorkFactory_USSS-314_M1958_1877-06-01_OBS-2.jpg
1877	06	07	07	00	0	6.13	|	orig=0.181 inHg|Local time: 0700|QC flag: low value|Image File: YorkFactory_USSS-314_M1958_1877-06-01_OBS-2.jpg
1877	06	07	14	00	0	6.23	|	orig=0.184 inHg|Local time: 1400|QC flag: low value|Image File: YorkFactory_USSS-314_M1958_1877-06-01_OBS-2.jpg
1877	06	07	21	00	0	5.01	|	orig=0.148 inHg|Local time: 2100|QC flag: low value|Image File: YorkFactory_USSS-314_M1958_1877-06-01_OBS-2.jpg
1877	06	08	07	00	0	5.45	|	orig=0.161 inHg|Local time: 0700|QC flag: low value|Image File: YorkFactory_USSS-314_M1958_1877-06-01_OBS-2.jpg
1877	06	08	14	00	0	6.40	|	orig=0.189 inHg|Local time: 1400|QC flag: low value|Image File: YorkFactory_USSS-314_M1958_1877-06-01_OBS-2.jpg
1877	06	08	21	00	0	5.69	|	orig=0.168 inHg|Local time: 2100|QC flag: low value|Image File: YorkFactory_USSS-314_M1958_1877-06-01_OBS-2.jpg
1877	06	09	07	00	0	6.26	|	orig=0.185 inHg|Local time: 0700|QC flag: low value|Image File: YorkFactory_USSS-314_M1958_1877-06-01_OBS-2.jpg
1877	06	09	14	00	0	14.09	|	orig=0.416 inHg|Local time: 1400|QC flag: none|Image File: YorkFactory_USSS-314_M1958_1877-06-01_OBS-2.jpg
1877	06	09	21	00	0	13.99	|	orig=0.413 inHg|Local time: 2100|QC flag: none|Image File: YorkFactory_USSS-314_M1958_1877-06-01_OBS-2.jpg
1877	06	10	07	00	0	6.60	|	orig=0.195 inHg|Local time: 0700|QC flag: low value|Image File: YorkFactory_USSS-314_M1958_1877-06-01_OBS-2.jpg
1877	06	10	14	00	0	10.02	|	orig=0.296 inHg|Local time: 1400|QC flag: none|Image File: YorkFactory_USSS-314_M1958_1877-06-01_OBS-2.jpg
1877	06	10	21	00	0	6.67	|	orig=0.197 inHg|Local time: 2100|QC flag: low value|Image File: YorkFactory_USSS-314_M1958_1877-06-01_OBS-2.jpg
1877	06	11	07	00	0	6.87	|	orig=0.203 inHg|Local time: 0700|QC flag: none|Image File: YorkFactory_USSS-314_M1958_1877-06-01_OBS-2.jpg
1877	06	11	14	00	0	10.02	|	orig=0.296 inHg|Local time: 1400|QC flag: none|Image File: YorkFactory_USSS-314_M1958_1877-06-01_OBS-2.jpg
1877	06	11	21	00	0	10.50	|	orig=0.310 inHg|Local time: 2100|QC flag: none|Image File: YorkFactory_USSS-314_M1958_1877-06-01_OBS-2.jpg
1877	06	12	07	00	0	8.16	|	orig=0.241 inHg|Local time: 0700|QC flag: none|Image File: YorkFactory_USSS-314_M1958_1877-06-01_OBS-2.jpg
1877	06	12	14	00	0	7.42	|	orig=0.219 inHg|Local time: 1400|QC flag: none|Image File: YorkFactory_USSS-314_M1958_1877-06-01_OBS-2.jpg
1877	06	12	21	00	0	6.64	|	orig=0.196 inHg|Local time: 2100|QC flag: low value|Image File: YorkFactory_USSS-314_M1958_1877-06-01_OBS-2.jpg
1877	06	13	07	00	0	9.18	|	orig=0.271 inHg|Local time: 0700|QC flag: none|Image File: YorkFactory_USSS-314_M1958_1877-06-01_OBS-2.jpg
1877	06	13	14	00	0	10.43	|	orig=0.308 inHg|Local time: 1400|QC flag: none|Image File: YorkFactory_USSS-314_M1958_1877-06-01_OBS-2.jpg
1877	06	13	21	00	0	10.90	|	orig=0.322 inHg|Local time: 2100|QC flag: none|Image File: YorkFactory_USSS-314_M1958_1877-06-01_OBS-2.jpg
1877	06	14	07	00	0	9.92	|	orig=0.293 inHg|Local time: 0700|QC flag: none|Image File: YorkFactory_USSS-314_M1958_1877-06-01_OBS-2.jpg
1877	06	14	14	00	0	13.65	|	orig=0.403 inHg|Local time: 1400|QC flag: none|Image File: YorkFactory_USSS-314_M1958_1877-06-01_OBS-2.jpg
1877	06	14	21	00	0	6.91	|	orig=0.204 inHg|Local time: 2100|QC flag: none|Image File: YorkFactory_USSS-314_M1958_1877-06-01_OBS-2.jpg
1877	06	15	07	00	0	6.94	|	orig=0.205 inHg|Local time: 0700|QC flag: none|Image File: YorkFactory_USSS-314_M1958_1877-06-01_OBS-2.jpg
1877	06	15	14	00	0	11.34	|	orig=0.335 inHg|Local time: 1400|QC flag: none|Image File: YorkFactory_USSS-314_M1958_1877-06-01_OBS-2.jpg
1877	06	15	21	00	0	8.64	|	orig=0.255 inHg|Local time: 2100|QC flag: none|Image File: YorkFactory_USSS-314_M1958_1877-06-01_OBS-2.jpg
1877	06	16	07	00	0	7.25	|	orig=0.214 inHg|Local time: 0700|QC flag: none|Image File: YorkFactory_USSS-314_M1958_1877-06-01_OBS-2.jpg
1877	06	16	14	00	0	9.58	|	orig=0.283 inHg|Local time: 1400|QC flag: none|Image File: YorkFactory_USSS-314_M1958_1877-06-01_OBS-2.jpg
1877	06	16	21	00	0	7.82	|	orig=0.231 inHg|Local time: 2100|QC flag: none|Image File: YorkFactory_USSS-314_M1958_1877-06-01_OBS-2.jpg
1877	06	17	07	00	0	8.16	|	orig=0.241 inHg|Local time: 0700|QC flag: none|Image File: YorkFactory_USSS-314_M1958_1877-06-01_OBS-2.jpg
1877	06	17	14	00	0	7.04	|	orig=0.208 inHg|Local time: 1400|QC flag: none|Image File: YorkFactory_USSS-314_M1958_1877-06-01_OBS-2.jpg
1877	06	17	21	00	0	6.37	|	orig=0.188 inHg|Local time: 2100|QC flag: low value|Image File: YorkFactory_USSS-314_M1958_1877-06-01_OBS-2.jpg
1877	06	18	07	00	0	6.06	|	orig=0.179 inHg|Local time: 0700|QC flag: low value|Image File: YorkFactory_USSS-314_M1958_1877-06-01_OBS-2.jpg
1877	06	18	14	00	0	7.11	|	orig=0.210 inHg|Local time: 1400|QC flag: none|Image File: YorkFactory_USSS-314_M1958_1877-06-01_OBS-2.jpg
1877	06	18	21	00	0	8.16	|	orig=0.241 inHg|Local time: 2100|QC flag: none|Image File: YorkFactory_USSS-314_M1958_1877-06-01_OBS-2.jpg
1877	06	19	07	00	0	10.46	|	orig=0.309 inHg|Local time: 0700|QC flag: none|Image File: YorkFactory_USSS-314_M1958_1877-06-01_OBS-2.jpg
1877	06	19	14	00	0	12.73	|	orig=0.376 inHg|Local time: 1400|QC flag: none|Image File: YorkFactory_USSS-314_M1958_1877-06-01_OBS-2.jpg
1877	06	19	21	00	0	8.50	|	orig=0.251 inHg|Local time: 2100|QC flag: none|Image File: YorkFactory_USSS-314_M1958_1877-06-01_OBS-2.jpg
1877	06	20	07	00	0	9.85	|	orig=0.291 inHg|Local time: 0700|QC flag: none|Image File: YorkFactory_USSS-314_M1958_1877-06-01_OBS-2.jpg
1877	06	20	14	00	0	9.79	|	orig=0.289 inHg|Local time: 1400|QC flag: none|Image File: YorkFactory_USSS-314_M1958_1877-06-01_OBS-2.jpg
1877	06	20	21	00	0	9.48	|	orig=0.280 inHg|Local time: 2100|QC flag: none|Image File: YorkFactory_USSS-314_M1958_1877-06-01_OBS-2.jpg
1877	06	21	07	00	0	8.16	|	orig=0.241 inHg|Local time: 0700|QC flag: none|Image File: YorkFactory_USSS-314_M1958_1877-06-01_OBS-2.jpg
1877	06	21	14	00	0	10.26	|	orig=0.303 inHg|Local time: 1400|QC flag: none|Image File: YorkFactory_USSS-314_M1958_1877-06-01_OBS-2.jpg
1877	06	21	21	00	0	9.21	|	orig=0.272 inHg|Local time: 2100|QC flag: none|Image File: YorkFactory_USSS-314_M1958_1877-06-01_OBS-2.jpg
1877	06	22	07	00	0	8.50	|	orig=0.251 inHg|Local time: 0700|QC flag: none|Image File: YorkFactory_USSS-314_M1958_1877-06-01_OBS-2.jpg
1877	06	22	14	00	0	10.87	|	orig=0.321 inHg|Local time: 1400|QC flag: none|Image File: YorkFactory_USSS-314_M1958_1877-06-01_OBS-2.jpg
1877	06	22	21	00	0	10.26	|	orig=0.303 inHg|Local time: 2100|QC flag: none|Image File: YorkFactory_USSS-314_M1958_1877-06-01_OBS-2.jpg
1877	06	23	07	00	0	7.72	|	orig=0.228 inHg|Local time: 0700|QC flag: none|Image File: YorkFactory_USSS-314_M1958_1877-06-01_OBS-2.jpg
1877	06	23	14	00	0	15.51	|	orig=0.458 inHg|Local time: 1400|QC flag: none|Image File: YorkFactory_USSS-314_M1958_1877-06-01_OBS-2.jpg
1877	06	23	21	00	0	12.22	|	orig=0.361 inHg|Local time: 2100|QC flag: none|Image File: YorkFactory_USSS-314_M1958_1877-06-01_OBS-2.jpg
1877	06	24	07	00	0	7.48	|	orig=0.221 inHg|Local time: 0700|QC flag: none|Image File: YorkFactory_USSS-314_M1958_1877-06-01_OBS-2.jpg
1877	06	24	14	00	0	9.75	|	orig=0.288 inHg|Local time: 1400|QC flag: none|Image File: YorkFactory_USSS-314_M1958_1877-06-01_OBS-2.jpg
1877	06	24	21	00	0	9.85	|	orig=0.291 inHg|Local time: 2100|QC flag: none|Image File: YorkFactory_USSS-314_M1958_1877-06-01_OBS-2.jpg
1877	06	25	07	00	0	8.33	|	orig=0.246 inHg|Local time: 0700|QC flag: none|Image File: YorkFactory_USSS-314_M1958_1877-06-01_OBS-2.jpg
1877	06	25	14	00	0	10.06	|	orig=0.297 inHg|Local time: 1400|QC flag: none|Image File: YorkFactory_USSS-314_M1958_1877-06-01_OBS-2.jpg
1877	06	25	21	00	0	7.96	|	orig=0.235 inHg|Local time: 2100|QC flag: none|Image File: YorkFactory_USSS-314_M1958_1877-06-01_OBS-2.jpg
1877	06	26	07	00	0	8.60	|	orig=0.254 inHg|Local time: 0700|QC flag: none|Image File: YorkFactory_USSS-314_M1958_1877-06-01_OBS-2.jpg
1877	06	26	14	00	0	8.91	|	orig=0.263 inHg|Local time: 1400|QC flag: none|Image File: YorkFactory_USSS-314_M1958_1877-06-01_OBS-2.jpg
1877	06	26	21	00	0	8.16	|	orig=0.241 inHg|Local time: 2100|QC flag: none|Image File: YorkFactory_USSS-314_M1958_1877-06-01_OBS-2.jpg
1877	06	27	07	00	0	9.62	|	orig=0.284 inHg|Local time: 0700|QC flag: none|Image File: YorkFactory_USSS-314_M1958_1877-06-01_OBS-2.jpg
1877	06	27	14	00	0	7.04	|	orig=0.208 inHg|Local time: 1400|QC flag: none|Image File: YorkFactory_USSS-314_M1958_1877-06-01_OBS-2.jpg
1877	06	27	21	00	0	8.16	|	orig=0.241 inHg|Local time: 2100|QC flag: none|Image File: YorkFactory_USSS-314_M1958_1877-06-01_OBS-2.jpg
1877	06	28	07	00	0	9.18	|	orig=0.271 inHg|Local time: 0700|QC flag: none|Image File: YorkFactory_USSS-314_M1958_1877-06-01_OBS-2.jpg
1877	06	28	14	00	0	14.43	|	orig=0.426 inHg|Local time: 1400|QC flag: none|Image File: YorkFactory_USSS-314_M1958_1877-06-01_OBS-2.jpg
1877	06	28	21	00	0	8.50	|	orig=0.251 inHg|Local time: 2100|QC flag: none|Image File: YorkFactory_USSS-314_M1958_1877-06-01_OBS-2.jpg
1877	06	29	07	00	0	9.48	|	orig=0.280 inHg|Local time: 0700|QC flag: none|Image File: YorkFactory_USSS-314_M1958_1877-06-01_OBS-2.jpg
1877	06	29	14	00	0	13.65	|	orig=0.403 inHg|Local time: 1400|QC flag: none|Image File: YorkFactory_USSS-314_M1958_1877-06-01_OBS-2.jpg
1877	06	29	21	00	0	15.14	|	orig=0.447 inHg|Local time: 2100|QC flag: none|Image File: YorkFactory_USSS-314_M1958_1877-06-01_OBS-2.jpg
1877	06	30	07	00	0	10.67	|	orig=0.315 inHg|Local time: 0700|QC flag: none|Image File: YorkFactory_USSS-314_M1958_1877-06-01_OBS-2.jpg
1877	06	30	14	00	0	20.89	|	orig=0.617 inHg|Local time: 1400|QC flag: none|Image File: YorkFactory_USSS-314_M1958_1877-06-01_OBS-2.jpg
1877	06	30	21	00	0	12.80	|	orig=0.378 inHg|Local time: 2100|QC flag: none|Image File: YorkFactory_USSS-314_M1958_1877-06-01_OBS-2.jpg
1877	07	01	07	00	0	8.64	|	orig=255 inHg|Local time: 0700|QC flag: none|Image File: YorkFactory_USSS-314_M1958_1877-07-01_OBS-2.jpg
1877	07	01	14	00	0	9.75	|	orig=288 inHg|Local time: 1400|QC flag: none|Image File: YorkFactory_USSS-314_M1958_1877-07-01_OBS-2.jpg
1877	07	01	21	00	0	8.30	|	orig=245 inHg|Local time: 2100|QC flag: none|Image File: YorkFactory_USSS-314_M1958_1877-07-01_OBS-2.jpg
1877	07	02	07	00	0	13.24	|	orig=391 inHg|Local time: 0700|QC flag: none|Image File: YorkFactory_USSS-314_M1958_1877-07-01_OBS-2.jpg
1877	07	02	14	00	0	21.13	|	orig=624 inHg|Local time: 1400|QC flag: none|Image File: YorkFactory_USSS-314_M1958_1877-07-01_OBS-2.jpg
1877	07	02	21	00	0	17.71	|	orig=523 inHg|Local time: 2100|QC flag: none|Image File: YorkFactory_USSS-314_M1958_1877-07-01_OBS-2.jpg
1877	07	03	07	00	0	11.55	|	orig=341 inHg|Local time: 0700|QC flag: none|Image File: YorkFactory_USSS-314_M1958_1877-07-01_OBS-2.jpg
1877	07	03	14	00	0	14.22	|	orig=420 inHg|Local time: 1400|QC flag: none|Image File: YorkFactory_USSS-314_M1958_1877-07-01_OBS-2.jpg
1877	07	03	21	00	0	15.34	|	orig=453 inHg|Local time: 2100|QC flag: none|Image File: YorkFactory_USSS-314_M1958_1877-07-01_OBS-2.jpg
1877	07	04	07	00	0	13.68	|	orig=404 inHg|Local time: 0700|QC flag: none|Image File: YorkFactory_USSS-314_M1958_1877-07-01_OBS-2.jpg
1877	07	04	14	00	0	15.37	|	orig=454 inHg|Local time: 1400|QC flag: none|Image File: YorkFactory_USSS-314_M1958_1877-07-01_OBS-2.jpg
1877	07	04	21	00	0	12.06	|	orig=356 inHg|Local time: 2100|QC flag: none|Image File: YorkFactory_USSS-314_M1958_1877-07-01_OBS-2.jpg
1877	07	05	07	00	0	12.94	|	orig=382 inHg|Local time: 0700|QC flag: none|Image File: YorkFactory_USSS-314_M1958_1877-07-01_OBS-2.jpg
1877	07	05	14	00	0	20.66	|	orig=610 inHg|Local time: 1400|QC flag: none|Image File: YorkFactory_USSS-314_M1958_1877-07-01_OBS-2.jpg
1877	07	05	21	00	0	23.50	|	orig=694 inHg|Local time: 2100|QC flag: none|Image File: YorkFactory_USSS-314_M1958_1877-07-01_OBS-2.jpg
1877	07	06	07	00	0	14.16	|	orig=418 inHg|Local time: 0700|QC flag: none|Image File: YorkFactory_USSS-314_M1958_1877-07-01_OBS-2.jpg
1877	07	06	14	00	0	21.10	|	orig=623 inHg|Local time: 1400|QC flag: none|Image File: YorkFactory_USSS-314_M1958_1877-07-01_OBS-2.jpg
1877	07	06	21	00	0	15.31	|	orig=452 inHg|Local time: 2100|QC flag: none|Image File: YorkFactory_USSS-314_M1958_1877-07-01_OBS-2.jpg
1877	07	07	07	00	0	17.24	|	orig=509 inHg|Local time: 0700|QC flag: none|Image File: YorkFactory_USSS-314_M1958_1877-07-01_OBS-2.jpg
1877	07	07	14	00	0	20.83	|	orig=615 inHg|Local time: 1400|QC flag: none|Image File: YorkFactory_USSS-314_M1958_1877-07-01_OBS-2.jpg
1877	07	07	21	00	0	11.11	|	orig=328 inHg|Local time: 2100|QC flag: none|Image File: YorkFactory_USSS-314_M1958_1877-07-01_OBS-2.jpg
1877	07	08	07	00	0	10.67	|	orig=315 inHg|Local time: 0700|QC flag: none|Image File: YorkFactory_USSS-314_M1958_1877-07-01_OBS-2.jpg
1877	07	08	14	00	0	14.02	|	orig=414 inHg|Local time: 1400|QC flag: none|Image File: YorkFactory_USSS-314_M1958_1877-07-01_OBS-2.jpg
1877	07	08	21	00	0	13.41	|	orig=396 inHg|Local time: 2100|QC flag: none|Image File: YorkFactory_USSS-314_M1958_1877-07-01_OBS-2.jpg
1877	07	09	07	00	0	9.48	|	orig=280 inHg|Local time: 0700|QC flag: none|Image File: YorkFactory_USSS-314_M1958_1877-07-01_OBS-2.jpg
1877	07	09	14	00	0	11.99	|	orig=354 inHg|Local time: 1400|QC flag: none|Image File: YorkFactory_USSS-314_M1958_1877-07-01_OBS-2.jpg
1877	07	09	21	00	0	10.50	|	orig=310 inHg|Local time: 2100|QC flag: none|Image File: YorkFactory_USSS-314_M1958_1877-07-01_OBS-2.jpg
1877	07	10	07	00	0	8.06	|	orig=238 inHg|Local time: 0700|QC flag: none|Image File: YorkFactory_USSS-314_M1958_1877-07-01_OBS-2.jpg
1877	07	10	14	00	0	20.79	|	orig=614 inHg|Local time: 1400|QC flag: none|Image File: YorkFactory_USSS-314_M1958_1877-07-01_OBS-2.jpg
1877	07	10	21	00	0	20.72	|	orig=612 inHg|Local time: 2100|QC flag: none|Image File: YorkFactory_USSS-314_M1958_1877-07-01_OBS-2.jpg
1877	07	11	07	00	0	12.22	|	orig=361 inHg|Local time: 0700|QC flag: none|Image File: YorkFactory_USSS-314_M1958_1877-07-01_OBS-2.jpg
1877	07	11	14	00	0	12.16	|	orig=359 inHg|Local time: 1400|QC flag: none|Image File: YorkFactory_USSS-314_M1958_1877-07-01_OBS-2.jpg
1877	07	11	21	00	0	12.83	|	orig=379 inHg|Local time: 2100|QC flag: none|Image File: YorkFactory_USSS-314_M1958_1877-07-01_OBS-2.jpg
1877	07	12	07	00	0	13.27	|	orig=392 inHg|Local time: 0700|QC flag: none|Image File: YorkFactory_USSS-314_M1958_1877-07-01_OBS-2.jpg
1877	07	12	14	00	0	17.03	|	orig=503 inHg|Local time: 1400|QC flag: none|Image File: YorkFactory_USSS-314_M1958_1877-07-01_OBS-2.jpg
1877	07	12	21	00	0	18.76	|	orig=554 inHg|Local time: 2100|QC flag: none|Image File: YorkFactory_USSS-314_M1958_1877-07-01_OBS-2.jpg
1877	07	13	07	00	0	21.61	|	orig=638 inHg|Local time: 0700|QC flag: none|Image File: YorkFactory_USSS-314_M1958_1877-07-01_OBS-2.jpg
1877	07	13	14	00	0	19.71	|	orig=582 inHg|Local time: 1400|QC flag: none|Image File: YorkFactory_USSS-314_M1958_1877-07-01_OBS-2.jpg
1877	07	13	21	00	0	18.76	|	orig=554 inHg|Local time: 2100|QC flag: none|Image File: YorkFactory_USSS-314_M1958_1877-07-01_OBS-2.jpg
1877	07	14	07	00	0	16.49	|	orig=487 inHg|Local time: 0700|QC flag: none|Image File: YorkFactory_USSS-314_M1958_1877-07-01_OBS-2.jpg
1877	07	14	14	00	0	30.51	|	orig=901 inHg|Local time: 1400|QC flag: none|Image File: YorkFactory_USSS-314_M1958_1877-07-01_OBS-2.jpg
1877	07	14	21	00	0	18.49	|	orig=546 inHg|Local time: 2100|QC flag: none|Image File: YorkFactory_USSS-314_M1958_1877-07-01_OBS-2.jpg
1877	07	15	07	00	0	16.86	|	orig=498 inHg|Local time: 0700|QC flag: none|Image File: YorkFactory_USSS-314_M1958_1877-07-01_OBS-2.jpg
1877	07	15	14	00	0	19.61	|	orig=579 inHg|Local time: 1400|QC flag: none|Image File: YorkFactory_USSS-314_M1958_1877-07-01_OBS-2.jpg
1877	07	15	21	00	0	14.43	|	orig=426 inHg|Local time: 2100|QC flag: none|Image File: YorkFactory_USSS-314_M1958_1877-07-01_OBS-2.jpg
1877	07	16	07	00	0	11.55	|	orig=341 inHg|Local time: 0700|QC flag: none|Image File: YorkFactory_USSS-314_M1958_1877-07-01_OBS-2.jpg
1877	07	16	14	00	0	10.46	|	orig=309 inHg|Local time: 1400|QC flag: none|Image File: YorkFactory_USSS-314_M1958_1877-07-01_OBS-2.jpg
1877	07	16	21	00	0	9.01	|	orig=266 inHg|Local time: 2100|QC flag: none|Image File: YorkFactory_USSS-314_M1958_1877-07-01_OBS-2.jpg
1877	07	17	07	00	0	11.14	|	orig=329 inHg|Local time: 0700|QC flag: none|Image File: YorkFactory_USSS-314_M1958_1877-07-01_OBS-2.jpg
1877	07	17	14	00	0	18.59	|	orig=549 inHg|Local time: 1400|QC flag: none|Image File: YorkFactory_USSS-314_M1958_1877-07-01_OBS-2.jpg
1877	07	17	21	00	0	14.66	|	orig=433 inHg|Local time: 2100|QC flag: none|Image File: YorkFactory_USSS-314_M1958_1877-07-01_OBS-2.jpg
1877	07	18	07	00	0	8.94	|	orig=264 inHg|Local time: 0700|QC flag: none|Image File: YorkFactory_USSS-314_M1958_1877-07-01_OBS-2.jpg
1877	07	18	14	00	0	13.55	|	orig=400 inHg|Local time: 1400|QC flag: none|Image File: YorkFactory_USSS-314_M1958_1877-07-01_OBS-2.jpg
1877	07	18	21	00	0	14.02	|	orig=414 inHg|Local time: 2100|QC flag: none|Image File: YorkFactory_USSS-314_M1958_1877-07-01_OBS-2.jpg
1877	07	19	07	00	0	9.85	|	orig=291 inHg|Local time: 0700|QC flag: none|Image File: YorkFactory_USSS-314_M1958_1877-07-01_OBS-2.jpg
1877	07	19	14	00	0	17.14	|	orig=506 inHg|Local time: 1400|QC flag: none|Image File: YorkFactory_USSS-314_M1958_1877-07-01_OBS-2.jpg
1877	07	19	21	00	0	16.02	|	orig=473 inHg|Local time: 2100|QC flag: none|Image File: YorkFactory_USSS-314_M1958_1877-07-01_OBS-2.jpg
1877	07	20	07	00	0	12.22	|	orig=361 inHg|Local time: 0700|QC flag: none|Image File: YorkFactory_USSS-314_M1958_1877-07-01_OBS-2.jpg
1877	07	20	14	00	0	10.43	|	orig=308 inHg|Local time: 1400|QC flag: none|Image File: YorkFactory_USSS-314_M1958_1877-07-01_OBS-2.jpg
1877	07	20	21	00	0	8.74	|	orig=258 inHg|Local time: 2100|QC flag: none|Image File: YorkFactory_USSS-314_M1958_1877-07-01_OBS-2.jpg
1877	07	21	07	00	0	11.14	|	orig=329 inHg|Local time: 0700|QC flag: none|Image File: YorkFactory_USSS-314_M1958_1877-07-01_OBS-2.jpg
1877	07	21	14	00	0	12.36	|	orig=365 inHg|Local time: 1400|QC flag: none|Image File: YorkFactory_USSS-314_M1958_1877-07-01_OBS-2.jpg
1877	07	21	21	00	0	7.59	|	orig=224 inHg|Local time: 2100|QC flag: none|Image File: YorkFactory_USSS-314_M1958_1877-07-01_OBS-2.jpg
1877	07	22	07	00	0	8.70	|	orig=257 inHg|Local time: 0700|QC flag: none|Image File: YorkFactory_USSS-314_M1958_1877-07-01_OBS-2.jpg
1877	07	22	14	00	0	22.52	|	orig=665 inHg|Local time: 1400|QC flag: none|Image File: YorkFactory_USSS-314_M1958_1877-07-01_OBS-2.jpg
1877	07	22	21	00	0	14.87	|	orig=439 inHg|Local time: 2100|QC flag: none|Image File: YorkFactory_USSS-314_M1958_1877-07-01_OBS-2.jpg
1877	07	23	07	00	0	14.53	|	orig=429 inHg|Local time: 0700|QC flag: none|Image File: YorkFactory_USSS-314_M1958_1877-07-01_OBS-2.jpg
1877	07	23	14	00	0	25.16	|	orig=743 inHg|Local time: 1400|QC flag: none|Image File: YorkFactory_USSS-314_M1958_1877-07-01_OBS-2.jpg
1877	07	23	21	00	0	22.52	|	orig=665 inHg|Local time: 2100|QC flag: none|Image File: YorkFactory_USSS-314_M1958_1877-07-01_OBS-2.jpg
1877	07	24	07	00	0	32.10	|	orig=948 inHg|Local time: 0700|QC flag: none|Image File: YorkFactory_USSS-314_M1958_1877-07-01_OBS-2.jpg
1877	07	24	14	00	0	27.63	|	orig=816 inHg|Local time: 1400|QC flag: none|Image File: YorkFactory_USSS-314_M1958_1877-07-01_OBS-2.jpg
1877	07	24	21	00	0	29.22	|	orig=863 inHg|Local time: 2100|QC flag: none|Image File: YorkFactory_USSS-314_M1958_1877-07-01_OBS-2.jpg
1877	07	25	07	00	0	31.46	|	orig=929 inHg|Local time: 0700|QC flag: none|Image File: YorkFactory_USSS-314_M1958_1877-07-01_OBS-2.jpg
1877	07	25	14	00	0	32.48	|	orig=959 inHg|Local time: 1400|QC flag: none|Image File: YorkFactory_USSS-314_M1958_1877-07-01_OBS-2.jpg
1877	07	25	21	00	0	21.81	|	orig=644 inHg|Local time: 2100|QC flag: none|Image File: YorkFactory_USSS-314_M1958_1877-07-01_OBS-2.jpg
1877	07	26	07	00	0	13.95	|	orig=412 inHg|Local time: 0700|QC flag: none|Image File: YorkFactory_USSS-314_M1958_1877-07-01_OBS-2.jpg
1877	07	26	14	00	0	17.81	|	orig=526 inHg|Local time: 1400|QC flag: none|Image File: YorkFactory_USSS-314_M1958_1877-07-01_OBS-2.jpg
1877	07	26	21	00	0	14.22	|	orig=420 inHg|Local time: 2100|QC flag: none|Image File: YorkFactory_USSS-314_M1958_1877-07-01_OBS-2.jpg
1877	07	27	07	00	0	13.17	|	orig=389 inHg|Local time: 0700|QC flag: none|Image File: YorkFactory_USSS-314_M1958_1877-07-01_OBS-2.jpg
1877	07	27	14	00	0	14.97	|	orig=442 inHg|Local time: 1400|QC flag: none|Image File: YorkFactory_USSS-314_M1958_1877-07-01_OBS-2.jpg
1877	07	27	21	00	0	12.90	|	orig=381 inHg|Local time: 2100|QC flag: none|Image File: YorkFactory_USSS-314_M1958_1877-07-01_OBS-2.jpg
1877	07	28	07	00	0	11.14	|	orig=329 inHg|Local time: 0700|QC flag: none|Image File: YorkFactory_USSS-314_M1958_1877-07-01_OBS-2.jpg
1877	07	28	14	00	0	12.67	|	orig=374 inHg|Local time: 1400|QC flag: none|Image File: YorkFactory_USSS-314_M1958_1877-07-01_OBS-2.jpg
1877	07	28	21	00	0	11.78	|	orig=348 inHg|Local time: 2100|QC flag: none|Image File: YorkFactory_USSS-314_M1958_1877-07-01_OBS-2.jpg
1877	07	29	07	00	0	10.13	|	orig=299 inHg|Local time: 0700|QC flag: none|Image File: YorkFactory_USSS-314_M1958_1877-07-01_OBS-2.jpg
1877	07	29	14	00	0	12.06	|	orig=356 inHg|Local time: 1400|QC flag: none|Image File: YorkFactory_USSS-314_M1958_1877-07-01_OBS-2.jpg
1877	07	29	21	00	0	12.50	|	orig=369 inHg|Local time: 2100|QC flag: none|Image File: YorkFactory_USSS-314_M1958_1877-07-01_OBS-2.jpg
1877	07	30	07	00	0	11.14	|	orig=329 inHg|Local time: 0700|QC flag: none|Image File: YorkFactory_USSS-314_M1958_1877-07-01_OBS-2.jpg
1877	07	30	14	00	0	14.76	|	orig=436 inHg|Local time: 1400|QC flag: none|Image File: YorkFactory_USSS-314_M1958_1877-07-01_OBS-2.jpg
1877	07	30	21	00	0	15.10	|	orig=446 inHg|Local time: 2100|QC flag: none|Image File: YorkFactory_USSS-314_M1958_1877-07-01_OBS-2.jpg
1877	07	31	07	00	0	13.17	|	orig=389 inHg|Local time: 0700|QC flag: none|Image File: YorkFactory_USSS-314_M1958_1877-07-01_OBS-2.jpg
1877	07	31	14	00	0	20.96	|	orig=619 inHg|Local time: 1400|QC flag: none|Image File: YorkFactory_USSS-314_M1958_1877-07-01_OBS-2.jpg
1877	07	31	21	00	0	18.83	|	orig=556 inHg|Local time: 2100|QC flag: none|Image File: YorkFactory_USSS-314_M1958_1877-07-01_OBS-2.jpg
1877	08	01	07	00	0	12.22	|	orig=361 inHg|Local time: 0700|QC flag: none|Image File: YorkFactory_USSS-314_M1958_1877-08-01_OBS-2.jpg
1877	08	01	14	00	0	10.94	|	orig=323 inHg|Local time: 1400|QC flag: none|Image File: YorkFactory_USSS-314_M1958_1877-08-01_OBS-2.jpg
1877	08	01	21	00	0	9.41	|	orig=278 inHg|Local time: 2100|QC flag: none|Image File: YorkFactory_USSS-314_M1958_1877-08-01_OBS-2.jpg
1877	08	02	07	00	0	9.62	|	orig=284 inHg|Local time: 0700|QC flag: none|Image File: YorkFactory_USSS-314_M1958_1877-08-01_OBS-2.jpg
1877	08	02	14	00	0	14.49	|	orig=428 inHg|Local time: 1400|QC flag: none|Image File: YorkFactory_USSS-314_M1958_1877-08-01_OBS-2.jpg
1877	08	02	21	00	0	11.34	|	orig=335 inHg|Local time: 2100|QC flag: none|Image File: YorkFactory_USSS-314_M1958_1877-08-01_OBS-2.jpg
1877	08	03	07	00	0	13.41	|	orig=396 inHg|Local time: 0700|QC flag: none|Image File: YorkFactory_USSS-314_M1958_1877-08-01_OBS-2.jpg
1877	08	03	14	00	0	23.40	|	orig=691 inHg|Local time: 1400|QC flag: none|Image File: YorkFactory_USSS-314_M1958_1877-08-01_OBS-2.jpg
1877	08	03	21	00	0	15.10	|	orig=446 inHg|Local time: 2100|QC flag: none|Image File: YorkFactory_USSS-314_M1958_1877-08-01_OBS-2.jpg
1877	08	04	07	00	0	12.46	|	orig=368 inHg|Local time: 0700|QC flag: none|Image File: YorkFactory_USSS-314_M1958_1877-08-01_OBS-2.jpg
1877	08	04	14	00	0	22.28	|	orig=658 inHg|Local time: 1400|QC flag: none|Image File: YorkFactory_USSS-314_M1958_1877-08-01_OBS-2.jpg
1877	08	04	21	00	0	19.27	|	orig=569 inHg|Local time: 2100|QC flag: none|Image File: YorkFactory_USSS-314_M1958_1877-08-01_OBS-2.jpg
1877	08	05	07	00	0	11.75	|	orig=347 inHg|Local time: 0700|QC flag: none|Image File: YorkFactory_USSS-314_M1958_1877-08-01_OBS-2.jpg
1877	08	05	14	00	0	18.29	|	orig=540 inHg|Local time: 1400|QC flag: none|Image File: YorkFactory_USSS-314_M1958_1877-08-01_OBS-2.jpg
1877	08	05	21	00	0	12.73	|	orig=376 inHg|Local time: 2100|QC flag: none|Image File: YorkFactory_USSS-314_M1958_1877-08-01_OBS-2.jpg
1877	08	06	07	00	0	10.70	|	orig=316 inHg|Local time: 0700|QC flag: none|Image File: YorkFactory_USSS-314_M1958_1877-08-01_OBS-2.jpg
1877	08	06	14	00	0	16.73	|	orig=494 inHg|Local time: 1400|QC flag: none|Image File: YorkFactory_USSS-314_M1958_1877-08-01_OBS-2.jpg
1877	08	06	21	00	0	15.88	|	orig=469 inHg|Local time: 2100|QC flag: none|Image File: YorkFactory_USSS-314_M1958_1877-08-01_OBS-2.jpg
1877	08	07	07	00	0	11.14	|	orig=329 inHg|Local time: 0700|QC flag: none|Image File: YorkFactory_USSS-314_M1958_1877-08-01_OBS-2.jpg
1877	08	07	14	00	0	16.05	|	orig=474 inHg|Local time: 1400|QC flag: none|Image File: YorkFactory_USSS-314_M1958_1877-08-01_OBS-2.jpg
1877	08	07	21	00	0	12.70	|	orig=375 inHg|Local time: 2100|QC flag: none|Image File: YorkFactory_USSS-314_M1958_1877-08-01_OBS-2.jpg
1877	08	08	07	00	0	10.29	|	orig=304 inHg|Local time: 0700|QC flag: none|Image File: YorkFactory_USSS-314_M1958_1877-08-01_OBS-2.jpg
1877	08	08	14	00	0	13.17	|	orig=389 inHg|Local time: 1400|QC flag: none|Image File: YorkFactory_USSS-314_M1958_1877-08-01_OBS-2.jpg
1877	08	08	21	00	0	10.70	|	orig=316 inHg|Local time: 2100|QC flag: none|Image File: YorkFactory_USSS-314_M1958_1877-08-01_OBS-2.jpg
1877	08	09	07	00	0	9.35	|	orig=276 inHg|Local time: 0700|QC flag: none|Image File: YorkFactory_USSS-314_M1958_1877-08-01_OBS-2.jpg
1877	08	09	14	00	0	18.02	|	orig=532 inHg|Local time: 1400|QC flag: none|Image File: YorkFactory_USSS-314_M1958_1877-08-01_OBS-2.jpg
1877	08	09	21	00	0	14.83	|	orig=438 inHg|Local time: 2100|QC flag: none|Image File: YorkFactory_USSS-314_M1958_1877-08-01_OBS-2.jpg
1877	08	10	07	00	0	10.87	|	orig=321 inHg|Local time: 0700|QC flag: none|Image File: YorkFactory_USSS-314_M1958_1877-08-01_OBS-2.jpg
1877	08	10	14	00	0	18.35	|	orig=542 inHg|Local time: 1400|QC flag: none|Image File: YorkFactory_USSS-314_M1958_1877-08-01_OBS-2.jpg
1877	08	10	21	00	0	19.03	|	orig=562 inHg|Local time: 2100|QC flag: none|Image File: YorkFactory_USSS-314_M1958_1877-08-01_OBS-2.jpg
1877	08	11	07	00	0	12.46	|	orig=368 inHg|Local time: 0700|QC flag: none|Image File: YorkFactory_USSS-314_M1958_1877-08-01_OBS-2.jpg
1877	08	11	14	00	0	20.42	|	orig=603 inHg|Local time: 1400|QC flag: none|Image File: YorkFactory_USSS-314_M1958_1877-08-01_OBS-2.jpg
1877	08	11	21	00	0	14.53	|	orig=429 inHg|Local time: 2100|QC flag: none|Image File: YorkFactory_USSS-314_M1958_1877-08-01_OBS-2.jpg
1877	08	12	07	00	0	10.70	|	orig=316 inHg|Local time: 0700|QC flag: none|Image File: YorkFactory_USSS-314_M1958_1877-08-01_OBS-2.jpg
1877	08	12	14	00	0	28.65	|	orig=846 inHg|Local time: 1400|QC flag: none|Image File: YorkFactory_USSS-314_M1958_1877-08-01_OBS-2.jpg
1877	08	12	21	00	0	16.69	|	orig=493 inHg|Local time: 2100|QC flag: none|Image File: YorkFactory_USSS-314_M1958_1877-08-01_OBS-2.jpg
1877	08	13	07	00	0	9.55	|	orig=282 inHg|Local time: 0700|QC flag: none|Image File: YorkFactory_USSS-314_M1958_1877-08-01_OBS-2.jpg
1877	08	13	14	00	0	12.77	|	orig=377 inHg|Local time: 1400|QC flag: none|Image File: YorkFactory_USSS-314_M1958_1877-08-01_OBS-2.jpg
1877	08	13	21	00	0	15.88	|	orig=469 inHg|Local time: 2100|QC flag: none|Image File: YorkFactory_USSS-314_M1958_1877-08-01_OBS-2.jpg
1877	08	14	07	00	0	11.55	|	orig=341 inHg|Local time: 0700|QC flag: none|Image File: YorkFactory_USSS-314_M1958_1877-08-01_OBS-2.jpg
1877	08	14	14	00	0	14.87	|	orig=439 inHg|Local time: 1400|QC flag: none|Image File: YorkFactory_USSS-314_M1958_1877-08-01_OBS-2.jpg
1877	08	14	21	00	0	14.43	|	orig=426 inHg|Local time: 2100|QC flag: none|Image File: YorkFactory_USSS-314_M1958_1877-08-01_OBS-2.jpg
1877	08	15	07	00	0	12.67	|	orig=374 inHg|Local time: 0700|QC flag: none|Image File: YorkFactory_USSS-314_M1958_1877-08-01_OBS-2.jpg
1877	08	15	14	00	0	12.70	|	orig=375 inHg|Local time: 1400|QC flag: none|Image File: YorkFactory_USSS-314_M1958_1877-08-01_OBS-2.jpg
1877	08	15	21	00	0	10.90	|	orig=322 inHg|Local time: 2100|QC flag: none|Image File: YorkFactory_USSS-314_M1958_1877-08-01_OBS-2.jpg
1877	08	16	07	00	0	9.62	|	orig=284 inHg|Local time: 0700|QC flag: none|Image File: YorkFactory_USSS-314_M1958_1877-08-01_OBS-2.jpg
1877	08	16	14	00	0	12.22	|	orig=361 inHg|Local time: 1400|QC flag: none|Image File: YorkFactory_USSS-314_M1958_1877-08-01_OBS-2.jpg
1877	08	16	21	00	0	11.55	|	orig=341 inHg|Local time: 2100|QC flag: none|Image File: YorkFactory_USSS-314_M1958_1877-08-01_OBS-2.jpg
1877	08	17	07	00	0	12.46	|	orig=368 inHg|Local time: 0700|QC flag: none|Image File: YorkFactory_USSS-314_M1958_1877-08-01_OBS-2.jpg
1877	08	17	14	00	0	18.59	|	orig=549 inHg|Local time: 1400|QC flag: none|Image File: YorkFactory_USSS-314_M1958_1877-08-01_OBS-2.jpg
1877	08	17	21	00	0	16.12	|	orig=476 inHg|Local time: 2100|QC flag: none|Image File: YorkFactory_USSS-314_M1958_1877-08-01_OBS-2.jpg
1877	08	18	07	00	0	13.17	|	orig=389 inHg|Local time: 0700|QC flag: none|Image File: YorkFactory_USSS-314_M1958_1877-08-01_OBS-2.jpg
1877	08	18	14	00	0	20.52	|	orig=606 inHg|Local time: 1400|QC flag: none|Image File: YorkFactory_USSS-314_M1958_1877-08-01_OBS-2.jpg
1877	08	18	21	00	0	19.74	|	orig=583 inHg|Local time: 2100|QC flag: none|Image File: YorkFactory_USSS-314_M1958_1877-08-01_OBS-2.jpg
1877	08	19	07	00	0	9.72	|	orig=287 inHg|Local time: 0700|QC flag: none|Image File: YorkFactory_USSS-314_M1958_1877-08-01_OBS-2.jpg
1877	08	19	14	00	0	23.37	|	orig=690 inHg|Local time: 1400|QC flag: none|Image File: YorkFactory_USSS-314_M1958_1877-08-01_OBS-2.jpg
1877	08	19	21	00	0	18.93	|	orig=559 inHg|Local time: 2100|QC flag: none|Image File: YorkFactory_USSS-314_M1958_1877-08-01_OBS-2.jpg
1877	08	20	07	00	0	16.93	|	orig=500 inHg|Local time: 0700|QC flag: none|Image File: YorkFactory_USSS-314_M1958_1877-08-01_OBS-2.jpg
1877	08	20	14	00	0	21.06	|	orig=622 inHg|Local time: 1400|QC flag: none|Image File: YorkFactory_USSS-314_M1958_1877-08-01_OBS-2.jpg
1877	08	20	21	00	0	16.39	|	orig=484 inHg|Local time: 2100|QC flag: none|Image File: YorkFactory_USSS-314_M1958_1877-08-01_OBS-2.jpg
1877	08	21	07	00	0	10.90	|	orig=322 inHg|Local time: 0700|QC flag: none|Image File: YorkFactory_USSS-314_M1958_1877-08-01_OBS-2.jpg
1877	08	21	14	00	0	16.59	|	orig=490 inHg|Local time: 1400|QC flag: none|Image File: YorkFactory_USSS-314_M1958_1877-08-01_OBS-2.jpg
1877	08	21	21	00	0	15.04	|	orig=444 inHg|Local time: 2100|QC flag: none|Image File: YorkFactory_USSS-314_M1958_1877-08-01_OBS-2.jpg
1877	08	22	07	00	0	9.75	|	orig=288 inHg|Local time: 0700|QC flag: none|Image File: YorkFactory_USSS-314_M1958_1877-08-01_OBS-2.jpg
1877	08	22	14	00	0	13.24	|	orig=391 inHg|Local time: 1400|QC flag: none|Image File: YorkFactory_USSS-314_M1958_1877-08-01_OBS-2.jpg
1877	08	22	21	00	0	13.68	|	orig=404 inHg|Local time: 2100|QC flag: none|Image File: YorkFactory_USSS-314_M1958_1877-08-01_OBS-2.jpg
1877	08	23	07	00	0	15.54	|	orig=459 inHg|Local time: 0700|QC flag: none|Image File: YorkFactory_USSS-314_M1958_1877-08-01_OBS-2.jpg
1877	08	23	14	00	0	13.92	|	orig=411 inHg|Local time: 1400|QC flag: none|Image File: YorkFactory_USSS-314_M1958_1877-08-01_OBS-2.jpg
1877	08	23	21	00	0	11.99	|	orig=354 inHg|Local time: 2100|QC flag: none|Image File: YorkFactory_USSS-314_M1958_1877-08-01_OBS-2.jpg
1877	08	24	07	00	0	7.38	|	orig=218 inHg|Local time: 0700|QC flag: none|Image File: YorkFactory_USSS-314_M1958_1877-08-01_OBS-2.jpg
1877	08	24	14	00	0	11.34	|	orig=335 inHg|Local time: 1400|QC flag: none|Image File: YorkFactory_USSS-314_M1958_1877-08-01_OBS-2.jpg
1877	08	24	21	00	0	10.50	|	orig=310 inHg|Local time: 2100|QC flag: none|Image File: YorkFactory_USSS-314_M1958_1877-08-01_OBS-2.jpg
1877	08	25	07	00	0	7.25	|	orig=214 inHg|Local time: 0700|QC flag: none|Image File: YorkFactory_USSS-314_M1958_1877-08-01_OBS-2.jpg
1877	08	25	14	00	0	11.85	|	orig=350 inHg|Local time: 1400|QC flag: none|Image File: YorkFactory_USSS-314_M1958_1877-08-01_OBS-2.jpg
1877	08	25	21	00	0	12.22	|	orig=361 inHg|Local time: 2100|QC flag: none|Image File: YorkFactory_USSS-314_M1958_1877-08-01_OBS-2.jpg
1877	08	26	07	00	0	8.64	|	orig=255 inHg|Local time: 0700|QC flag: none|Image File: YorkFactory_USSS-314_M1958_1877-08-01_OBS-2.jpg
1877	08	26	14	00	0	19.78	|	orig=584 inHg|Local time: 1400|QC flag: none|Image File: YorkFactory_USSS-314_M1958_1877-08-01_OBS-2.jpg
1877	08	26	21	00	0	16.25	|	orig=480 inHg|Local time: 2100|QC flag: none|Image File: YorkFactory_USSS-314_M1958_1877-08-01_OBS-2.jpg
1877	08	27	07	00	0	10.70	|	orig=316 inHg|Local time: 0700|QC flag: none|Image File: YorkFactory_USSS-314_M1958_1877-08-01_OBS-2.jpg
1877	08	27	14	00	0	14.60	|	orig=431 inHg|Local time: 1400|QC flag: none|Image File: YorkFactory_USSS-314_M1958_1877-08-01_OBS-2.jpg
1877	08	27	21	00	0	11.78	|	orig=348 inHg|Local time: 2100|QC flag: none|Image File: YorkFactory_USSS-314_M1958_1877-08-01_OBS-2.jpg
1877	08	28	07	00	0	10.50	|	orig=310 inHg|Local time: 0700|QC flag: none|Image File: YorkFactory_USSS-314_M1958_1877-08-01_OBS-2.jpg
1877	08	28	14	00	0	13.14	|	orig=388 inHg|Local time: 1400|QC flag: none|Image File: YorkFactory_USSS-314_M1958_1877-08-01_OBS-2.jpg
1877	08	28	21	00	0	11.55	|	orig=341 inHg|Local time: 2100|QC flag: none|Image File: YorkFactory_USSS-314_M1958_1877-08-01_OBS-2.jpg
1877	08	29	07	00	0	11.55	|	orig=341 inHg|Local time: 0700|QC flag: none|Image File: YorkFactory_USSS-314_M1958_1877-08-01_OBS-2.jpg
1877	08	29	14	00	0	15.44	|	orig=456 inHg|Local time: 1400|QC flag: none|Image File: YorkFactory_USSS-314_M1958_1877-08-01_OBS-2.jpg
1877	08	29	21	00	0	10.90	|	orig=322 inHg|Local time: 2100|QC flag: none|Image File: YorkFactory_USSS-314_M1958_1877-08-01_OBS-2.jpg
1877	08	30	07	00	0	10.50	|	orig=310 inHg|Local time: 0700|QC flag: none|Image File: YorkFactory_USSS-314_M1958_1877-08-01_OBS-2.jpg
1877	08	30	14	00	0	14.22	|	orig=420 inHg|Local time: 1400|QC flag: none|Image File: YorkFactory_USSS-314_M1958_1877-08-01_OBS-2.jpg
1877	08	30	21	00	0	11.34	|	orig=335 inHg|Local time: 2100|QC flag: none|Image File: YorkFactory_USSS-314_M1958_1877-08-01_OBS-2.jpg
1877	08	31	07	00	0	10.94	|	orig=323 inHg|Local time: 0700|QC flag: none|Image File: YorkFactory_USSS-314_M1958_1877-08-01_OBS-2.jpg
1877	08	31	14	00	0	10.33	|	orig=305 inHg|Local time: 1400|QC flag: none|Image File: YorkFactory_USSS-314_M1958_1877-08-01_OBS-2.jpg
1877	08	31	21	00	0	9.41	|	orig=278 inHg|Local time: 2100|QC flag: none|Image File: YorkFactory_USSS-314_M1958_1877-08-01_OBS-2.jpg
1877	09	01	07	00	0	8.80	|	orig=0.260 inHg|Local time: 0700|QC flag: none|Image File: YorkFactory_USSS-314_M1958_1877-09-01_OBS-2.jpg
1877	09	01	14	00	0	10.87	|	orig=0.321 inHg|Local time: 1400|QC flag: none|Image File: YorkFactory_USSS-314_M1958_1877-09-01_OBS-2.jpg
1877	09	01	21	00	0	9.18	|	orig=0.271 inHg|Local time: 2100|QC flag: none|Image File: YorkFactory_USSS-314_M1958_1877-09-01_OBS-2.jpg
1877	09	02	07	00	0	9.35	|	orig=0.276 inHg|Local time: 0700|QC flag: none|Image File: YorkFactory_USSS-314_M1958_1877-09-01_OBS-2.jpg
1877	09	02	14	00	0	23.03	|	orig=0.680 inHg|Local time: 1400|QC flag: none|Image File: YorkFactory_USSS-314_M1958_1877-09-01_OBS-2.jpg
1877	09	02	21	00	0	11.55	|	orig=0.341 inHg|Local time: 2100|QC flag: none|Image File: YorkFactory_USSS-314_M1958_1877-09-01_OBS-2.jpg
1877	09	03	07	00	0	8.16	|	orig=0.241 inHg|Local time: 0700|QC flag: none|Image File: YorkFactory_USSS-314_M1958_1877-09-01_OBS-2.jpg
1877	09	03	14	00	0	11.78	|	orig=0.348 inHg|Local time: 1400|QC flag: none|Image File: YorkFactory_USSS-314_M1958_1877-09-01_OBS-2.jpg
1877	09	03	21	00	0	7.72	|	orig=0.228 inHg|Local time: 2100|QC flag: none|Image File: YorkFactory_USSS-314_M1958_1877-09-01_OBS-2.jpg
1877	09	04	07	00	0	7.25	|	orig=0.214 inHg|Local time: 0700|QC flag: none|Image File: YorkFactory_USSS-314_M1958_1877-09-01_OBS-2.jpg
1877	09	04	14	00	0	10.26	|	orig=0.303 inHg|Local time: 1400|QC flag: none|Image File: YorkFactory_USSS-314_M1958_1877-09-01_OBS-2.jpg
1877	09	04	21	00	0	7.69	|	orig=0.227 inHg|Local time: 2100|QC flag: none|Image File: YorkFactory_USSS-314_M1958_1877-09-01_OBS-2.jpg
1877	09	05	07	00	0	7.72	|	orig=0.228 inHg|Local time: 0700|QC flag: none|Image File: YorkFactory_USSS-314_M1958_1877-09-01_OBS-2.jpg
1877	09	05	14	00	0	15.68	|	orig=0.463 inHg|Local time: 1400|QC flag: none|Image File: YorkFactory_USSS-314_M1958_1877-09-01_OBS-2.jpg
1877	09	05	21	00	0	16.19	|	orig=0.478 inHg|Local time: 2100|QC flag: none|Image File: YorkFactory_USSS-314_M1958_1877-09-01_OBS-2.jpg
1877	09	06	07	00	0	13.92	|	orig=0.411 inHg|Local time: 0700|QC flag: none|Image File: YorkFactory_USSS-314_M1958_1877-09-01_OBS-2.jpg
1877	09	06	14	00	0	20.01	|	orig=0.591 inHg|Local time: 1400|QC flag: none|Image File: YorkFactory_USSS-314_M1958_1877-09-01_OBS-2.jpg
1877	09	06	21	00	0	22.52	|	orig=0.665 inHg|Local time: 2100|QC flag: none|Image File: YorkFactory_USSS-314_M1958_1877-09-01_OBS-2.jpg
1877	09	07	07	00	0	15.24	|	orig=0.450 inHg|Local time: 0700|QC flag: none|Image File: YorkFactory_USSS-314_M1958_1877-09-01_OBS-2.jpg
1877	09	07	14	00	0	21.77	|	orig=0.643 inHg|Local time: 1400|QC flag: none|Image File: YorkFactory_USSS-314_M1958_1877-09-01_OBS-2.jpg
1877	09	07	21	00	0	23.57	|	orig=0.696 inHg|Local time: 2100|QC flag: none|Image File: YorkFactory_USSS-314_M1958_1877-09-01_OBS-2.jpg
1877	09	08	07	00	0	16.42	|	orig=0.485 inHg|Local time: 0700|QC flag: none|Image File: YorkFactory_USSS-314_M1958_1877-09-01_OBS-2.jpg
1877	09	08	14	00	0	15.81	|	orig=0.467 inHg|Local time: 1400|QC flag: none|Image File: YorkFactory_USSS-314_M1958_1877-09-01_OBS-2.jpg
1877	09	08	21	00	0	13.41	|	orig=0.396 inHg|Local time: 2100|QC flag: none|Image File: YorkFactory_USSS-314_M1958_1877-09-01_OBS-2.jpg
1877	09	09	07	00	0	10.70	|	orig=0.316 inHg|Local time: 0700|QC flag: none|Image File: YorkFactory_USSS-314_M1958_1877-09-01_OBS-2.jpg
1877	09	09	14	00	0	17.41	|	orig=0.514 inHg|Local time: 1400|QC flag: none|Image File: YorkFactory_USSS-314_M1958_1877-09-01_OBS-2.jpg
1877	09	09	21	00	0	12.94	|	orig=0.382 inHg|Local time: 2100|QC flag: none|Image File: YorkFactory_USSS-314_M1958_1877-09-01_OBS-2.jpg
1877	09	10	07	00	0	12.46	|	orig=0.368 inHg|Local time: 0700|QC flag: none|Image File: YorkFactory_USSS-314_M1958_1877-09-01_OBS-2.jpg
1877	09	10	14	00	0	13.24	|	orig=0.391 inHg|Local time: 1400|QC flag: none|Image File: YorkFactory_USSS-314_M1958_1877-09-01_OBS-2.jpg
1877	09	10	21	00	0	15.37	|	orig=0.454 inHg|Local time: 2100|QC flag: none|Image File: YorkFactory_USSS-314_M1958_1877-09-01_OBS-2.jpg
1877	09	11	07	00	0	11.78	|	orig=0.348 inHg|Local time: 0700|QC flag: none|Image File: YorkFactory_USSS-314_M1958_1877-09-01_OBS-2.jpg
1877	09	11	14	00	0	17.68	|	orig=0.522 inHg|Local time: 1400|QC flag: none|Image File: YorkFactory_USSS-314_M1958_1877-09-01_OBS-2.jpg
1877	09	11	21	00	0	15.88	|	orig=0.469 inHg|Local time: 2100|QC flag: none|Image File: YorkFactory_USSS-314_M1958_1877-09-01_OBS-2.jpg
1877	09	12	07	00	0	11.14	|	orig=0.329 inHg|Local time: 0700|QC flag: none|Image File: YorkFactory_USSS-314_M1958_1877-09-01_OBS-2.jpg
1877	09	12	14	00	0	16.39	|	orig=0.484 inHg|Local time: 1400|QC flag: none|Image File: YorkFactory_USSS-314_M1958_1877-09-01_OBS-2.jpg
1877	09	12	21	00	0	8.87	|	orig=0.262 inHg|Local time: 2100|QC flag: none|Image File: YorkFactory_USSS-314_M1958_1877-09-01_OBS-2.jpg
1877	09	13	07	00	0	7.72	|	orig=0.228 inHg|Local time: 0700|QC flag: none|Image File: YorkFactory_USSS-314_M1958_1877-09-01_OBS-2.jpg
1877	09	13	14	00	0	12.97	|	orig=0.383 inHg|Local time: 1400|QC flag: none|Image File: YorkFactory_USSS-314_M1958_1877-09-01_OBS-2.jpg
1877	09	13	21	00	0	9.55	|	orig=0.282 inHg|Local time: 2100|QC flag: none|Image File: YorkFactory_USSS-314_M1958_1877-09-01_OBS-2.jpg
1877	09	14	07	00	0	8.23	|	orig=0.243 inHg|Local time: 0700|QC flag: none|Image File: YorkFactory_USSS-314_M1958_1877-09-01_OBS-2.jpg
1877	09	14	14	00	0	10.29	|	orig=0.304 inHg|Local time: 1400|QC flag: none|Image File: YorkFactory_USSS-314_M1958_1877-09-01_OBS-2.jpg
1877	09	14	21	00	0	8.64	|	orig=0.255 inHg|Local time: 2100|QC flag: none|Image File: YorkFactory_USSS-314_M1958_1877-09-01_OBS-2.jpg
1877	09	15	07	00	0	7.25	|	orig=0.214 inHg|Local time: 0700|QC flag: none|Image File: YorkFactory_USSS-314_M1958_1877-09-01_OBS-2.jpg
1877	09	15	14	00	0	9.72	|	orig=0.287 inHg|Local time: 1400|QC flag: none|Image File: YorkFactory_USSS-314_M1958_1877-09-01_OBS-2.jpg
1877	09	15	21	00	0	8.67	|	orig=0.256 inHg|Local time: 2100|QC flag: none|Image File: YorkFactory_USSS-314_M1958_1877-09-01_OBS-2.jpg
1877	09	16	07	00	0	6.94	|	orig=0.205 inHg|Local time: 0700|QC flag: none|Image File: YorkFactory_USSS-314_M1958_1877-09-01_OBS-2.jpg
1877	09	16	14	00	0	8.97	|	orig=0.265 inHg|Local time: 1400|QC flag: none|Image File: YorkFactory_USSS-314_M1958_1877-09-01_OBS-2.jpg
1877	09	16	21	00	0	9.96	|	orig=0.294 inHg|Local time: 2100|QC flag: none|Image File: YorkFactory_USSS-314_M1958_1877-09-01_OBS-2.jpg
1877	09	17	07	00	0	7.18	|	orig=0.212 inHg|Local time: 0700|QC flag: none|Image File: YorkFactory_USSS-314_M1958_1877-09-01_OBS-2.jpg
1877	09	17	14	00	0	8.70	|	orig=0.257 inHg|Local time: 1400|QC flag: none|Image File: YorkFactory_USSS-314_M1958_1877-09-01_OBS-2.jpg
1877	09	17	21	00	0	8.06	|	orig=0.238 inHg|Local time: 2100|QC flag: none|Image File: YorkFactory_USSS-314_M1958_1877-09-01_OBS-2.jpg
1877	09	18	07	00	0	7.25	|	orig=0.214 inHg|Local time: 0700|QC flag: none|Image File: YorkFactory_USSS-314_M1958_1877-09-01_OBS-2.jpg
1877	09	18	14	00	0	7.86	|	orig=0.232 inHg|Local time: 1400|QC flag: none|Image File: YorkFactory_USSS-314_M1958_1877-09-01_OBS-2.jpg
1877	09	18	21	00	0	7.55	|	orig=0.223 inHg|Local time: 2100|QC flag: none|Image File: YorkFactory_USSS-314_M1958_1877-09-01_OBS-2.jpg
1877	09	19	07	00	0	6.94	|	orig=0.205 inHg|Local time: 0700|QC flag: none|Image File: YorkFactory_USSS-314_M1958_1877-09-01_OBS-2.jpg
1877	09	19	14	00	0	7.99	|	orig=0.236 inHg|Local time: 1400|QC flag: none|Image File: YorkFactory_USSS-314_M1958_1877-09-01_OBS-2.jpg
1877	09	19	21	00	0	6.67	|	orig=0.197 inHg|Local time: 2100|QC flag: low value|Image File: YorkFactory_USSS-314_M1958_1877-09-01_OBS-2.jpg
1877	09	20	07	00	0	5.69	|	orig=0.168 inHg|Local time: 0700|QC flag: low value|Image File: YorkFactory_USSS-314_M1958_1877-09-01_OBS-2.jpg
1877	09	20	14	00	0	6.81	|	orig=0.201 inHg|Local time: 1400|QC flag: none|Image File: YorkFactory_USSS-314_M1958_1877-09-01_OBS-2.jpg
1877	09	20	21	00	0	6.16	|	orig=0.182 inHg|Local time: 2100|QC flag: low value|Image File: YorkFactory_USSS-314_M1958_1877-09-01_OBS-2.jpg
1877	09	21	07	00	0	7.11	|	orig=0.210 inHg|Local time: 0700|QC flag: none|Image File: YorkFactory_USSS-314_M1958_1877-09-01_OBS-2.jpg
1877	09	21	14	00	0	9.18	|	orig=0.271 inHg|Local time: 1400|QC flag: none|Image File: YorkFactory_USSS-314_M1958_1877-09-01_OBS-2.jpg
1877	09	21	21	00	0	7.55	|	orig=0.223 inHg|Local time: 2100|QC flag: none|Image File: YorkFactory_USSS-314_M1958_1877-09-01_OBS-2.jpg
1877	09	22	07	00	0	5.69	|	orig=0.168 inHg|Local time: 0700|QC flag: low value|Image File: YorkFactory_USSS-314_M1958_1877-09-01_OBS-2.jpg
1877	09	22	14	00	0	7.99	|	orig=0.236 inHg|Local time: 1400|QC flag: none|Image File: YorkFactory_USSS-314_M1958_1877-09-01_OBS-2.jpg
1877	09	22	21	00	0	7.38	|	orig=0.218 inHg|Local time: 2100|QC flag: none|Image File: YorkFactory_USSS-314_M1958_1877-09-01_OBS-2.jpg
1877	09	23	07	00	0	5.55	|	orig=0.164 inHg|Local time: 0700|QC flag: low value|Image File: YorkFactory_USSS-314_M1958_1877-09-01_OBS-2.jpg
1877	09	23	14	00	0	9.55	|	orig=0.282 inHg|Local time: 1400|QC flag: none|Image File: YorkFactory_USSS-314_M1958_1877-09-01_OBS-2.jpg
1877	09	23	21	00	0	7.38	|	orig=0.218 inHg|Local time: 2100|QC flag: none|Image File: YorkFactory_USSS-314_M1958_1877-09-01_OBS-2.jpg
1877	09	24	07	00	0	5.22	|	orig=0.154 inHg|Local time: 0700|QC flag: low value|Image File: YorkFactory_USSS-314_M1958_1877-09-01_OBS-2.jpg
1877	09	24	14	00	0	9.18	|	orig=0.271 inHg|Local time: 1400|QC flag: none|Image File: YorkFactory_USSS-314_M1958_1877-09-01_OBS-2.jpg
1877	09	24	21	00	0	7.99	|	orig=0.236 inHg|Local time: 2100|QC flag: none|Image File: YorkFactory_USSS-314_M1958_1877-09-01_OBS-2.jpg
1877	09	25	07	00	0	6.06	|	orig=0.179 inHg|Local time: 0700|QC flag: low value|Image File: YorkFactory_USSS-314_M1958_1877-09-01_OBS-2.jpg
1877	09	25	14	00	0	6.94	|	orig=0.205 inHg|Local time: 1400|QC flag: none|Image File: YorkFactory_USSS-314_M1958_1877-09-01_OBS-2.jpg
1877	09	25	21	00	0	6.54	|	orig=0.193 inHg|Local time: 2100|QC flag: low value|Image File: YorkFactory_USSS-314_M1958_1877-09-01_OBS-2.jpg
1877	09	26	07	00	0	5.45	|	orig=0.161 inHg|Local time: 0700|QC flag: low value|Image File: YorkFactory_USSS-314_M1958_1877-09-01_OBS-2.jpg
1877	09	26	14	00	0	10.70	|	orig=0.316 inHg|Local time: 1400|QC flag: none|Image File: YorkFactory_USSS-314_M1958_1877-09-01_OBS-2.jpg
1877	09	26	21	00	0	9.72	|	orig=0.287 inHg|Local time: 2100|QC flag: none|Image File: YorkFactory_USSS-314_M1958_1877-09-01_OBS-2.jpg
1877	09	27	07	00	0	8.50	|	orig=0.251 inHg|Local time: 0700|QC flag: none|Image File: YorkFactory_USSS-314_M1958_1877-09-01_OBS-2.jpg
1877	09	27	14	00	0	8.77	|	orig=0.259 inHg|Local time: 1400|QC flag: none|Image File: YorkFactory_USSS-314_M1958_1877-09-01_OBS-2.jpg
1877	09	27	21	00	0	8.80	|	orig=0.260 inHg|Local time: 2100|QC flag: none|Image File: YorkFactory_USSS-314_M1958_1877-09-01_OBS-2.jpg
1877	09	28	07	00	0	8.33	|	orig=0.246 inHg|Local time: 0700|QC flag: none|Image File: YorkFactory_USSS-314_M1958_1877-09-01_OBS-2.jpg
1877	09	28	14	00	0	8.87	|	orig=0.262 inHg|Local time: 1400|QC flag: none|Image File: YorkFactory_USSS-314_M1958_1877-09-01_OBS-2.jpg
1877	09	28	21	00	0	8.33	|	orig=0.246 inHg|Local time: 2100|QC flag: none|Image File: YorkFactory_USSS-314_M1958_1877-09-01_OBS-2.jpg
1877	09	29	07	00	0	5.55	|	orig=0.164 inHg|Local time: 0700|QC flag: low value|Image File: YorkFactory_USSS-314_M1958_1877-09-01_OBS-2.jpg
1877	09	29	14	00	0	7.18	|	orig=0.212 inHg|Local time: 1400|QC flag: none|Image File: YorkFactory_USSS-314_M1958_1877-09-01_OBS-2.jpg
1877	09	29	21	00	0	6.16	|	orig=0.182 inHg|Local time: 2100|QC flag: low value|Image File: YorkFactory_USSS-314_M1958_1877-09-01_OBS-2.jpg
1877	09	30	07	00	0	5.69	|	orig=0.168 inHg|Local time: 0700|QC flag: low value|Image File: YorkFactory_USSS-314_M1958_1877-09-01_OBS-2.jpg
1877	09	30	14	00	0	8.16	|	orig=0.241 inHg|Local time: 1400|QC flag: none|Image File: YorkFactory_USSS-314_M1958_1877-09-01_OBS-2.jpg
1877	09	30	21	00	0	7.31	|	orig=0.216 inHg|Local time: 2100|QC flag: none|Image File: YorkFactory_USSS-314_M1958_1877-09-01_OBS-2.jpg
1877	10	01	07	00	0	5.69	|	orig=168 inHg|Local time: 0700|QC flag: low value|Image File: YorkFactory_USSS-314_M1958_1877-10-01_OBS-2.jpg
1877	10	01	14	00	0	8.64	|	orig=255 inHg|Local time: 1400|QC flag: none|Image File: YorkFactory_USSS-314_M1958_1877-10-01_OBS-2.jpg
1877	10	01	21	00	0	7.11	|	orig=210 inHg|Local time: 2100|QC flag: none|Image File: YorkFactory_USSS-314_M1958_1877-10-01_OBS-2.jpg
1877	10	02	07	00	0	5.69	|	orig=168 inHg|Local time: 0700|QC flag: low value|Image File: YorkFactory_USSS-314_M1958_1877-10-01_OBS-2.jpg
1877	10	02	14	00	0	9.41	|	orig=278 inHg|Local time: 1400|QC flag: none|Image File: YorkFactory_USSS-314_M1958_1877-10-01_OBS-2.jpg
1877	10	02	21	00	0	6.91	|	orig=204 inHg|Local time: 2100|QC flag: none|Image File: YorkFactory_USSS-314_M1958_1877-10-01_OBS-2.jpg
1877	10	03	07	00	0	5.59	|	orig=165 inHg|Local time: 0700|QC flag: low value|Image File: YorkFactory_USSS-314_M1958_1877-10-01_OBS-2.jpg
1877	10	03	14	00	0	7.69	|	orig=227 inHg|Local time: 1400|QC flag: none|Image File: YorkFactory_USSS-314_M1958_1877-10-01_OBS-2.jpg
1877	10	03	21	00	0	5.69	|	orig=168 inHg|Local time: 2100|QC flag: low value|Image File: YorkFactory_USSS-314_M1958_1877-10-01_OBS-2.jpg
1877	10	04	07	00	0	5.35	|	orig=158 inHg|Local time: 0700|QC flag: low value|Image File: YorkFactory_USSS-314_M1958_1877-10-01_OBS-2.jpg
1877	10	04	14	00	0	6.94	|	orig=205 inHg|Local time: 1400|QC flag: none|Image File: YorkFactory_USSS-314_M1958_1877-10-01_OBS-2.jpg
1877	10	04	21	00	0	5.93	|	orig=175 inHg|Local time: 2100|QC flag: low value|Image File: YorkFactory_USSS-314_M1958_1877-10-01_OBS-2.jpg
1877	10	05	07	00	0	4.47	|	orig=132 inHg|Local time: 0700|QC flag: low value|Image File: YorkFactory_USSS-314_M1958_1877-10-01_OBS-2.jpg
1877	10	05	14	00	0	6.40	|	orig=189 inHg|Local time: 1400|QC flag: low value|Image File: YorkFactory_USSS-314_M1958_1877-10-01_OBS-2.jpg
1877	10	05	21	00	0	3.45	|	orig=102 inHg|Local time: 2100|QC flag: low value|Image File: YorkFactory_USSS-314_M1958_1877-10-01_OBS-2.jpg
1877	10	06	07	00	0	3.73	|	orig=110 inHg|Local time: 0700|QC flag: low value|Image File: YorkFactory_USSS-314_M1958_1877-10-01_OBS-2.jpg
1877	10	06	14	00	0	4.77	|	orig=141 inHg|Local time: 1400|QC flag: low value|Image File: YorkFactory_USSS-314_M1958_1877-10-01_OBS-2.jpg
1877	10	06	21	00	0	4.37	|	orig=129 inHg|Local time: 2100|QC flag: low value|Image File: YorkFactory_USSS-314_M1958_1877-10-01_OBS-2.jpg
1877	10	07	07	00	0	3.18	|	orig=094 inHg|Local time: 0700|QC flag: low value|Image File: YorkFactory_USSS-314_M1958_1877-10-01_OBS-2.jpg
1877	10	07	14	00	0	5.32	|	orig=157 inHg|Local time: 1400|QC flag: low value|Image File: YorkFactory_USSS-314_M1958_1877-10-01_OBS-2.jpg
1877	10	07	21	00	0	4.00	|	orig=0118 inHg|Local time: 2100|QC flag: low value|Image File: YorkFactory_USSS-314_M1958_1877-10-01_OBS-2.jpg
1877	10	08	07	00	0	3.79	|	orig=112 inHg|Local time: 0700|QC flag: low value|Image File: YorkFactory_USSS-314_M1958_1877-10-01_OBS-2.jpg
1877	10	08	14	00	0	6.94	|	orig=205 inHg|Local time: 1400|QC flag: none|Image File: YorkFactory_USSS-314_M1958_1877-10-01_OBS-2.jpg
1877	10	08	21	00	0	4.57	|	orig=135 inHg|Local time: 2100|QC flag: low value|Image File: YorkFactory_USSS-314_M1958_1877-10-01_OBS-2.jpg
1877	10	09	07	00	0	3.56	|	orig=105 inHg|Local time: 0700|QC flag: low value|Image File: YorkFactory_USSS-314_M1958_1877-10-01_OBS-2.jpg
1877	10	09	14	00	0	8.16	|	orig=241 inHg|Local time: 1400|QC flag: none|Image File: YorkFactory_USSS-314_M1958_1877-10-01_OBS-2.jpg
1877	10	09	21	00	0	5.45	|	orig=161 inHg|Local time: 2100|QC flag: low value|Image File: YorkFactory_USSS-314_M1958_1877-10-01_OBS-2.jpg
1877	10	10	07	00	0	4.27	|	orig=126 inHg|Local time: 0700|QC flag: low value|Image File: YorkFactory_USSS-314_M1958_1877-10-01_OBS-2.jpg
1877	10	10	14	00	0	7.08	|	orig=209 inHg|Local time: 1400|QC flag: none|Image File: YorkFactory_USSS-314_M1958_1877-10-01_OBS-2.jpg
1877	10	10	21	00	0	5.69	|	orig=168 inHg|Local time: 2100|QC flag: low value|Image File: YorkFactory_USSS-314_M1958_1877-10-01_OBS-2.jpg
1877	10	11	07	00	0	4.91	|	orig=145 inHg|Local time: 0700|QC flag: low value|Image File: YorkFactory_USSS-314_M1958_1877-10-01_OBS-2.jpg
1877	10	11	14	00	0	7.86	|	orig=232 inHg|Local time: 1400|QC flag: none|Image File: YorkFactory_USSS-314_M1958_1877-10-01_OBS-2.jpg
1877	10	11	21	00	0	5.93	|	orig=175 inHg|Local time: 2100|QC flag: low value|Image File: YorkFactory_USSS-314_M1958_1877-10-01_OBS-2.jpg
1877	10	12	07	00	0	5.69	|	orig=168 inHg|Local time: 0700|QC flag: low value|Image File: YorkFactory_USSS-314_M1958_1877-10-01_OBS-2.jpg
1877	10	12	14	00	0	7.99	|	orig=236 inHg|Local time: 1400|QC flag: none|Image File: YorkFactory_USSS-314_M1958_1877-10-01_OBS-2.jpg
1877	10	12	21	00	0	7.86	|	orig=232 inHg|Local time: 2100|QC flag: none|Image File: YorkFactory_USSS-314_M1958_1877-10-01_OBS-2.jpg
1877	10	13	07	00	0	6.30	|	orig=186 inHg|Local time: 0700|QC flag: low value|Image File: YorkFactory_USSS-314_M1958_1877-10-01_OBS-2.jpg
1877	10	13	14	00	0	7.08	|	orig=209 inHg|Local time: 1400|QC flag: none|Image File: YorkFactory_USSS-314_M1958_1877-10-01_OBS-2.jpg
1877	10	13	21	00	0	6.54	|	orig=193 inHg|Local time: 2100|QC flag: low value|Image File: YorkFactory_USSS-314_M1958_1877-10-01_OBS-2.jpg
1877	10	14	07	00	0	4.47	|	orig=132 inHg|Local time: 0700|QC flag: low value|Image File: YorkFactory_USSS-314_M1958_1877-10-01_OBS-2.jpg
1877	10	14	14	00	0	7.08	|	orig=209 inHg|Local time: 1400|QC flag: none|Image File: YorkFactory_USSS-314_M1958_1877-10-01_OBS-2.jpg
1877	10	14	21	00	0	6.26	|	orig=185 inHg|Local time: 2100|QC flag: low value|Image File: YorkFactory_USSS-314_M1958_1877-10-01_OBS-2.jpg
1877	10	15	07	00	0	3.79	|	orig=112 inHg|Local time: 0700|QC flag: low value|Image File: YorkFactory_USSS-314_M1958_1877-10-01_OBS-2.jpg
1877	10	15	14	00	0	8.94	|	orig=264 inHg|Local time: 1400|QC flag: none|Image File: YorkFactory_USSS-314_M1958_1877-10-01_OBS-2.jpg
1877	10	15	21	00	0	5.55	|	orig=164 inHg|Local time: 2100|QC flag: low value|Image File: YorkFactory_USSS-314_M1958_1877-10-01_OBS-2.jpg
1877	10	16	07	00	0	4.27	|	orig=126 inHg|Local time: 0700|QC flag: low value|Image File: YorkFactory_USSS-314_M1958_1877-10-01_OBS-2.jpg
1877	10	16	14	00	0	12.46	|	orig=368 inHg|Local time: 1400|QC flag: none|Image File: YorkFactory_USSS-314_M1958_1877-10-01_OBS-2.jpg
1877	10	16	21	00	0	9.18	|	orig=271 inHg|Local time: 2100|QC flag: none|Image File: YorkFactory_USSS-314_M1958_1877-10-01_OBS-2.jpg
1877	10	17	07	00	0	8.80	|	orig=260 inHg|Local time: 0700|QC flag: none|Image File: YorkFactory_USSS-314_M1958_1877-10-01_OBS-2.jpg
1877	10	17	14	00	0	9.18	|	orig=271 inHg|Local time: 1400|QC flag: none|Image File: YorkFactory_USSS-314_M1958_1877-10-01_OBS-2.jpg
1877	10	17	21	00	0	6.64	|	orig=196 inHg|Local time: 2100|QC flag: low value|Image File: YorkFactory_USSS-314_M1958_1877-10-01_OBS-2.jpg
1877	10	18	07	00	0	5.45	|	orig=161 inHg|Local time: 0700|QC flag: low value|Image File: YorkFactory_USSS-314_M1958_1877-10-01_OBS-2.jpg
1877	10	18	14	00	0	5.22	|	orig=154 inHg|Local time: 1400|QC flag: low value|Image File: YorkFactory_USSS-314_M1958_1877-10-01_OBS-2.jpg
1877	10	18	21	00	0	3.89	|	orig=115 inHg|Local time: 2100|QC flag: low value|Image File: YorkFactory_USSS-314_M1958_1877-10-01_OBS-2.jpg
1877	10	19	07	00	0	2.98	|	orig=088 inHg|Local time: 0700|QC flag: low value|Image File: YorkFactory_USSS-314_M1958_1877-10-01_OBS-2.jpg
1877	10	19	14	00	0	6.54	|	orig=193 inHg|Local time: 1400|QC flag: low value|Image File: YorkFactory_USSS-314_M1958_1877-10-01_OBS-2.jpg
1877	10	19	21	00	0	5.55	|	orig=164 inHg|Local time: 2100|QC flag: low value|Image File: YorkFactory_USSS-314_M1958_1877-10-01_OBS-2.jpg
1877	10	20	07	00	0	3.56	|	orig=105 inHg|Local time: 0700|QC flag: low value|Image File: YorkFactory_USSS-314_M1958_1877-10-01_OBS-2.jpg
1877	10	20	14	00	0	3.79	|	orig=112 inHg|Local time: 1400|QC flag: low value|Image File: YorkFactory_USSS-314_M1958_1877-10-01_OBS-2.jpg
1877	10	20	21	00	0	3.45	|	orig=102 inHg|Local time: 2100|QC flag: low value|Image File: YorkFactory_USSS-314_M1958_1877-10-01_OBS-2.jpg
1877	10	21	07	00	0	3.15	|	orig=093 inHg|Local time: 0700|QC flag: low value|Image File: YorkFactory_USSS-314_M1958_1877-10-01_OBS-2.jpg
1877	10	21	14	00	0	5.32	|	orig=157 inHg|Local time: 1400|QC flag: low value|Image File: YorkFactory_USSS-314_M1958_1877-10-01_OBS-2.jpg
1877	10	21	21	00	0	5.32	|	orig=157 inHg|Local time: 2100|QC flag: low value|Image File: YorkFactory_USSS-314_M1958_1877-10-01_OBS-2.jpg
1877	10	22	07	00	0	4.17	|	orig=123 inHg|Local time: 0700|QC flag: low value|Image File: YorkFactory_USSS-314_M1958_1877-10-01_OBS-2.jpg
1877	10	22	14	00	0	5.18	|	orig=153 inHg|Local time: 1400|QC flag: low value|Image File: YorkFactory_USSS-314_M1958_1877-10-01_OBS-2.jpg
1877	10	22	21	00	0	3.69	|	orig=109 inHg|Local time: 2100|QC flag: low value|Image File: YorkFactory_USSS-314_M1958_1877-10-01_OBS-2.jpg
1877	10	23	07	00	0	3.52	|	orig=104 inHg|Local time: 0700|QC flag: low value|Image File: YorkFactory_USSS-314_M1958_1877-10-01_OBS-2.jpg
1877	10	23	14	00	0	5.32	|	orig=157 inHg|Local time: 1400|QC flag: low value|Image File: YorkFactory_USSS-314_M1958_1877-10-01_OBS-2.jpg
1877	10	23	21	00	0	5.22	|	orig=154 inHg|Local time: 2100|QC flag: low value|Image File: YorkFactory_USSS-314_M1958_1877-10-01_OBS-2.jpg
1877	10	24	07	00	0	3.89	|	orig=115 inHg|Local time: 0700|QC flag: low value|Image File: YorkFactory_USSS-314_M1958_1877-10-01_OBS-2.jpg
1877	10	24	14	00	0	5.45	|	orig=161 inHg|Local time: 1400|QC flag: low value|Image File: YorkFactory_USSS-314_M1958_1877-10-01_OBS-2.jpg
1877	10	24	21	00	0	3.89	|	orig=115 inHg|Local time: 2100|QC flag: low value|Image File: YorkFactory_USSS-314_M1958_1877-10-01_OBS-2.jpg
1877	10	25	07	00	0	2.84	|	orig=084 inHg|Local time: 0700|QC flag: low value|Image File: YorkFactory_USSS-314_M1958_1877-10-01_OBS-2.jpg
1877	10	25	14	00	0	6.16	|	orig=182 inHg|Local time: 1400|QC flag: low value|Image File: YorkFactory_USSS-314_M1958_1877-10-01_OBS-2.jpg
1877	10	25	21	00	0	3.89	|	orig=115 inHg|Local time: 2100|QC flag: low value|Image File: YorkFactory_USSS-314_M1958_1877-10-01_OBS-2.jpg
1877	10	26	07	00	0	2.98	|	orig=088 inHg|Local time: 0700|QC flag: low value|Image File: YorkFactory_USSS-314_M1958_1877-10-01_OBS-2.jpg
1877	10	26	14	00	0	6.91	|	orig=204 inHg|Local time: 1400|QC flag: none|Image File: YorkFactory_USSS-314_M1958_1877-10-01_OBS-2.jpg
1877	10	26	21	00	0	5.52	|	orig=163 inHg|Local time: 2100|QC flag: low value|Image File: YorkFactory_USSS-314_M1958_1877-10-01_OBS-2.jpg
1877	10	27	07	00	0	7.18	|	orig=212 inHg|Local time: 0700|QC flag: none|Image File: YorkFactory_USSS-314_M1958_1877-10-01_OBS-2.jpg
1877	10	27	14	00	0	7.25	|	orig=214 inHg|Local time: 1400|QC flag: none|Image File: YorkFactory_USSS-314_M1958_1877-10-01_OBS-2.jpg
1877	10	27	21	00	0	5.69	|	orig=168 inHg|Local time: 2100|QC flag: low value|Image File: YorkFactory_USSS-314_M1958_1877-10-01_OBS-2.jpg
1877	10	28	07	00	0	5.55	|	orig=164 inHg|Local time: 0700|QC flag: low value|Image File: YorkFactory_USSS-314_M1958_1877-10-01_OBS-2.jpg
1877	10	28	14	00	0	7.55	|	orig=223 inHg|Local time: 1400|QC flag: none|Image File: YorkFactory_USSS-314_M1958_1877-10-01_OBS-2.jpg
1877	10	28	21	00	0	5.89	|	orig=174 inHg|Local time: 2100|QC flag: low value|Image File: YorkFactory_USSS-314_M1958_1877-10-01_OBS-2.jpg
1877	10	29	07	00	0	5.89	|	orig=174 inHg|Local time: 0700|QC flag: low value|Image File: YorkFactory_USSS-314_M1958_1877-10-01_OBS-2.jpg
1877	10	29	14	00	0	6.54	|	orig=193 inHg|Local time: 1400|QC flag: low value|Image File: YorkFactory_USSS-314_M1958_1877-10-01_OBS-2.jpg
1877	10	29	21	00	0	4.57	|	orig=135 inHg|Local time: 2100|QC flag: low value|Image File: YorkFactory_USSS-314_M1958_1877-10-01_OBS-2.jpg
1877	10	30	07	00	0	4.67	|	orig=138 inHg|Local time: 0700|QC flag: low value|Image File: YorkFactory_USSS-314_M1958_1877-10-01_OBS-2.jpg
1877	10	30	14	00	0	5.42	|	orig=160 inHg|Local time: 1400|QC flag: low value|Image File: YorkFactory_USSS-314_M1958_1877-10-01_OBS-2.jpg
1877	10	30	21	00	0	4.88	|	orig=144 inHg|Local time: 2100|QC flag: low value|Image File: YorkFactory_USSS-314_M1958_1877-10-01_OBS-2.jpg
1877	10	31	07	00	0	4.17	|	orig=123 inHg|Local time: 0700|QC flag: low value|Image File: YorkFactory_USSS-314_M1958_1877-10-01_OBS-2.jpg
1877	10	31	14	00	0	4.47	|	orig=132 inHg|Local time: 1400|QC flag: low value|Image File: YorkFactory_USSS-314_M1958_1877-10-01_OBS-2.jpg
1877	10	31	21	00	0	4.67	|	orig=138 inHg|Local time: 2100|QC flag: low value|Image File: YorkFactory_USSS-314_M1958_1877-10-01_OBS-2.jpg
1877	11	01	07	00	0	5.22	|	orig=154 inHg|Local time: 0700|QC flag: low value|Image File: YorkFactory_USSS-314_M1958_1877-11-01_OBS-2.jpg
1877	11	01	14	00	0	5.55	|	orig=164 inHg|Local time: 1400|QC flag: low value|Image File: YorkFactory_USSS-314_M1958_1877-11-01_OBS-2.jpg
1877	11	01	21	00	0	5.01	|	orig=148 inHg|Local time: 2100|QC flag: low value|Image File: YorkFactory_USSS-314_M1958_1877-11-01_OBS-2.jpg
1877	11	02	07	00	0	3.79	|	orig=112 inHg|Local time: 0700|QC flag: low value|Image File: YorkFactory_USSS-314_M1958_1877-11-01_OBS-2.jpg
1877	11	02	14	00	0	2.78	|	orig=082 inHg|Local time: 1400|QC flag: low value|Image File: YorkFactory_USSS-314_M1958_1877-11-01_OBS-2.jpg
1877	11	02	21	00	0	2.30	|	orig=068 inHg|Local time: 2100|QC flag: low value|Image File: YorkFactory_USSS-314_M1958_1877-11-01_OBS-2.jpg
1877	11	03	07	00	0	1.63	|	orig=048 inHg|Local time: 0700|QC flag: low value|Image File: YorkFactory_USSS-314_M1958_1877-11-01_OBS-2.jpg
1877	11	03	14	00	0	3.12	|	orig=092 inHg|Local time: 1400|QC flag: low value|Image File: YorkFactory_USSS-314_M1958_1877-11-01_OBS-2.jpg
1877	11	03	21	00	0	3.39	|	orig=100 inHg|Local time: 2100|QC flag: low value|Image File: YorkFactory_USSS-314_M1958_1877-11-01_OBS-2.jpg
1877	11	04	07	00	0	0.75	|	orig=022 inHg|Local time: 0700|QC flag: low value|Image File: YorkFactory_USSS-314_M1958_1877-11-01_OBS-2.jpg
1877	11	04	14	00	0	1.15	|	orig=034 inHg|Local time: 1400|QC flag: low value|Image File: YorkFactory_USSS-314_M1958_1877-11-01_OBS-2.jpg
1877	11	04	21	00	0	1.56	|	orig=046 inHg|Local time: 2100|QC flag: low value|Image File: YorkFactory_USSS-314_M1958_1877-11-01_OBS-2.jpg
1877	11	05	07	00	0	1.15	|	orig=034 inHg|Local time: 0700|QC flag: low value|Image File: YorkFactory_USSS-314_M1958_1877-11-01_OBS-2.jpg
1877	11	05	14	00	0	3.05	|	orig=090 inHg|Local time: 1400|QC flag: low value|Image File: YorkFactory_USSS-314_M1958_1877-11-01_OBS-2.jpg
1877	11	05	21	00	0	3.15	|	orig=093 inHg|Local time: 2100|QC flag: low value|Image File: YorkFactory_USSS-314_M1958_1877-11-01_OBS-2.jpg
1877	11	06	07	00	0	3.35	|	orig=099 inHg|Local time: 0700|QC flag: low value|Image File: YorkFactory_USSS-314_M1958_1877-11-01_OBS-2.jpg
1877	11	06	14	00	0	4.88	|	orig=144 inHg|Local time: 1400|QC flag: low value|Image File: YorkFactory_USSS-314_M1958_1877-11-01_OBS-2.jpg
1877	11	06	21	00	0	4.47	|	orig=132 inHg|Local time: 2100|QC flag: low value|Image File: YorkFactory_USSS-314_M1958_1877-11-01_OBS-2.jpg
1877	11	07	07	00	0	3.83	|	orig=113 inHg|Local time: 0700|QC flag: low value|Image File: YorkFactory_USSS-314_M1958_1877-11-01_OBS-2.jpg
1877	11	07	14	00	0	2.03	|	orig=060 inHg|Local time: 1400|QC flag: low value|Image File: YorkFactory_USSS-314_M1958_1877-11-01_OBS-2.jpg
1877	11	07	21	00	0	1.19	|	orig=035 inHg|Local time: 2100|QC flag: low value|Image File: YorkFactory_USSS-314_M1958_1877-11-01_OBS-2.jpg
1877	11	08	07	00	0	1.12	|	orig=033 inHg|Local time: 0700|QC flag: low value|Image File: YorkFactory_USSS-314_M1958_1877-11-01_OBS-2.jpg
1877	11	08	14	00	0	0.98	|	orig=029 inHg|Local time: 1400|QC flag: low value|Image File: YorkFactory_USSS-314_M1958_1877-11-01_OBS-2.jpg
1877	11	08	21	00	0	1.02	|	orig=030 inHg|Local time: 2100|QC flag: low value|Image File: YorkFactory_USSS-314_M1958_1877-11-01_OBS-2.jpg
1877	11	09	07	00	0	1.96	|	orig=058 inHg|Local time: 0700|QC flag: low value|Image File: YorkFactory_USSS-314_M1958_1877-11-01_OBS-2.jpg
1877	11	09	14	00	0	2.84	|	orig=084 inHg|Local time: 1400|QC flag: low value|Image File: YorkFactory_USSS-314_M1958_1877-11-01_OBS-2.jpg
1877	11	09	21	00	0	3.89	|	orig=115 inHg|Local time: 2100|QC flag: low value|Image File: YorkFactory_USSS-314_M1958_1877-11-01_OBS-2.jpg
1877	11	10	07	00	0	-999	|	orig=Illegible inHg|Local time: 0700|QC flag: illegible|Image File: YorkFactory_USSS-314_M1958_1877-11-01_OBS-2.jpg
1877	11	10	14	00	0	4.17	|	orig=123 inHg|Local time: 1400|QC flag: low value|Image File: YorkFactory_USSS-314_M1958_1877-11-01_OBS-2.jpg
1877	11	10	21	00	0	-999	|	orig=Illegible inHg|Local time: 2100|QC flag: illegible|Image File: YorkFactory_USSS-314_M1958_1877-11-01_OBS-2.jpg
1877	11	11	07	00	0	3.62	|	orig=107 inHg|Local time: 0700|QC flag: low value|Image File: YorkFactory_USSS-314_M1958_1877-11-01_OBS-2.jpg
1877	11	11	14	00	0	4.27	|	orig=126 inHg|Local time: 1400|QC flag: low value|Image File: YorkFactory_USSS-314_M1958_1877-11-01_OBS-2.jpg
1877	11	11	21	00	0	3.45	|	orig=102 inHg|Local time: 2100|QC flag: low value|Image File: YorkFactory_USSS-314_M1958_1877-11-01_OBS-2.jpg
1877	11	12	07	00	0	3.79	|	orig=112 inHg|Local time: 0700|QC flag: low value|Image File: YorkFactory_USSS-314_M1958_1877-11-01_OBS-2.jpg
1877	11	12	14	00	0	4.67	|	orig=138 inHg|Local time: 1400|QC flag: low value|Image File: YorkFactory_USSS-314_M1958_1877-11-01_OBS-2.jpg
1877	11	12	21	00	0	4.57	|	orig=135 inHg|Local time: 2100|QC flag: low value|Image File: YorkFactory_USSS-314_M1958_1877-11-01_OBS-2.jpg
1877	11	13	07	00	0	4.06	|	orig=120 inHg|Local time: 0700|QC flag: low value|Image File: YorkFactory_USSS-314_M1958_1877-11-01_OBS-2.jpg
1877	11	13	14	00	0	4.57	|	orig=135 inHg|Local time: 1400|QC flag: low value|Image File: YorkFactory_USSS-314_M1958_1877-11-01_OBS-2.jpg
1877	11	13	21	00	0	4.88	|	orig=144 inHg|Local time: 2100|QC flag: low value|Image File: YorkFactory_USSS-314_M1958_1877-11-01_OBS-2.jpg
1877	11	14	07	00	0	3.83	|	orig=113 inHg|Local time: 0700|QC flag: low value|Image File: YorkFactory_USSS-314_M1958_1877-11-01_OBS-2.jpg
1877	11	14	14	00	0	3.18	|	orig=094 inHg|Local time: 1400|QC flag: low value|Image File: YorkFactory_USSS-314_M1958_1877-11-01_OBS-2.jpg
1877	11	14	21	00	0	2.03	|	orig=060 inHg|Local time: 2100|QC flag: low value|Image File: YorkFactory_USSS-314_M1958_1877-11-01_OBS-2.jpg
1877	11	15	07	00	0	1.56	|	orig=046 inHg|Local time: 0700|QC flag: low value|Image File: YorkFactory_USSS-314_M1958_1877-11-01_OBS-2.jpg
1877	11	15	14	00	0	2.03	|	orig=060 inHg|Local time: 1400|QC flag: low value|Image File: YorkFactory_USSS-314_M1958_1877-11-01_OBS-2.jpg
1877	11	15	21	00	0	1.90	|	orig=056 inHg|Local time: 2100|QC flag: low value|Image File: YorkFactory_USSS-314_M1958_1877-11-01_OBS-2.jpg
1877	11	16	07	00	0	2.17	|	orig=064 inHg|Local time: 0700|QC flag: low value|Image File: YorkFactory_USSS-314_M1958_1877-11-01_OBS-2.jpg
1877	11	16	14	00	0	2.98	|	orig=088 inHg|Local time: 1400|QC flag: low value|Image File: YorkFactory_USSS-314_M1958_1877-11-01_OBS-2.jpg
1877	11	16	21	00	0	2.17	|	orig=064 inHg|Local time: 2100|QC flag: low value|Image File: YorkFactory_USSS-314_M1958_1877-11-01_OBS-2.jpg
1877	11	17	07	00	0	1.49	|	orig=044 inHg|Local time: 0700|QC flag: low value|Image File: YorkFactory_USSS-314_M1958_1877-11-01_OBS-2.jpg
1877	11	17	14	00	0	1.83	|	orig=054 inHg|Local time: 1400|QC flag: low value|Image File: YorkFactory_USSS-314_M1958_1877-11-01_OBS-2.jpg
1877	11	17	21	00	0	0.98	|	orig=029 inHg|Local time: 2100|QC flag: low value|Image File: YorkFactory_USSS-314_M1958_1877-11-01_OBS-2.jpg
1877	11	18	07	00	0	0.61	|	orig=018 inHg|Local time: 0700|QC flag: low value|Image File: YorkFactory_USSS-314_M1958_1877-11-01_OBS-2.jpg
1877	11	18	14	00	0	1.86	|	orig=055 inHg|Local time: 1400|QC flag: low value|Image File: YorkFactory_USSS-314_M1958_1877-11-01_OBS-2.jpg
1877	11	18	21	00	0	0.78	|	orig=023 inHg|Local time: 2100|QC flag: low value|Image File: YorkFactory_USSS-314_M1958_1877-11-01_OBS-2.jpg
1877	11	19	07	00	0	3.56	|	orig=105 inHg|Local time: 0700|QC flag: low value|Image File: YorkFactory_USSS-314_M1958_1877-11-01_OBS-2.jpg
1877	11	19	14	00	0	4.27	|	orig=126 inHg|Local time: 1400|QC flag: low value|Image File: YorkFactory_USSS-314_M1958_1877-11-01_OBS-2.jpg
1877	11	19	21	00	0	5.76	|	orig=170 inHg|Local time: 2100|QC flag: low value|Image File: YorkFactory_USSS-314_M1958_1877-11-01_OBS-2.jpg
1877	11	20	07	00	0	7.31	|	orig=216 inHg|Local time: 0700|QC flag: none|Image File: YorkFactory_USSS-314_M1958_1877-11-01_OBS-2.jpg
1877	11	20	14	00	0	7.18	|	orig=212 inHg|Local time: 1400|QC flag: none|Image File: YorkFactory_USSS-314_M1958_1877-11-01_OBS-2.jpg
1877	11	20	21	00	0	7.04	|	orig=208 inHg|Local time: 2100|QC flag: none|Image File: YorkFactory_USSS-314_M1958_1877-11-01_OBS-2.jpg
1877	11	21	07	00	0	5.22	|	orig=154 inHg|Local time: 0700|QC flag: low value|Image File: YorkFactory_USSS-314_M1958_1877-11-01_OBS-2.jpg
1877	11	21	14	00	0	5.42	|	orig=160 inHg|Local time: 1400|QC flag: low value|Image File: YorkFactory_USSS-314_M1958_1877-11-01_OBS-2.jpg
1877	11	21	21	00	0	3.15	|	orig=093 inHg|Local time: 2100|QC flag: low value|Image File: YorkFactory_USSS-314_M1958_1877-11-01_OBS-2.jpg
1877	11	22	07	00	0	2.44	|	orig=072 inHg|Local time: 0700|QC flag: low value|Image File: YorkFactory_USSS-314_M1958_1877-11-01_OBS-2.jpg
1877	11	22	14	00	0	2.91	|	orig=086 inHg|Local time: 1400|QC flag: low value|Image File: YorkFactory_USSS-314_M1958_1877-11-01_OBS-2.jpg
1877	11	22	21	00	0	2.98	|	orig=088 inHg|Local time: 2100|QC flag: low value|Image File: YorkFactory_USSS-314_M1958_1877-11-01_OBS-2.jpg
1877	11	23	07	00	0	4.57	|	orig=135 inHg|Local time: 0700|QC flag: low value|Image File: YorkFactory_USSS-314_M1958_1877-11-01_OBS-2.jpg
1877	11	23	14	00	0	5.01	|	orig=148 inHg|Local time: 1400|QC flag: low value|Image File: YorkFactory_USSS-314_M1958_1877-11-01_OBS-2.jpg
1877	11	23	21	00	0	6.16	|	orig=182 inHg|Local time: 2100|QC flag: low value|Image File: YorkFactory_USSS-314_M1958_1877-11-01_OBS-2.jpg
1877	11	24	07	00	0	3.22	|	orig=095 inHg|Local time: 0700|QC flag: low value|Image File: YorkFactory_USSS-314_M1958_1877-11-01_OBS-2.jpg
1877	11	24	14	00	0	4.23	|	orig=125 inHg|Local time: 1400|QC flag: low value|Image File: YorkFactory_USSS-314_M1958_1877-11-01_OBS-2.jpg
1877	11	24	21	00	0	3.18	|	orig=094 inHg|Local time: 2100|QC flag: low value|Image File: YorkFactory_USSS-314_M1958_1877-11-01_OBS-2.jpg
1877	11	25	07	00	0	2.51	|	orig=074 inHg|Local time: 0700|QC flag: low value|Image File: YorkFactory_USSS-314_M1958_1877-11-01_OBS-2.jpg
1877	11	25	14	00	0	2.98	|	orig=088 inHg|Local time: 1400|QC flag: low value|Image File: YorkFactory_USSS-314_M1958_1877-11-01_OBS-2.jpg
1877	11	25	21	00	0	2.64	|	orig=078 inHg|Local time: 2100|QC flag: low value|Image File: YorkFactory_USSS-314_M1958_1877-11-01_OBS-2.jpg
1877	11	26	07	00	0	2.78	|	orig=082 inHg|Local time: 0700|QC flag: low value|Image File: YorkFactory_USSS-314_M1958_1877-11-01_OBS-2.jpg
1877	11	26	14	00	0	2.54	|	orig=075 inHg|Local time: 1400|QC flag: low value|Image File: YorkFactory_USSS-314_M1958_1877-11-01_OBS-2.jpg
1877	11	26	21	00	0	2.64	|	orig=078 inHg|Local time: 2100|QC flag: low value|Image File: YorkFactory_USSS-314_M1958_1877-11-01_OBS-2.jpg
1877	11	27	07	00	0	2.84	|	orig=084 inHg|Local time: 0700|QC flag: low value|Image File: YorkFactory_USSS-314_M1958_1877-11-01_OBS-2.jpg
1877	11	27	14	00	0	3.32	|	orig=098 inHg|Local time: 1400|QC flag: low value|Image File: YorkFactory_USSS-314_M1958_1877-11-01_OBS-2.jpg
1877	11	27	21	00	0	4.67	|	orig=138 inHg|Local time: 2100|QC flag: low value|Image File: YorkFactory_USSS-314_M1958_1877-11-01_OBS-2.jpg
1877	11	28	07	00	0	3.62	|	orig=107 inHg|Local time: 0700|QC flag: low value|Image File: YorkFactory_USSS-314_M1958_1877-11-01_OBS-2.jpg
1877	11	28	14	00	0	3.89	|	orig=115 inHg|Local time: 1400|QC flag: low value|Image File: YorkFactory_USSS-314_M1958_1877-11-01_OBS-2.jpg
1877	11	28	21	00	0	3.52	|	orig=104 inHg|Local time: 2100|QC flag: low value|Image File: YorkFactory_USSS-314_M1958_1877-11-01_OBS-2.jpg
1877	11	29	07	00	0	2.34	|	orig=069 inHg|Local time: 0700|QC flag: low value|Image File: YorkFactory_USSS-314_M1958_1877-11-01_OBS-2.jpg
1877	11	29	14	00	0	1.32	|	orig=039 inHg|Local time: 1400|QC flag: low value|Image File: YorkFactory_USSS-314_M1958_1877-11-01_OBS-2.jpg
1877	11	29	21	00	0	1.25	|	orig=037 inHg|Local time: 2100|QC flag: low value|Image File: YorkFactory_USSS-314_M1958_1877-11-01_OBS-2.jpg
1877	11	30	07	00	0	0.98	|	orig=029 inHg|Local time: 0700|QC flag: low value|Image File: YorkFactory_USSS-314_M1958_1877-11-01_OBS-2.jpg
1877	11	30	14	00	0	1.52	|	orig=045 inHg|Local time: 1400|QC flag: low value|Image File: YorkFactory_USSS-314_M1958_1877-11-01_OBS-2.jpg
1877	11	30	21	00	0	0.95	|	orig=028 inHg|Local time: 2100|QC flag: low value|Image File: YorkFactory_USSS-314_M1958_1877-11-01_OBS-2.jpg
1877	12	01	07	00	0	1.25	|	orig=0.037 inHg|Local time: 0700|QC flag: low value|Image File: YorkFactory_USSS-314_M1958_1877-12-01_OBS-2.jpg
1877	12	01	14	00	0	2.44	|	orig=0.072 inHg|Local time: 1400|QC flag: low value|Image File: YorkFactory_USSS-314_M1958_1877-12-01_OBS-2.jpg
1877	12	01	21	00	0	2.71	|	orig=0.080 inHg|Local time: 2100|QC flag: low value|Image File: YorkFactory_USSS-314_M1958_1877-12-01_OBS-2.jpg
1877	12	02	07	00	0	2.84	|	orig=0.084 inHg|Local time: 0700|QC flag: low value|Image File: YorkFactory_USSS-314_M1958_1877-12-01_OBS-2.jpg
1877	12	02	14	00	0	3.22	|	orig=0.095 inHg|Local time: 1400|QC flag: low value|Image File: YorkFactory_USSS-314_M1958_1877-12-01_OBS-2.jpg
1877	12	02	21	00	0	3.15	|	orig=0.093 inHg|Local time: 2100|QC flag: low value|Image File: YorkFactory_USSS-314_M1958_1877-12-01_OBS-2.jpg
1877	12	03	07	00	0	2.34	|	orig=0.069 inHg|Local time: 0700|QC flag: low value|Image File: YorkFactory_USSS-314_M1958_1877-12-01_OBS-2.jpg
1877	12	03	14	00	0	2.00	|	orig=0.059 inHg|Local time: 1400|QC flag: low value|Image File: YorkFactory_USSS-314_M1958_1877-12-01_OBS-2.jpg
1877	12	03	21	00	0	1.35	|	orig=0.040 inHg|Local time: 2100|QC flag: low value|Image File: YorkFactory_USSS-314_M1958_1877-12-01_OBS-2.jpg
1877	12	04	07	00	0	1.25	|	orig=0.037 inHg|Local time: 0700|QC flag: low value|Image File: YorkFactory_USSS-314_M1958_1877-12-01_OBS-2.jpg
1877	12	04	14	00	0	2.34	|	orig=0.069 inHg|Local time: 1400|QC flag: low value|Image File: YorkFactory_USSS-314_M1958_1877-12-01_OBS-2.jpg
1877	12	04	21	00	0	1.42	|	orig=0.042 inHg|Local time: 2100|QC flag: low value|Image File: YorkFactory_USSS-314_M1958_1877-12-01_OBS-2.jpg
1877	12	05	07	00	0	0.78	|	orig=0.023 inHg|Local time: 0700|QC flag: low value|Image File: YorkFactory_USSS-314_M1958_1877-12-01_OBS-2.jpg
1877	12	05	14	00	0	0.58	|	orig=0.017 inHg|Local time: 1400|QC flag: low value|Image File: YorkFactory_USSS-314_M1958_1877-12-01_OBS-2.jpg
1877	12	05	21	00	0	0.41	|	orig=0.012 inHg|Local time: 2100|QC flag: low value|Image File: YorkFactory_USSS-314_M1958_1877-12-01_OBS-2.jpg
1877	12	06	07	00	0	0.58	|	orig=0.017 inHg|Local time: 0700|QC flag: low value|Image File: YorkFactory_USSS-314_M1958_1877-12-01_OBS-2.jpg
1877	12	06	14	00	0	1.15	|	orig=0.034 inHg|Local time: 1400|QC flag: low value|Image File: YorkFactory_USSS-314_M1958_1877-12-01_OBS-2.jpg
1877	12	06	21	00	0	1.22	|	orig=0.036 inHg|Local time: 2100|QC flag: low value|Image File: YorkFactory_USSS-314_M1958_1877-12-01_OBS-2.jpg
1877	12	07	07	00	0	2.13	|	orig=0.063 inHg|Local time: 0700|QC flag: low value|Image File: YorkFactory_USSS-314_M1958_1877-12-01_OBS-2.jpg
1877	12	07	14	00	0	2.84	|	orig=0.084 inHg|Local time: 1400|QC flag: low value|Image File: YorkFactory_USSS-314_M1958_1877-12-01_OBS-2.jpg
1877	12	07	21	00	0	2.71	|	orig=0.080 inHg|Local time: 2100|QC flag: low value|Image File: YorkFactory_USSS-314_M1958_1877-12-01_OBS-2.jpg
1877	12	08	07	00	0	1.08	|	orig=0.032 inHg|Local time: 0700|QC flag: low value|Image File: YorkFactory_USSS-314_M1958_1877-12-01_OBS-2.jpg
1877	12	08	14	00	0	2.10	|	orig=0.062 inHg|Local time: 1400|QC flag: low value|Image File: YorkFactory_USSS-314_M1958_1877-12-01_OBS-2.jpg
1877	12	08	21	00	0	1.56	|	orig=0.046 inHg|Local time: 2100|QC flag: low value|Image File: YorkFactory_USSS-314_M1958_1877-12-01_OBS-2.jpg
1877	12	09	07	00	0	1.08	|	orig=0.032 inHg|Local time: 0700|QC flag: low value|Image File: YorkFactory_USSS-314_M1958_1877-12-01_OBS-2.jpg
1877	12	09	14	00	0	1.86	|	orig=0.055 inHg|Local time: 1400|QC flag: low value|Image File: YorkFactory_USSS-314_M1958_1877-12-01_OBS-2.jpg
1877	12	09	21	00	0	1.90	|	orig=0.056 inHg|Local time: 2100|QC flag: low value|Image File: YorkFactory_USSS-314_M1958_1877-12-01_OBS-2.jpg
1877	12	10	07	00	0	2.57	|	orig=0.076 inHg|Local time: 0700|QC flag: low value|Image File: YorkFactory_USSS-314_M1958_1877-12-01_OBS-2.jpg
1877	12	10	14	00	0	0.50	|	orig=0.0148 inHg|Local time: 1400|QC flag: low value|Image File: YorkFactory_USSS-314_M1958_1877-12-01_OBS-2.jpg
1877	12	10	21	00	0	3.49	|	orig=0.103 inHg|Local time: 2100|QC flag: low value|Image File: YorkFactory_USSS-314_M1958_1877-12-01_OBS-2.jpg
1877	12	11	07	00	0	1.49	|	orig=0.044 inHg|Local time: 0700|QC flag: low value|Image File: YorkFactory_USSS-314_M1958_1877-12-01_OBS-2.jpg
1877	12	11	14	00	0	1.46	|	orig=0.043 inHg|Local time: 1400|QC flag: low value|Image File: YorkFactory_USSS-314_M1958_1877-12-01_OBS-2.jpg
1877	12	11	21	00	0	0.98	|	orig=0.029 inHg|Local time: 2100|QC flag: low value|Image File: YorkFactory_USSS-314_M1958_1877-12-01_OBS-2.jpg
1877	12	12	07	00	0	0.88	|	orig=0.026 inHg|Local time: 0700|QC flag: low value|Image File: YorkFactory_USSS-314_M1958_1877-12-01_OBS-2.jpg
1877	12	12	14	00	0	1.15	|	orig=0.034 inHg|Local time: 1400|QC flag: low value|Image File: YorkFactory_USSS-314_M1958_1877-12-01_OBS-2.jpg
1877	12	12	21	00	0	1.05	|	orig=0.031 inHg|Local time: 2100|QC flag: low value|Image File: YorkFactory_USSS-314_M1958_1877-12-01_OBS-2.jpg
1877	12	13	07	00	0	0.54	|	orig=0.016 inHg|Local time: 0700|QC flag: low value|Image File: YorkFactory_USSS-314_M1958_1877-12-01_OBS-2.jpg
1877	12	13	14	00	0	0.71	|	orig=0.021 inHg|Local time: 1400|QC flag: low value|Image File: YorkFactory_USSS-314_M1958_1877-12-01_OBS-2.jpg
1877	12	13	21	00	0	0.44	|	orig=0.013 inHg|Local time: 2100|QC flag: low value|Image File: YorkFactory_USSS-314_M1958_1877-12-01_OBS-2.jpg
1877	12	14	07	00	0	-999	|	orig=" inHg|Local time: 0700|QC flag: missing|Image File: YorkFactory_USSS-314_M1958_1877-12-01_OBS-2.jpg
1877	12	14	14	00	0	0.47	|	orig=0.014 inHg|Local time: 1400|QC flag: low value|Image File: YorkFactory_USSS-314_M1958_1877-12-01_OBS-2.jpg
1877	12	14	21	00	0	0.41	|	orig=0.012 inHg|Local time: 2100|QC flag: low value|Image File: YorkFactory_USSS-314_M1958_1877-12-01_OBS-2.jpg
1877	12	15	07	00	0	-999	|	orig=" inHg|Local time: 0700|QC flag: missing|Image File: YorkFactory_USSS-314_M1958_1877-12-01_OBS-2.jpg
1877	12	15	14	00	0	0.44	|	orig=0.013 inHg|Local time: 1400|QC flag: low value|Image File: YorkFactory_USSS-314_M1958_1877-12-01_OBS-2.jpg
1877	12	15	21	00	0	0.41	|	orig=0.012 inHg|Local time: 2100|QC flag: low value|Image File: YorkFactory_USSS-314_M1958_1877-12-01_OBS-2.jpg
1877	12	16	07	00	0	-999	|	orig=" inHg|Local time: 0700|QC flag: missing|Image File: YorkFactory_USSS-314_M1958_1877-12-01_OBS-2.jpg
1877	12	16	14	00	0	0.47	|	orig=0.014 inHg|Local time: 1400|QC flag: low value|Image File: YorkFactory_USSS-314_M1958_1877-12-01_OBS-2.jpg
1877	12	16	21	00	0	0.64	|	orig=0.019 inHg|Local time: 2100|QC flag: low value|Image File: YorkFactory_USSS-314_M1958_1877-12-01_OBS-2.jpg
1877	12	17	07	00	0	1.22	|	orig=0.036 inHg|Local time: 0700|QC flag: low value|Image File: YorkFactory_USSS-314_M1958_1877-12-01_OBS-2.jpg
1877	12	17	14	00	0	1.96	|	orig=0.058 inHg|Local time: 1400|QC flag: low value|Image File: YorkFactory_USSS-314_M1958_1877-12-01_OBS-2.jpg
1877	12	17	21	00	0	2.03	|	orig=0.060 inHg|Local time: 2100|QC flag: low value|Image File: YorkFactory_USSS-314_M1958_1877-12-01_OBS-2.jpg
1877	12	18	07	00	0	3.28	|	orig=0.097 inHg|Local time: 0700|QC flag: low value|Image File: YorkFactory_USSS-314_M1958_1877-12-01_OBS-2.jpg
1877	12	18	14	00	0	1.90	|	orig=0.056 inHg|Local time: 1400|QC flag: low value|Image File: YorkFactory_USSS-314_M1958_1877-12-01_OBS-2.jpg
1877	12	18	21	00	0	1.56	|	orig=0.046 inHg|Local time: 2100|QC flag: low value|Image File: YorkFactory_USSS-314_M1958_1877-12-01_OBS-2.jpg
1877	12	19	07	00	0	1.15	|	orig=0.034 inHg|Local time: 0700|QC flag: low value|Image File: YorkFactory_USSS-314_M1958_1877-12-01_OBS-2.jpg
1877	12	19	14	00	0	1.29	|	orig=0.038 inHg|Local time: 1400|QC flag: low value|Image File: YorkFactory_USSS-314_M1958_1877-12-01_OBS-2.jpg
1877	12	19	21	00	0	0.64	|	orig=0.019 inHg|Local time: 2100|QC flag: low value|Image File: YorkFactory_USSS-314_M1958_1877-12-01_OBS-2.jpg
1877	12	20	07	00	0	1.39	|	orig=0.041 inHg|Local time: 0700|QC flag: low value|Image File: YorkFactory_USSS-314_M1958_1877-12-01_OBS-2.jpg
1877	12	20	14	00	0	2.57	|	orig=0.076 inHg|Local time: 1400|QC flag: low value|Image File: YorkFactory_USSS-314_M1958_1877-12-01_OBS-2.jpg
1877	12	20	21	00	0	3.62	|	orig=0.107 inHg|Local time: 2100|QC flag: low value|Image File: YorkFactory_USSS-314_M1958_1877-12-01_OBS-2.jpg
1877	12	21	07	00	0	3.05	|	orig=0.090 inHg|Local time: 0700|QC flag: low value|Image File: YorkFactory_USSS-314_M1958_1877-12-01_OBS-2.jpg
1877	12	21	14	00	0	4.77	|	orig=0.141 inHg|Local time: 1400|QC flag: low value|Image File: YorkFactory_USSS-314_M1958_1877-12-01_OBS-2.jpg
1877	12	21	21	00	0	3.89	|	orig=0.115 inHg|Local time: 2100|QC flag: low value|Image File: YorkFactory_USSS-314_M1958_1877-12-01_OBS-2.jpg
1877	12	22	07	00	0	3.15	|	orig=0.093 inHg|Local time: 0700|QC flag: low value|Image File: YorkFactory_USSS-314_M1958_1877-12-01_OBS-2.jpg
1877	12	22	14	00	0	5.22	|	orig=0.154 inHg|Local time: 1400|QC flag: low value|Image File: YorkFactory_USSS-314_M1958_1877-12-01_OBS-2.jpg
1877	12	22	21	00	0	5.01	|	orig=0.148 inHg|Local time: 2100|QC flag: low value|Image File: YorkFactory_USSS-314_M1958_1877-12-01_OBS-2.jpg
1877	12	23	07	00	0	4.47	|	orig=0.132 inHg|Local time: 0700|QC flag: low value|Image File: YorkFactory_USSS-314_M1958_1877-12-01_OBS-2.jpg
1877	12	23	14	00	0	4.06	|	orig=0.120 inHg|Local time: 1400|QC flag: low value|Image File: YorkFactory_USSS-314_M1958_1877-12-01_OBS-2.jpg
1877	12	23	21	00	0	3.39	|	orig=0.100 inHg|Local time: 2100|QC flag: low value|Image File: YorkFactory_USSS-314_M1958_1877-12-01_OBS-2.jpg
1877	12	24	07	00	0	2.00	|	orig=0.059 inHg|Local time: 0700|QC flag: low value|Image File: YorkFactory_USSS-314_M1958_1877-12-01_OBS-2.jpg
1877	12	24	14	00	0	3.52	|	orig=0.104 inHg|Local time: 1400|QC flag: low value|Image File: YorkFactory_USSS-314_M1958_1877-12-01_OBS-2.jpg
1877	12	24	21	00	0	3.39	|	orig=0.100 inHg|Local time: 2100|QC flag: low value|Image File: YorkFactory_USSS-314_M1958_1877-12-01_OBS-2.jpg
1877	12	25	07	00	0	2.64	|	orig=0.078 inHg|Local time: 0700|QC flag: low value|Image File: YorkFactory_USSS-314_M1958_1877-12-01_OBS-2.jpg
1877	12	25	14	00	0	3.62	|	orig=0.107 inHg|Local time: 1400|QC flag: low value|Image File: YorkFactory_USSS-314_M1958_1877-12-01_OBS-2.jpg
1877	12	25	21	00	0	3.45	|	orig=0.102 inHg|Local time: 2100|QC flag: low value|Image File: YorkFactory_USSS-314_M1958_1877-12-01_OBS-2.jpg
1877	12	26	07	00	0	1.56	|	orig=0.046 inHg|Local time: 0700|QC flag: low value|Image File: YorkFactory_USSS-314_M1958_1877-12-01_OBS-2.jpg
1877	12	26	14	00	0	1.93	|	orig=0.057 inHg|Local time: 1400|QC flag: low value|Image File: YorkFactory_USSS-314_M1958_1877-12-01_OBS-2.jpg
1877	12	26	21	00	0	1.49	|	orig=0.044 inHg|Local time: 2100|QC flag: low value|Image File: YorkFactory_USSS-314_M1958_1877-12-01_OBS-2.jpg
1877	12	27	07	00	0	0.78	|	orig=0.023 inHg|Local time: 0700|QC flag: low value|Image File: YorkFactory_USSS-314_M1958_1877-12-01_OBS-2.jpg
1877	12	27	14	00	0	0.85	|	orig=0.025 inHg|Local time: 1400|QC flag: low value|Image File: YorkFactory_USSS-314_M1958_1877-12-01_OBS-2.jpg
1877	12	27	21	00	0	0.81	|	orig=0.024 inHg|Local time: 2100|QC flag: low value|Image File: YorkFactory_USSS-314_M1958_1877-12-01_OBS-2.jpg
1877	12	28	07	00	0	1.08	|	orig=0.032 inHg|Local time: 0700|QC flag: low value|Image File: YorkFactory_USSS-314_M1958_1877-12-01_OBS-2.jpg
1877	12	28	14	00	0	1.32	|	orig=0.039 inHg|Local time: 1400|QC flag: low value|Image File: YorkFactory_USSS-314_M1958_1877-12-01_OBS-2.jpg
1877	12	28	21	00	0	1.19	|	orig=0.035 inHg|Local time: 2100|QC flag: low value|Image File: YorkFactory_USSS-314_M1958_1877-12-01_OBS-2.jpg
1877	12	29	07	00	0	2.37	|	orig=0.070 inHg|Local time: 0700|QC flag: low value|Image File: YorkFactory_USSS-314_M1958_1877-12-01_OBS-2.jpg
1877	12	29	14	00	0	2.57	|	orig=0.076 inHg|Local time: 1400|QC flag: low value|Image File: YorkFactory_USSS-314_M1958_1877-12-01_OBS-2.jpg
1877	12	29	21	00	0	2.98	|	orig=0.088 inHg|Local time: 2100|QC flag: low value|Image File: YorkFactory_USSS-314_M1958_1877-12-01_OBS-2.jpg
1877	12	30	07	00	0	2.40	|	orig=0.071 inHg|Local time: 0700|QC flag: low value|Image File: YorkFactory_USSS-314_M1958_1877-12-01_OBS-2.jpg
1877	12	30	14	00	0	2.10	|	orig=0.062 inHg|Local time: 1400|QC flag: low value|Image File: YorkFactory_USSS-314_M1958_1877-12-01_OBS-2.jpg
1877	12	30	21	00	0	2.37	|	orig=0.070 inHg|Local time: 2100|QC flag: low value|Image File: YorkFactory_USSS-314_M1958_1877-12-01_OBS-2.jpg
1877	12	31	07	00	0	2.84	|	orig=0.084 inHg|Local time: 0700|QC flag: low value|Image File: YorkFactory_USSS-314_M1958_1877-12-01_OBS-2.jpg
1877	12	31	14	00	0	3.83	|	orig=0.113 inHg|Local time: 1400|QC flag: low value|Image File: YorkFactory_USSS-314_M1958_1877-12-01_OBS-2.jpg
1877	12	31	21	00	0	1.22	|	orig=0.036 inHg|Local time: 2100|QC flag: low value|Image File: YorkFactory_USSS-314_M1958_1877-12-01_OBS-2.jpg
1878	01	01	07	00	0	0.47	|	orig=014 inHg|Local time: 0700|QC flag: low value|Image File: YorkFactory_USSS-314_M1958_1878-01-01_OBS-2.jpg
1878	01	01	14	00	0	0.51	|	orig=015 inHg|Local time: 1400|QC flag: low value|Image File: YorkFactory_USSS-314_M1958_1878-01-01_OBS-2.jpg
1878	01	01	21	00	0	0.47	|	orig=014 inHg|Local time: 2100|QC flag: low value|Image File: YorkFactory_USSS-314_M1958_1878-01-01_OBS-2.jpg
1878	01	02	07	00	0	-999	|	orig=" inHg|Local time: 0700|QC flag: missing|Image File: YorkFactory_USSS-314_M1958_1878-01-01_OBS-2.jpg
1878	01	02	14	00	0	0.44	|	orig=013 inHg|Local time: 1400|QC flag: low value|Image File: YorkFactory_USSS-314_M1958_1878-01-01_OBS-2.jpg
1878	01	02	21	00	0	-999	|	orig=" inHg|Local time: 2100|QC flag: missing|Image File: YorkFactory_USSS-314_M1958_1878-01-01_OBS-2.jpg
1878	01	03	07	00	0	-999	|	orig=" inHg|Local time: 0700|QC flag: missing|Image File: YorkFactory_USSS-314_M1958_1878-01-01_OBS-2.jpg
1878	01	03	14	00	0	-999	|	orig=" inHg|Local time: 1400|QC flag: missing|Image File: YorkFactory_USSS-314_M1958_1878-01-01_OBS-2.jpg
1878	01	03	21	00	0	-999	|	orig=" inHg|Local time: 2100|QC flag: missing|Image File: YorkFactory_USSS-314_M1958_1878-01-01_OBS-2.jpg
1878	01	04	07	00	0	-999	|	orig=" inHg|Local time: 0700|QC flag: missing|Image File: YorkFactory_USSS-314_M1958_1878-01-01_OBS-2.jpg
1878	01	04	14	00	0	-999	|	orig=" inHg|Local time: 1400|QC flag: missing|Image File: YorkFactory_USSS-314_M1958_1878-01-01_OBS-2.jpg
1878	01	04	21	00	0	-999	|	orig=" inHg|Local time: 2100|QC flag: missing|Image File: YorkFactory_USSS-314_M1958_1878-01-01_OBS-2.jpg
1878	01	05	07	00	0	-999	|	orig=" inHg|Local time: 0700|QC flag: missing|Image File: YorkFactory_USSS-314_M1958_1878-01-01_OBS-2.jpg
1878	01	05	14	00	0	-999	|	orig=" inHg|Local time: 1400|QC flag: missing|Image File: YorkFactory_USSS-314_M1958_1878-01-01_OBS-2.jpg
1878	01	05	21	00	0	-999	|	orig=" inHg|Local time: 2100|QC flag: missing|Image File: YorkFactory_USSS-314_M1958_1878-01-01_OBS-2.jpg
1878	01	06	07	00	0	-999	|	orig=" inHg|Local time: 0700|QC flag: missing|Image File: YorkFactory_USSS-314_M1958_1878-01-01_OBS-2.jpg
1878	01	06	14	00	0	-999	|	orig=" inHg|Local time: 1400|QC flag: missing|Image File: YorkFactory_USSS-314_M1958_1878-01-01_OBS-2.jpg
1878	01	06	21	00	0	-999	|	orig=" inHg|Local time: 2100|QC flag: missing|Image File: YorkFactory_USSS-314_M1958_1878-01-01_OBS-2.jpg
1878	01	07	07	00	0	-999	|	orig=" inHg|Local time: 0700|QC flag: missing|Image File: YorkFactory_USSS-314_M1958_1878-01-01_OBS-2.jpg
1878	01	07	14	00	0	0.64	|	orig=019 inHg|Local time: 1400|QC flag: low value|Image File: YorkFactory_USSS-314_M1958_1878-01-01_OBS-2.jpg
1878	01	07	21	00	0	0.68	|	orig=020 inHg|Local time: 2100|QC flag: low value|Image File: YorkFactory_USSS-314_M1958_1878-01-01_OBS-2.jpg
1878	01	08	07	00	0	0.51	|	orig=015 inHg|Local time: 0700|QC flag: low value|Image File: YorkFactory_USSS-314_M1958_1878-01-01_OBS-2.jpg
1878	01	08	14	00	0	1.02	|	orig=030 inHg|Local time: 1400|QC flag: low value|Image File: YorkFactory_USSS-314_M1958_1878-01-01_OBS-2.jpg
1878	01	08	21	00	0	0.75	|	orig=022 inHg|Local time: 2100|QC flag: low value|Image File: YorkFactory_USSS-314_M1958_1878-01-01_OBS-2.jpg
1878	01	09	07	00	0	0.41	|	orig=012 inHg|Local time: 0700|QC flag: low value|Image File: YorkFactory_USSS-314_M1958_1878-01-01_OBS-2.jpg
1878	01	09	14	00	0	0.68	|	orig=020 inHg|Local time: 1400|QC flag: low value|Image File: YorkFactory_USSS-314_M1958_1878-01-01_OBS-2.jpg
1878	01	09	21	00	0	0.81	|	orig=024 inHg|Local time: 2100|QC flag: low value|Image File: YorkFactory_USSS-314_M1958_1878-01-01_OBS-2.jpg
1878	01	10	07	00	0	-999	|	orig=" inHg|Local time: 0700|QC flag: missing|Image File: YorkFactory_USSS-314_M1958_1878-01-01_OBS-2.jpg
1878	01	10	14	00	0	1.25	|	orig=037 inHg|Local time: 1400|QC flag: low value|Image File: YorkFactory_USSS-314_M1958_1878-01-01_OBS-2.jpg
1878	01	10	21	00	0	0.91	|	orig=027 inHg|Local time: 2100|QC flag: low value|Image File: YorkFactory_USSS-314_M1958_1878-01-01_OBS-2.jpg
1878	01	11	07	00	0	2.13	|	orig=063 inHg|Local time: 0700|QC flag: low value|Image File: YorkFactory_USSS-314_M1958_1878-01-01_OBS-2.jpg
1878	01	11	14	00	0	3.12	|	orig=092 inHg|Local time: 1400|QC flag: low value|Image File: YorkFactory_USSS-314_M1958_1878-01-01_OBS-2.jpg
1878	01	11	21	00	0	2.78	|	orig=082 inHg|Local time: 2100|QC flag: low value|Image File: YorkFactory_USSS-314_M1958_1878-01-01_OBS-2.jpg
1878	01	12	07	00	0	1.93	|	orig=057 inHg|Local time: 0700|QC flag: low value|Image File: YorkFactory_USSS-314_M1958_1878-01-01_OBS-2.jpg
1878	01	12	14	00	0	1.52	|	orig=045 inHg|Local time: 1400|QC flag: low value|Image File: YorkFactory_USSS-314_M1958_1878-01-01_OBS-2.jpg
1878	01	12	21	00	0	1.02	|	orig=030 inHg|Local time: 2100|QC flag: low value|Image File: YorkFactory_USSS-314_M1958_1878-01-01_OBS-2.jpg
1878	01	13	07	00	0	2.64	|	orig=078 inHg|Local time: 0700|QC flag: low value|Image File: YorkFactory_USSS-314_M1958_1878-01-01_OBS-2.jpg
1878	01	13	14	00	0	3.52	|	orig=104 inHg|Local time: 1400|QC flag: low value|Image File: YorkFactory_USSS-314_M1958_1878-01-01_OBS-2.jpg
1878	01	13	21	00	0	2.57	|	orig=076 inHg|Local time: 2100|QC flag: low value|Image File: YorkFactory_USSS-314_M1958_1878-01-01_OBS-2.jpg
1878	01	14	07	00	0	1.22	|	orig=036 inHg|Local time: 0700|QC flag: low value|Image File: YorkFactory_USSS-314_M1958_1878-01-01_OBS-2.jpg
1878	01	14	14	00	0	1.08	|	orig=032 inHg|Local time: 1400|QC flag: low value|Image File: YorkFactory_USSS-314_M1958_1878-01-01_OBS-2.jpg
1878	01	14	21	00	0	0.88	|	orig=026 inHg|Local time: 2100|QC flag: low value|Image File: YorkFactory_USSS-314_M1958_1878-01-01_OBS-2.jpg
1878	01	15	07	00	0	-999	|	orig=" inHg|Local time: 0700|QC flag: missing|Image File: YorkFactory_USSS-314_M1958_1878-01-01_OBS-2.jpg
1878	01	15	14	00	0	0.47	|	orig=014 inHg|Local time: 1400|QC flag: low value|Image File: YorkFactory_USSS-314_M1958_1878-01-01_OBS-2.jpg
1878	01	15	21	00	0	0.41	|	orig=012 inHg|Local time: 2100|QC flag: low value|Image File: YorkFactory_USSS-314_M1958_1878-01-01_OBS-2.jpg
1878	01	16	07	00	0	0.47	|	orig=014 inHg|Local time: 0700|QC flag: low value|Image File: YorkFactory_USSS-314_M1958_1878-01-01_OBS-2.jpg
1878	01	16	14	00	0	0.71	|	orig=021 inHg|Local time: 1400|QC flag: low value|Image File: YorkFactory_USSS-314_M1958_1878-01-01_OBS-2.jpg
1878	01	16	21	00	0	1.02	|	orig=030 inHg|Local time: 2100|QC flag: low value|Image File: YorkFactory_USSS-314_M1958_1878-01-01_OBS-2.jpg
1878	01	17	07	00	0	1.08	|	orig=032 inHg|Local time: 0700|QC flag: low value|Image File: YorkFactory_USSS-314_M1958_1878-01-01_OBS-2.jpg
1878	01	17	14	00	0	1.35	|	orig=040 inHg|Local time: 1400|QC flag: low value|Image File: YorkFactory_USSS-314_M1958_1878-01-01_OBS-2.jpg
1878	01	17	21	00	0	1.25	|	orig=037 inHg|Local time: 2100|QC flag: low value|Image File: YorkFactory_USSS-314_M1958_1878-01-01_OBS-2.jpg
1878	01	18	07	00	0	3.45	|	orig=102 inHg|Local time: 0700|QC flag: low value|Image File: YorkFactory_USSS-314_M1958_1878-01-01_OBS-2.jpg
1878	01	18	14	00	0	3.89	|	orig=115 inHg|Local time: 1400|QC flag: low value|Image File: YorkFactory_USSS-314_M1958_1878-01-01_OBS-2.jpg
1878	01	18	21	00	0	3.52	|	orig=104 inHg|Local time: 2100|QC flag: low value|Image File: YorkFactory_USSS-314_M1958_1878-01-01_OBS-2.jpg
1878	01	19	07	00	0	2.84	|	orig=084 inHg|Local time: 0700|QC flag: low value|Image File: YorkFactory_USSS-314_M1958_1878-01-01_OBS-2.jpg
1878	01	19	14	00	0	3.15	|	orig=093 inHg|Local time: 1400|QC flag: low value|Image File: YorkFactory_USSS-314_M1958_1878-01-01_OBS-2.jpg
1878	01	19	21	00	0	2.00	|	orig=059 inHg|Local time: 2100|QC flag: low value|Image File: YorkFactory_USSS-314_M1958_1878-01-01_OBS-2.jpg
1878	01	20	07	00	0	1.42	|	orig=042 inHg|Local time: 0700|QC flag: low value|Image File: YorkFactory_USSS-314_M1958_1878-01-01_OBS-2.jpg
1878	01	20	14	00	0	3.52	|	orig=104 inHg|Local time: 1400|QC flag: low value|Image File: YorkFactory_USSS-314_M1958_1878-01-01_OBS-2.jpg
1878	01	20	21	00	0	4.06	|	orig=120 inHg|Local time: 2100|QC flag: low value|Image File: YorkFactory_USSS-314_M1958_1878-01-01_OBS-2.jpg
1878	01	21	07	00	0	1.32	|	orig=039 inHg|Local time: 0700|QC flag: low value|Image File: YorkFactory_USSS-314_M1958_1878-01-01_OBS-2.jpg
1878	01	21	14	00	0	1.02	|	orig=030 inHg|Local time: 1400|QC flag: low value|Image File: YorkFactory_USSS-314_M1958_1878-01-01_OBS-2.jpg
1878	01	21	21	00	0	0.68	|	orig=020 inHg|Local time: 2100|QC flag: low value|Image File: YorkFactory_USSS-314_M1958_1878-01-01_OBS-2.jpg
1878	01	22	07	00	0	-999	|	orig=" inHg|Local time: 0700|QC flag: missing|Image File: YorkFactory_USSS-314_M1958_1878-01-01_OBS-2.jpg
1878	01	22	14	00	0	0.47	|	orig=014 inHg|Local time: 1400|QC flag: low value|Image File: YorkFactory_USSS-314_M1958_1878-01-01_OBS-2.jpg
1878	01	22	21	00	0	-999	|	orig=" inHg|Local time: 2100|QC flag: missing|Image File: YorkFactory_USSS-314_M1958_1878-01-01_OBS-2.jpg
1878	01	23	07	00	0	0.85	|	orig=025 inHg|Local time: 0700|QC flag: low value|Image File: YorkFactory_USSS-314_M1958_1878-01-01_OBS-2.jpg
1878	01	23	14	00	0	1.08	|	orig=032 inHg|Local time: 1400|QC flag: low value|Image File: YorkFactory_USSS-314_M1958_1878-01-01_OBS-2.jpg
1878	01	23	21	00	0	-999	|	orig=" inHg|Local time: 2100|QC flag: missing|Image File: YorkFactory_USSS-314_M1958_1878-01-01_OBS-2.jpg
1878	01	24	07	00	0	-999	|	orig=" inHg|Local time: 0700|QC flag: missing|Image File: YorkFactory_USSS-314_M1958_1878-01-01_OBS-2.jpg
1878	01	24	14	00	0	0.34	|	orig=010 inHg|Local time: 1400|QC flag: low value|Image File: YorkFactory_USSS-314_M1958_1878-01-01_OBS-2.jpg
1878	01	24	21	00	0	0.58	|	orig=017 inHg|Local time: 2100|QC flag: low value|Image File: YorkFactory_USSS-314_M1958_1878-01-01_OBS-2.jpg
1878	01	25	07	00	0	0.47	|	orig=014 inHg|Local time: 0700|QC flag: low value|Image File: YorkFactory_USSS-314_M1958_1878-01-01_OBS-2.jpg
1878	01	25	14	00	0	0.64	|	orig=019 inHg|Local time: 1400|QC flag: low value|Image File: YorkFactory_USSS-314_M1958_1878-01-01_OBS-2.jpg
1878	01	25	21	00	0	0.61	|	orig=018 inHg|Local time: 2100|QC flag: low value|Image File: YorkFactory_USSS-314_M1958_1878-01-01_OBS-2.jpg
1878	01	26	07	00	0	0.51	|	orig=015 inHg|Local time: 0700|QC flag: low value|Image File: YorkFactory_USSS-314_M1958_1878-01-01_OBS-2.jpg
1878	01	26	14	00	0	0.68	|	orig=020 inHg|Local time: 1400|QC flag: low value|Image File: YorkFactory_USSS-314_M1958_1878-01-01_OBS-2.jpg
1878	01	26	21	00	0	0.64	|	orig=019 inHg|Local time: 2100|QC flag: low value|Image File: YorkFactory_USSS-314_M1958_1878-01-01_OBS-2.jpg
1878	01	27	07	00	0	-999	|	orig=" inHg|Local time: 0700|QC flag: missing|Image File: YorkFactory_USSS-314_M1958_1878-01-01_OBS-2.jpg
1878	01	27	14	00	0	0.47	|	orig=014 inHg|Local time: 1400|QC flag: low value|Image File: YorkFactory_USSS-314_M1958_1878-01-01_OBS-2.jpg
1878	01	27	21	00	0	-999	|	orig=" inHg|Local time: 2100|QC flag: missing|Image File: YorkFactory_USSS-314_M1958_1878-01-01_OBS-2.jpg
1878	01	28	07	00	0	-999	|	orig=" inHg|Local time: 0700|QC flag: missing|Image File: YorkFactory_USSS-314_M1958_1878-01-01_OBS-2.jpg
1878	01	28	14	00	0	1.02	|	orig=030 inHg|Local time: 1400|QC flag: low value|Image File: YorkFactory_USSS-314_M1958_1878-01-01_OBS-2.jpg
1878	01	28	21	00	0	1.15	|	orig=034 inHg|Local time: 2100|QC flag: low value|Image File: YorkFactory_USSS-314_M1958_1878-01-01_OBS-2.jpg
1878	01	29	07	00	0	1.96	|	orig=058 inHg|Local time: 0700|QC flag: low value|Image File: YorkFactory_USSS-314_M1958_1878-01-01_OBS-2.jpg
1878	01	29	14	00	0	2.98	|	orig=088 inHg|Local time: 1400|QC flag: low value|Image File: YorkFactory_USSS-314_M1958_1878-01-01_OBS-2.jpg
1878	01	29	21	00	0	2.78	|	orig=082 inHg|Local time: 2100|QC flag: low value|Image File: YorkFactory_USSS-314_M1958_1878-01-01_OBS-2.jpg
1878	01	30	07	00	0	2.34	|	orig=069 inHg|Local time: 0700|QC flag: low value|Image File: YorkFactory_USSS-314_M1958_1878-01-01_OBS-2.jpg
1878	01	30	14	00	0	2.57	|	orig=076 inHg|Local time: 1400|QC flag: low value|Image File: YorkFactory_USSS-314_M1958_1878-01-01_OBS-2.jpg
1878	01	30	21	00	0	2.84	|	orig=084 inHg|Local time: 2100|QC flag: low value|Image File: YorkFactory_USSS-314_M1958_1878-01-01_OBS-2.jpg
1878	01	31	07	00	0	2.57	|	orig=076 inHg|Local time: 0700|QC flag: low value|Image File: YorkFactory_USSS-314_M1958_1878-01-01_OBS-2.jpg
1878	01	31	14	00	0	3.15	|	orig=093 inHg|Local time: 1400|QC flag: low value|Image File: YorkFactory_USSS-314_M1958_1878-01-01_OBS-2.jpg
1878	01	31	21	00	0	2.84	|	orig=084 inHg|Local time: 2100|QC flag: low value|Image File: YorkFactory_USSS-314_M1958_1878-01-01_OBS-2.jpg
1878	02	01	07	00	0	2.64	|	orig=078 inHg|Local time: 0700|QC flag: low value|Image File: YorkFactory_USSS-314_M1958_1878-02-01_OBS-2.jpg
1878	02	01	14	00	0	2.78	|	orig=082 inHg|Local time: 1400|QC flag: low value|Image File: YorkFactory_USSS-314_M1958_1878-02-01_OBS-2.jpg
1878	02	01	21	00	0	2.84	|	orig=084 inHg|Local time: 2100|QC flag: low value|Image File: YorkFactory_USSS-314_M1958_1878-02-01_OBS-2.jpg
1878	02	02	07	00	0	2.64	|	orig=078 inHg|Local time: 0700|QC flag: low value|Image File: YorkFactory_USSS-314_M1958_1878-02-01_OBS-2.jpg
1878	02	02	14	00	0	2.84	|	orig=084 inHg|Local time: 1400|QC flag: low value|Image File: YorkFactory_USSS-314_M1958_1878-02-01_OBS-2.jpg
1878	02	02	21	00	0	2.91	|	orig=086 inHg|Local time: 2100|QC flag: low value|Image File: YorkFactory_USSS-314_M1958_1878-02-01_OBS-2.jpg
1878	02	03	07	00	0	4.00	|	orig=0.118 inHg|Local time: 0700|QC flag: low value|Image File: YorkFactory_USSS-314_M1958_1878-02-01_OBS-2.jpg
1878	02	03	14	00	0	3.22	|	orig=095 inHg|Local time: 1400|QC flag: low value|Image File: YorkFactory_USSS-314_M1958_1878-02-01_OBS-2.jpg
1878	02	03	21	00	0	2.78	|	orig=082 inHg|Local time: 2100|QC flag: low value|Image File: YorkFactory_USSS-314_M1958_1878-02-01_OBS-2.jpg
1878	02	04	07	00	0	2.64	|	orig=078 inHg|Local time: 0700|QC flag: low value|Image File: YorkFactory_USSS-314_M1958_1878-02-01_OBS-2.jpg
1878	02	04	14	00	0	2.91	|	orig=086 inHg|Local time: 1400|QC flag: low value|Image File: YorkFactory_USSS-314_M1958_1878-02-01_OBS-2.jpg
1878	02	04	21	00	0	2.51	|	orig=074 inHg|Local time: 2100|QC flag: low value|Image File: YorkFactory_USSS-314_M1958_1878-02-01_OBS-2.jpg
1878	02	05	07	00	0	2.57	|	orig=076 inHg|Local time: 0700|QC flag: low value|Image File: YorkFactory_USSS-314_M1958_1878-02-01_OBS-2.jpg
1878	02	05	14	00	0	2.00	|	orig=059 inHg|Local time: 1400|QC flag: low value|Image File: YorkFactory_USSS-314_M1958_1878-02-01_OBS-2.jpg
1878	02	05	21	00	0	1.32	|	orig=039 inHg|Local time: 2100|QC flag: low value|Image File: YorkFactory_USSS-314_M1958_1878-02-01_OBS-2.jpg
1878	02	06	07	00	0	1.25	|	orig=037 inHg|Local time: 0700|QC flag: low value|Image File: YorkFactory_USSS-314_M1958_1878-02-01_OBS-2.jpg
1878	02	06	14	00	0	2.24	|	orig=066 inHg|Local time: 1400|QC flag: low value|Image File: YorkFactory_USSS-314_M1958_1878-02-01_OBS-2.jpg
1878	02	06	21	00	0	1.86	|	orig=055 inHg|Local time: 2100|QC flag: low value|Image File: YorkFactory_USSS-314_M1958_1878-02-01_OBS-2.jpg
1878	02	07	07	00	0	1.02	|	orig=030 inHg|Local time: 0700|QC flag: low value|Image File: YorkFactory_USSS-314_M1958_1878-02-01_OBS-2.jpg
1878	02	07	14	00	0	0.81	|	orig=024 inHg|Local time: 1400|QC flag: low value|Image File: YorkFactory_USSS-314_M1958_1878-02-01_OBS-2.jpg
1878	02	07	21	00	0	0.58	|	orig=017 inHg|Local time: 2100|QC flag: low value|Image File: YorkFactory_USSS-314_M1958_1878-02-01_OBS-2.jpg
1878	02	08	07	00	0	-999	|	orig=" inHg|Local time: 0700|QC flag: missing|Image File: YorkFactory_USSS-314_M1958_1878-02-01_OBS-2.jpg
1878	02	08	14	00	0	0.51	|	orig=015 inHg|Local time: 1400|QC flag: low value|Image File: YorkFactory_USSS-314_M1958_1878-02-01_OBS-2.jpg
1878	02	08	21	00	0	0.47	|	orig=014 inHg|Local time: 2100|QC flag: low value|Image File: YorkFactory_USSS-314_M1958_1878-02-01_OBS-2.jpg
1878	02	09	07	00	0	-999	|	orig=" inHg|Local time: 0700|QC flag: missing|Image File: YorkFactory_USSS-314_M1958_1878-02-01_OBS-2.jpg
1878	02	09	14	00	0	0.58	|	orig=017 inHg|Local time: 1400|QC flag: low value|Image File: YorkFactory_USSS-314_M1958_1878-02-01_OBS-2.jpg
1878	02	09	21	00	0	0.81	|	orig=024 inHg|Local time: 2100|QC flag: low value|Image File: YorkFactory_USSS-314_M1958_1878-02-01_OBS-2.jpg
1878	02	10	07	00	0	-999	|	orig=" inHg|Local time: 0700|QC flag: missing|Image File: YorkFactory_USSS-314_M1958_1878-02-01_OBS-2.jpg
1878	02	10	14	00	0	0.85	|	orig=025 inHg|Local time: 1400|QC flag: low value|Image File: YorkFactory_USSS-314_M1958_1878-02-01_OBS-2.jpg
1878	02	10	21	00	0	0.78	|	orig=023 inHg|Local time: 2100|QC flag: low value|Image File: YorkFactory_USSS-314_M1958_1878-02-01_OBS-2.jpg
1878	02	11	07	00	0	0.54	|	orig=016 inHg|Local time: 0700|QC flag: low value|Image File: YorkFactory_USSS-314_M1958_1878-02-01_OBS-2.jpg
1878	02	11	14	00	0	0.68	|	orig=020 inHg|Local time: 1400|QC flag: low value|Image File: YorkFactory_USSS-314_M1958_1878-02-01_OBS-2.jpg
1878	02	11	21	00	0	1.52	|	orig=045 inHg|Local time: 2100|QC flag: low value|Image File: YorkFactory_USSS-314_M1958_1878-02-01_OBS-2.jpg
1878	02	12	07	00	0	1.69	|	orig=050 inHg|Local time: 0700|QC flag: low value|Image File: YorkFactory_USSS-314_M1958_1878-02-01_OBS-2.jpg
1878	02	12	14	00	0	3.39	|	orig=100 inHg|Local time: 1400|QC flag: low value|Image File: YorkFactory_USSS-314_M1958_1878-02-01_OBS-2.jpg
1878	02	12	21	00	0	3.18	|	orig=094 inHg|Local time: 2100|QC flag: low value|Image File: YorkFactory_USSS-314_M1958_1878-02-01_OBS-2.jpg
1878	02	13	07	00	0	1.49	|	orig=044 inHg|Local time: 0700|QC flag: low value|Image File: YorkFactory_USSS-314_M1958_1878-02-01_OBS-2.jpg
1878	02	13	14	00	0	1.22	|	orig=036 inHg|Local time: 1400|QC flag: low value|Image File: YorkFactory_USSS-314_M1958_1878-02-01_OBS-2.jpg
1878	02	13	21	00	0	1.02	|	orig=030 inHg|Local time: 2100|QC flag: low value|Image File: YorkFactory_USSS-314_M1958_1878-02-01_OBS-2.jpg
1878	02	14	07	00	0	-999	|	orig=" inHg|Local time: 0700|QC flag: missing|Image File: YorkFactory_USSS-314_M1958_1878-02-01_OBS-2.jpg
1878	02	14	14	00	0	0.51	|	orig=015 inHg|Local time: 1400|QC flag: low value|Image File: YorkFactory_USSS-314_M1958_1878-02-01_OBS-2.jpg
1878	02	14	21	00	0	0.64	|	orig=019 inHg|Local time: 2100|QC flag: low value|Image File: YorkFactory_USSS-314_M1958_1878-02-01_OBS-2.jpg
1878	02	15	07	00	0	1.19	|	orig=035 inHg|Local time: 0700|QC flag: low value|Image File: YorkFactory_USSS-314_M1958_1878-02-01_OBS-2.jpg
1878	02	15	14	00	0	2.10	|	orig=062 inHg|Local time: 1400|QC flag: low value|Image File: YorkFactory_USSS-314_M1958_1878-02-01_OBS-2.jpg
1878	02	15	21	00	0	2.64	|	orig=078 inHg|Local time: 2100|QC flag: low value|Image File: YorkFactory_USSS-314_M1958_1878-02-01_OBS-2.jpg
1878	02	16	07	00	0	1.42	|	orig=042 inHg|Local time: 0700|QC flag: low value|Image File: YorkFactory_USSS-314_M1958_1878-02-01_OBS-2.jpg
1878	02	16	14	00	0	0.81	|	orig=024 inHg|Local time: 1400|QC flag: low value|Image File: YorkFactory_USSS-314_M1958_1878-02-01_OBS-2.jpg
1878	02	16	21	00	0	0.47	|	orig=014 inHg|Local time: 2100|QC flag: low value|Image File: YorkFactory_USSS-314_M1958_1878-02-01_OBS-2.jpg
1878	02	17	07	00	0	-999	|	orig=" inHg|Local time: 0700|QC flag: missing|Image File: YorkFactory_USSS-314_M1958_1878-02-01_OBS-2.jpg
1878	02	17	14	00	0	0.41	|	orig=012 inHg|Local time: 1400|QC flag: low value|Image File: YorkFactory_USSS-314_M1958_1878-02-01_OBS-2.jpg
1878	02	17	21	00	0	0.71	|	orig=021 inHg|Local time: 2100|QC flag: low value|Image File: YorkFactory_USSS-314_M1958_1878-02-01_OBS-2.jpg
1878	02	18	07	00	0	0.85	|	orig=025 inHg|Local time: 0700|QC flag: low value|Image File: YorkFactory_USSS-314_M1958_1878-02-01_OBS-2.jpg
1878	02	18	14	00	0	1.15	|	orig=034 inHg|Local time: 1400|QC flag: low value|Image File: YorkFactory_USSS-314_M1958_1878-02-01_OBS-2.jpg
1878	02	18	21	00	0	1.08	|	orig=032 inHg|Local time: 2100|QC flag: low value|Image File: YorkFactory_USSS-314_M1958_1878-02-01_OBS-2.jpg
1878	02	19	07	00	0	0.78	|	orig=023 inHg|Local time: 0700|QC flag: low value|Image File: YorkFactory_USSS-314_M1958_1878-02-01_OBS-2.jpg
1878	02	19	14	00	0	1.59	|	orig=047 inHg|Local time: 1400|QC flag: low value|Image File: YorkFactory_USSS-314_M1958_1878-02-01_OBS-2.jpg
1878	02	19	21	00	0	1.56	|	orig=046 inHg|Local time: 2100|QC flag: low value|Image File: YorkFactory_USSS-314_M1958_1878-02-01_OBS-2.jpg
1878	02	20	07	00	0	1.59	|	orig=047 inHg|Local time: 0700|QC flag: low value|Image File: YorkFactory_USSS-314_M1958_1878-02-01_OBS-2.jpg
1878	02	20	14	00	0	2.24	|	orig=066 inHg|Local time: 1400|QC flag: low value|Image File: YorkFactory_USSS-314_M1958_1878-02-01_OBS-2.jpg
1878	02	20	21	00	0	2.51	|	orig=074 inHg|Local time: 2100|QC flag: low value|Image File: YorkFactory_USSS-314_M1958_1878-02-01_OBS-2.jpg
1878	02	21	07	00	0	1.96	|	orig=058 inHg|Local time: 0700|QC flag: low value|Image File: YorkFactory_USSS-314_M1958_1878-02-01_OBS-2.jpg
1878	02	21	14	00	0	4.88	|	orig=144 inHg|Local time: 1400|QC flag: low value|Image File: YorkFactory_USSS-314_M1958_1878-02-01_OBS-2.jpg
1878	02	21	21	00	0	4.00	|	orig=0.118 inHg|Local time: 2100|QC flag: low value|Image File: YorkFactory_USSS-314_M1958_1878-02-01_OBS-2.jpg
1878	02	22	07	00	0	2.84	|	orig=084 inHg|Local time: 0700|QC flag: low value|Image File: YorkFactory_USSS-314_M1958_1878-02-01_OBS-2.jpg
1878	02	22	14	00	0	2.91	|	orig=086 inHg|Local time: 1400|QC flag: low value|Image File: YorkFactory_USSS-314_M1958_1878-02-01_OBS-2.jpg
1878	02	22	21	00	0	2.00	|	orig=059 inHg|Local time: 2100|QC flag: low value|Image File: YorkFactory_USSS-314_M1958_1878-02-01_OBS-2.jpg
1878	02	23	07	00	0	1.35	|	orig=040 inHg|Local time: 0700|QC flag: low value|Image File: YorkFactory_USSS-314_M1958_1878-02-01_OBS-2.jpg
1878	02	23	14	00	0	1.69	|	orig=050 inHg|Local time: 1400|QC flag: low value|Image File: YorkFactory_USSS-314_M1958_1878-02-01_OBS-2.jpg
1878	02	23	21	00	0	1.49	|	orig=044 inHg|Local time: 2100|QC flag: low value|Image File: YorkFactory_USSS-314_M1958_1878-02-01_OBS-2.jpg
1878	02	24	07	00	0	1.93	|	orig=057 inHg|Local time: 0700|QC flag: low value|Image File: YorkFactory_USSS-314_M1958_1878-02-01_OBS-2.jpg
1878	02	24	14	00	0	4.61	|	orig=136 inHg|Local time: 1400|QC flag: low value|Image File: YorkFactory_USSS-314_M1958_1878-02-01_OBS-2.jpg
1878	02	24	21	00	0	3.89	|	orig=115 inHg|Local time: 2100|QC flag: low value|Image File: YorkFactory_USSS-314_M1958_1878-02-01_OBS-2.jpg
1878	02	25	07	00	0	3.52	|	orig=104 inHg|Local time: 0700|QC flag: low value|Image File: YorkFactory_USSS-314_M1958_1878-02-01_OBS-2.jpg
1878	02	25	14	00	0	6.74	|	orig=199 inHg|Local time: 1400|QC flag: low value|Image File: YorkFactory_USSS-314_M1958_1878-02-01_OBS-2.jpg
1878	02	25	21	00	0	5.93	|	orig=175 inHg|Local time: 2100|QC flag: low value|Image File: YorkFactory_USSS-314_M1958_1878-02-01_OBS-2.jpg
1878	02	26	07	00	0	5.45	|	orig=161 inHg|Local time: 0700|QC flag: low value|Image File: YorkFactory_USSS-314_M1958_1878-02-01_OBS-2.jpg
1878	02	26	14	00	0	5.01	|	orig=148 inHg|Local time: 1400|QC flag: low value|Image File: YorkFactory_USSS-314_M1958_1878-02-01_OBS-2.jpg
1878	02	26	21	00	0	1.86	|	orig=055 inHg|Local time: 2100|QC flag: low value|Image File: YorkFactory_USSS-314_M1958_1878-02-01_OBS-2.jpg
1878	02	27	07	00	0	0.61	|	orig=018 inHg|Local time: 0700|QC flag: low value|Image File: YorkFactory_USSS-314_M1958_1878-02-01_OBS-2.jpg
1878	02	27	14	00	0	0.75	|	orig=022 inHg|Local time: 1400|QC flag: low value|Image File: YorkFactory_USSS-314_M1958_1878-02-01_OBS-2.jpg
1878	02	27	21	00	0	-999	|	orig=" inHg|Local time: 2100|QC flag: missing|Image File: YorkFactory_USSS-314_M1958_1878-02-01_OBS-2.jpg
1878	02	28	07	00	0	-999	|	orig=" inHg|Local time: 0700|QC flag: missing|Image File: YorkFactory_USSS-314_M1958_1878-02-01_OBS-2.jpg
1878	02	28	14	00	0	0.81	|	orig=024 inHg|Local time: 1400|QC flag: low value|Image File: YorkFactory_USSS-314_M1958_1878-02-01_OBS-2.jpg
1878	02	28	21	00	0	1.02	|	orig=030 inHg|Local time: 2100|QC flag: low value|Image File: YorkFactory_USSS-314_M1958_1878-02-01_OBS-2.jpg
1878	03	01	07	00	0	1.05	|	orig=0.031 inHg|Local time: 0700|QC flag: low value|Image File: YorkFactory_USSS-314_M1958_1878-03-01_OBS-2.jpg
1878	03	01	14	00	0	1.73	|	orig=0.051 inHg|Local time: 1400|QC flag: low value|Image File: YorkFactory_USSS-314_M1958_1878-03-01_OBS-2.jpg
1878	03	01	21	00	0	0.81	|	orig=0.024 inHg|Local time: 2100|QC flag: low value|Image File: YorkFactory_USSS-314_M1958_1878-03-01_OBS-2.jpg
1878	03	02	07	00	0	0.51	|	orig=0.015 inHg|Local time: 0700|QC flag: low value|Image File: YorkFactory_USSS-314_M1958_1878-03-01_OBS-2.jpg
1878	03	02	14	00	0	1.35	|	orig=0.040 inHg|Local time: 1400|QC flag: low value|Image File: YorkFactory_USSS-314_M1958_1878-03-01_OBS-2.jpg
1878	03	02	21	00	0	0.98	|	orig=0.029 inHg|Local time: 2100|QC flag: low value|Image File: YorkFactory_USSS-314_M1958_1878-03-01_OBS-2.jpg
1878	03	03	07	00	0	1.39	|	orig=0.041 inHg|Local time: 0700|QC flag: low value|Image File: YorkFactory_USSS-314_M1958_1878-03-01_OBS-2.jpg
1878	03	03	14	00	0	1.52	|	orig=0.045 inHg|Local time: 1400|QC flag: low value|Image File: YorkFactory_USSS-314_M1958_1878-03-01_OBS-2.jpg
1878	03	03	21	00	0	1.56	|	orig=0.046 inHg|Local time: 2100|QC flag: low value|Image File: YorkFactory_USSS-314_M1958_1878-03-01_OBS-2.jpg
1878	03	04	07	00	0	1.63	|	orig=0.048 inHg|Local time: 0700|QC flag: low value|Image File: YorkFactory_USSS-314_M1958_1878-03-01_OBS-2.jpg
1878	03	04	14	00	0	1.66	|	orig=0.049 inHg|Local time: 1400|QC flag: low value|Image File: YorkFactory_USSS-314_M1958_1878-03-01_OBS-2.jpg
1878	03	04	21	00	0	0.98	|	orig=0.029 inHg|Local time: 2100|QC flag: low value|Image File: YorkFactory_USSS-314_M1958_1878-03-01_OBS-2.jpg
1878	03	05	07	00	0	0.61	|	orig=0.018 inHg|Local time: 0700|QC flag: low value|Image File: YorkFactory_USSS-314_M1958_1878-03-01_OBS-2.jpg
1878	03	05	14	00	0	1.76	|	orig=0.052 inHg|Local time: 1400|QC flag: low value|Image File: YorkFactory_USSS-314_M1958_1878-03-01_OBS-2.jpg
1878	03	05	21	00	0	1.59	|	orig=0.047 inHg|Local time: 2100|QC flag: low value|Image File: YorkFactory_USSS-314_M1958_1878-03-01_OBS-2.jpg
1878	03	06	07	00	0	1.05	|	orig=0.031 inHg|Local time: 0700|QC flag: low value|Image File: YorkFactory_USSS-314_M1958_1878-03-01_OBS-2.jpg
1878	03	06	14	00	0	1.39	|	orig=0.041 inHg|Local time: 1400|QC flag: low value|Image File: YorkFactory_USSS-314_M1958_1878-03-01_OBS-2.jpg
1878	03	06	21	00	0	0.78	|	orig=0.023 inHg|Local time: 2100|QC flag: low value|Image File: YorkFactory_USSS-314_M1958_1878-03-01_OBS-2.jpg
1878	03	07	07	00	0	0.61	|	orig=0.018 inHg|Local time: 0700|QC flag: low value|Image File: YorkFactory_USSS-314_M1958_1878-03-01_OBS-2.jpg
1878	03	07	14	00	0	1.12	|	orig=0.033 inHg|Local time: 1400|QC flag: low value|Image File: YorkFactory_USSS-314_M1958_1878-03-01_OBS-2.jpg
1878	03	07	21	00	0	1.02	|	orig=0.030 inHg|Local time: 2100|QC flag: low value|Image File: YorkFactory_USSS-314_M1958_1878-03-01_OBS-2.jpg
1878	03	08	07	00	0	1.22	|	orig=0.036 inHg|Local time: 0700|QC flag: low value|Image File: YorkFactory_USSS-314_M1958_1878-03-01_OBS-2.jpg
1878	03	08	14	00	0	1.69	|	orig=0.050 inHg|Local time: 1400|QC flag: low value|Image File: YorkFactory_USSS-314_M1958_1878-03-01_OBS-2.jpg
1878	03	08	21	00	0	1.29	|	orig=0.038 inHg|Local time: 2100|QC flag: low value|Image File: YorkFactory_USSS-314_M1958_1878-03-01_OBS-2.jpg
1878	03	09	07	00	0	2.71	|	orig=0.080 inHg|Local time: 0700|QC flag: low value|Image File: YorkFactory_USSS-314_M1958_1878-03-01_OBS-2.jpg
1878	03	09	14	00	0	4.00	|	orig=0.118 inHg|Local time: 1400|QC flag: low value|Image File: YorkFactory_USSS-314_M1958_1878-03-01_OBS-2.jpg
1878	03	09	21	00	0	2.98	|	orig=0.088 inHg|Local time: 2100|QC flag: low value|Image File: YorkFactory_USSS-314_M1958_1878-03-01_OBS-2.jpg
1878	03	10	07	00	0	1.56	|	orig=0.046 inHg|Local time: 0700|QC flag: low value|Image File: YorkFactory_USSS-314_M1958_1878-03-01_OBS-2.jpg
1878	03	10	14	00	0	4.37	|	orig=0.129 inHg|Local time: 1400|QC flag: low value|Image File: YorkFactory_USSS-314_M1958_1878-03-01_OBS-2.jpg
1878	03	10	21	00	0	3.15	|	orig=0.093 inHg|Local time: 2100|QC flag: low value|Image File: YorkFactory_USSS-314_M1958_1878-03-01_OBS-2.jpg
1878	03	11	07	00	0	2.44	|	orig=0.072 inHg|Local time: 0700|QC flag: low value|Image File: YorkFactory_USSS-314_M1958_1878-03-01_OBS-2.jpg
1878	03	11	14	00	0	4.47	|	orig=0.132 inHg|Local time: 1400|QC flag: low value|Image File: YorkFactory_USSS-314_M1958_1878-03-01_OBS-2.jpg
1878	03	11	21	00	0	2.71	|	orig=0.080 inHg|Local time: 2100|QC flag: low value|Image File: YorkFactory_USSS-314_M1958_1878-03-01_OBS-2.jpg
1878	03	12	07	00	0	2.24	|	orig=0.066 inHg|Local time: 0700|QC flag: low value|Image File: YorkFactory_USSS-314_M1958_1878-03-01_OBS-2.jpg
1878	03	12	14	00	0	3.69	|	orig=0.109 inHg|Local time: 1400|QC flag: low value|Image File: YorkFactory_USSS-314_M1958_1878-03-01_OBS-2.jpg
1878	03	12	21	00	0	2.64	|	orig=0.078 inHg|Local time: 2100|QC flag: low value|Image File: YorkFactory_USSS-314_M1958_1878-03-01_OBS-2.jpg
1878	03	13	07	00	0	2.03	|	orig=0.060 inHg|Local time: 0700|QC flag: low value|Image File: YorkFactory_USSS-314_M1958_1878-03-01_OBS-2.jpg
1878	03	13	14	00	0	3.62	|	orig=0.107 inHg|Local time: 1400|QC flag: low value|Image File: YorkFactory_USSS-314_M1958_1878-03-01_OBS-2.jpg
1878	03	13	21	00	0	2.91	|	orig=0.086 inHg|Local time: 2100|QC flag: low value|Image File: YorkFactory_USSS-314_M1958_1878-03-01_OBS-2.jpg
1878	03	14	07	00	0	3.22	|	orig=0.095 inHg|Local time: 0700|QC flag: low value|Image File: YorkFactory_USSS-314_M1958_1878-03-01_OBS-2.jpg
1878	03	14	14	00	0	5.69	|	orig=0.168 inHg|Local time: 1400|QC flag: low value|Image File: YorkFactory_USSS-314_M1958_1878-03-01_OBS-2.jpg
1878	03	14	21	00	0	3.69	|	orig=0.109 inHg|Local time: 2100|QC flag: low value|Image File: YorkFactory_USSS-314_M1958_1878-03-01_OBS-2.jpg
1878	03	15	07	00	0	3.18	|	orig=0.094 inHg|Local time: 0700|QC flag: low value|Image File: YorkFactory_USSS-314_M1958_1878-03-01_OBS-2.jpg
1878	03	15	14	00	0	4.17	|	orig=0.123 inHg|Local time: 1400|QC flag: low value|Image File: YorkFactory_USSS-314_M1958_1878-03-01_OBS-2.jpg
1878	03	15	21	00	0	2.71	|	orig=0.080 inHg|Local time: 2100|QC flag: low value|Image File: YorkFactory_USSS-314_M1958_1878-03-01_OBS-2.jpg
1878	03	16	07	00	0	1.90	|	orig=0.056 inHg|Local time: 0700|QC flag: low value|Image File: YorkFactory_USSS-314_M1958_1878-03-01_OBS-2.jpg
1878	03	16	14	00	0	3.62	|	orig=0.107 inHg|Local time: 1400|QC flag: low value|Image File: YorkFactory_USSS-314_M1958_1878-03-01_OBS-2.jpg
1878	03	16	21	00	0	3.15	|	orig=0.093 inHg|Local time: 2100|QC flag: low value|Image File: YorkFactory_USSS-314_M1958_1878-03-01_OBS-2.jpg
1878	03	17	07	00	0	0.98	|	orig=0.029 inHg|Local time: 0700|QC flag: low value|Image File: YorkFactory_USSS-314_M1958_1878-03-01_OBS-2.jpg
1878	03	17	14	00	0	1.52	|	orig=0.045 inHg|Local time: 1400|QC flag: low value|Image File: YorkFactory_USSS-314_M1958_1878-03-01_OBS-2.jpg
1878	03	17	21	00	0	1.42	|	orig=0.042 inHg|Local time: 2100|QC flag: low value|Image File: YorkFactory_USSS-314_M1958_1878-03-01_OBS-2.jpg
1878	03	18	07	00	0	2.17	|	orig=0.064 inHg|Local time: 0700|QC flag: low value|Image File: YorkFactory_USSS-314_M1958_1878-03-01_OBS-2.jpg
1878	03	18	14	00	0	4.17	|	orig=0.123 inHg|Local time: 1400|QC flag: low value|Image File: YorkFactory_USSS-314_M1958_1878-03-01_OBS-2.jpg
1878	03	18	21	00	0	1.76	|	orig=0.052 inHg|Local time: 2100|QC flag: low value|Image File: YorkFactory_USSS-314_M1958_1878-03-01_OBS-2.jpg
1878	03	19	07	00	0	1.35	|	orig=0.040 inHg|Local time: 0700|QC flag: low value|Image File: YorkFactory_USSS-314_M1958_1878-03-01_OBS-2.jpg
1878	03	19	14	00	0	3.22	|	orig=0.095 inHg|Local time: 1400|QC flag: low value|Image File: YorkFactory_USSS-314_M1958_1878-03-01_OBS-2.jpg
1878	03	19	21	00	0	1.63	|	orig=0.048 inHg|Local time: 2100|QC flag: low value|Image File: YorkFactory_USSS-314_M1958_1878-03-01_OBS-2.jpg
1878	03	20	07	00	0	1.39	|	orig=0.041 inHg|Local time: 0700|QC flag: low value|Image File: YorkFactory_USSS-314_M1958_1878-03-01_OBS-2.jpg
1878	03	20	14	00	0	1.83	|	orig=0.054 inHg|Local time: 1400|QC flag: low value|Image File: YorkFactory_USSS-314_M1958_1878-03-01_OBS-2.jpg
1878	03	20	21	00	0	1.93	|	orig=0.057 inHg|Local time: 2100|QC flag: low value|Image File: YorkFactory_USSS-314_M1958_1878-03-01_OBS-2.jpg
1878	03	21	07	00	0	1.59	|	orig=0.047 inHg|Local time: 0700|QC flag: low value|Image File: YorkFactory_USSS-314_M1958_1878-03-01_OBS-2.jpg
1878	03	21	14	00	0	1.83	|	orig=0.054 inHg|Local time: 1400|QC flag: low value|Image File: YorkFactory_USSS-314_M1958_1878-03-01_OBS-2.jpg
1878	03	21	21	00	0	1.76	|	orig=0.052 inHg|Local time: 2100|QC flag: low value|Image File: YorkFactory_USSS-314_M1958_1878-03-01_OBS-2.jpg
1878	03	22	07	00	0	1.52	|	orig=0.045 inHg|Local time: 0700|QC flag: low value|Image File: YorkFactory_USSS-314_M1958_1878-03-01_OBS-2.jpg
1878	03	22	14	00	0	2.00	|	orig=0.059 inHg|Local time: 1400|QC flag: low value|Image File: YorkFactory_USSS-314_M1958_1878-03-01_OBS-2.jpg
1878	03	22	21	00	0	1.19	|	orig=0.035 inHg|Local time: 2100|QC flag: low value|Image File: YorkFactory_USSS-314_M1958_1878-03-01_OBS-2.jpg
1878	03	23	07	00	0	1.49	|	orig=0.044 inHg|Local time: 0700|QC flag: low value|Image File: YorkFactory_USSS-314_M1958_1878-03-01_OBS-2.jpg
1878	03	23	14	00	0	1.12	|	orig=0.033 inHg|Local time: 1400|QC flag: low value|Image File: YorkFactory_USSS-314_M1958_1878-03-01_OBS-2.jpg
1878	03	23	21	00	0	0.91	|	orig=0.027 inHg|Local time: 2100|QC flag: low value|Image File: YorkFactory_USSS-314_M1958_1878-03-01_OBS-2.jpg
1878	03	24	07	00	0	1.15	|	orig=0.034 inHg|Local time: 0700|QC flag: low value|Image File: YorkFactory_USSS-314_M1958_1878-03-01_OBS-2.jpg
1878	03	24	14	00	0	3.28	|	orig=0.097 inHg|Local time: 1400|QC flag: low value|Image File: YorkFactory_USSS-314_M1958_1878-03-01_OBS-2.jpg
1878	03	24	21	00	0	2.91	|	orig=0.086 inHg|Local time: 2100|QC flag: low value|Image File: YorkFactory_USSS-314_M1958_1878-03-01_OBS-2.jpg
1878	03	25	07	00	0	1.22	|	orig=0.036 inHg|Local time: 0700|QC flag: low value|Image File: YorkFactory_USSS-314_M1958_1878-03-01_OBS-2.jpg
1878	03	25	14	00	0	4.17	|	orig=0.123 inHg|Local time: 1400|QC flag: low value|Image File: YorkFactory_USSS-314_M1958_1878-03-01_OBS-2.jpg
1878	03	25	21	00	0	2.98	|	orig=0.088 inHg|Local time: 2100|QC flag: low value|Image File: YorkFactory_USSS-314_M1958_1878-03-01_OBS-2.jpg
1878	03	26	07	00	0	1.35	|	orig=0.040 inHg|Local time: 0700|QC flag: low value|Image File: YorkFactory_USSS-314_M1958_1878-03-01_OBS-2.jpg
1878	03	26	14	00	0	2.54	|	orig=0.075 inHg|Local time: 1400|QC flag: low value|Image File: YorkFactory_USSS-314_M1958_1878-03-01_OBS-2.jpg
1878	03	26	21	00	0	1.76	|	orig=0.052 inHg|Local time: 2100|QC flag: low value|Image File: YorkFactory_USSS-314_M1958_1878-03-01_OBS-2.jpg
1878	03	27	07	00	0	1.12	|	orig=0.033 inHg|Local time: 0700|QC flag: low value|Image File: YorkFactory_USSS-314_M1958_1878-03-01_OBS-2.jpg
1878	03	27	14	00	0	3.28	|	orig=0.097 inHg|Local time: 1400|QC flag: low value|Image File: YorkFactory_USSS-314_M1958_1878-03-01_OBS-2.jpg
1878	03	27	21	00	0	2.78	|	orig=0.082 inHg|Local time: 2100|QC flag: low value|Image File: YorkFactory_USSS-314_M1958_1878-03-01_OBS-2.jpg
1878	03	28	07	00	0	3.28	|	orig=0.097 inHg|Local time: 0700|QC flag: low value|Image File: YorkFactory_USSS-314_M1958_1878-03-01_OBS-2.jpg
1878	03	28	14	00	0	5.93	|	orig=0.175 inHg|Local time: 1400|QC flag: low value|Image File: YorkFactory_USSS-314_M1958_1878-03-01_OBS-2.jpg
1878	03	28	21	00	0	3.89	|	orig=0.115 inHg|Local time: 2100|QC flag: low value|Image File: YorkFactory_USSS-314_M1958_1878-03-01_OBS-2.jpg
1878	03	29	07	00	0	2.64	|	orig=0.078 inHg|Local time: 0700|QC flag: low value|Image File: YorkFactory_USSS-314_M1958_1878-03-01_OBS-2.jpg
1878	03	29	14	00	0	2.91	|	orig=0.086 inHg|Local time: 1400|QC flag: low value|Image File: YorkFactory_USSS-314_M1958_1878-03-01_OBS-2.jpg
1878	03	29	21	00	0	2.71	|	orig=0.080 inHg|Local time: 2100|QC flag: low value|Image File: YorkFactory_USSS-314_M1958_1878-03-01_OBS-2.jpg
1878	03	30	07	00	0	2.44	|	orig=0.072 inHg|Local time: 0700|QC flag: low value|Image File: YorkFactory_USSS-314_M1958_1878-03-01_OBS-2.jpg
1878	03	30	14	00	0	4.47	|	orig=0.132 inHg|Local time: 1400|QC flag: low value|Image File: YorkFactory_USSS-314_M1958_1878-03-01_OBS-2.jpg
1878	03	30	21	00	0	3.52	|	orig=0.104 inHg|Local time: 2100|QC flag: low value|Image File: YorkFactory_USSS-314_M1958_1878-03-01_OBS-2.jpg
1878	03	31	07	00	0	2.84	|	orig=0.084 inHg|Local time: 0700|QC flag: low value|Image File: YorkFactory_USSS-314_M1958_1878-03-01_OBS-2.jpg
1878	03	31	14	00	0	4.57	|	orig=0.135 inHg|Local time: 1400|QC flag: low value|Image File: YorkFactory_USSS-314_M1958_1878-03-01_OBS-2.jpg
1878	03	31	21	00	0	3.79	|	orig=0.112 inHg|Local time: 2100|QC flag: low value|Image File: YorkFactory_USSS-314_M1958_1878-03-01_OBS-2.jpg
1878	04	01	07	00	0	3.15	|	orig=0.093 inHg|Local time: 0700|QC flag: low value|Image File: YorkFactory_USSS-314_M1958_1878-04-01_OBS-2.jpg
1878	04	01	14	00	0	5.08	|	orig=0.150 inHg|Local time: 1400|QC flag: low value|Image File: YorkFactory_USSS-314_M1958_1878-04-01_OBS-2.jpg
1878	04	01	21	00	0	4.17	|	orig=0.123 inHg|Local time: 2100|QC flag: low value|Image File: YorkFactory_USSS-314_M1958_1878-04-01_OBS-2.jpg
1878	04	02	07	00	0	4.00	|	orig=0.118 inHg|Local time: 0700|QC flag: low value|Image File: YorkFactory_USSS-314_M1958_1878-04-01_OBS-2.jpg
1878	04	02	14	00	0	6.37	|	orig=0.188 inHg|Local time: 1400|QC flag: low value|Image File: YorkFactory_USSS-314_M1958_1878-04-01_OBS-2.jpg
1878	04	02	21	00	0	5.01	|	orig=0.148 inHg|Local time: 2100|QC flag: low value|Image File: YorkFactory_USSS-314_M1958_1878-04-01_OBS-2.jpg
1878	04	03	07	00	0	6.94	|	orig=0.205 inHg|Local time: 0700|QC flag: none|Image File: YorkFactory_USSS-314_M1958_1878-04-01_OBS-2.jpg
1878	04	03	14	00	0	9.85	|	orig=0.291 inHg|Local time: 1400|QC flag: none|Image File: YorkFactory_USSS-314_M1958_1878-04-01_OBS-2.jpg
1878	04	03	21	00	0	9.11	|	orig=0.269 inHg|Local time: 2100|QC flag: none|Image File: YorkFactory_USSS-314_M1958_1878-04-01_OBS-2.jpg
1878	04	04	07	00	0	7.42	|	orig=0.219 inHg|Local time: 0700|QC flag: none|Image File: YorkFactory_USSS-314_M1958_1878-04-01_OBS-2.jpg
1878	04	04	14	00	0	9.41	|	orig=0.278 inHg|Local time: 1400|QC flag: none|Image File: YorkFactory_USSS-314_M1958_1878-04-01_OBS-2.jpg
1878	04	04	21	00	0	7.08	|	orig=0.209 inHg|Local time: 2100|QC flag: none|Image File: YorkFactory_USSS-314_M1958_1878-04-01_OBS-2.jpg
1878	04	05	07	00	0	2.13	|	orig=0.063 inHg|Local time: 0700|QC flag: low value|Image File: YorkFactory_USSS-314_M1958_1878-04-01_OBS-2.jpg
1878	04	05	14	00	0	2.98	|	orig=0.088 inHg|Local time: 1400|QC flag: low value|Image File: YorkFactory_USSS-314_M1958_1878-04-01_OBS-2.jpg
1878	04	05	21	00	0	2.57	|	orig=0.076 inHg|Local time: 2100|QC flag: low value|Image File: YorkFactory_USSS-314_M1958_1878-04-01_OBS-2.jpg
1878	04	06	07	00	0	1.76	|	orig=0.052 inHg|Local time: 0700|QC flag: low value|Image File: YorkFactory_USSS-314_M1958_1878-04-01_OBS-2.jpg
1878	04	06	14	00	0	3.62	|	orig=0.107 inHg|Local time: 1400|QC flag: low value|Image File: YorkFactory_USSS-314_M1958_1878-04-01_OBS-2.jpg
1878	04	06	21	00	0	2.91	|	orig=0.086 inHg|Local time: 2100|QC flag: low value|Image File: YorkFactory_USSS-314_M1958_1878-04-01_OBS-2.jpg
1878	04	07	07	00	0	2.57	|	orig=0.076 inHg|Local time: 0700|QC flag: low value|Image File: YorkFactory_USSS-314_M1958_1878-04-01_OBS-2.jpg
1878	04	07	14	00	0	3.79	|	orig=0.112 inHg|Local time: 1400|QC flag: low value|Image File: YorkFactory_USSS-314_M1958_1878-04-01_OBS-2.jpg
1878	04	07	21	00	0	2.84	|	orig=0.084 inHg|Local time: 2100|QC flag: low value|Image File: YorkFactory_USSS-314_M1958_1878-04-01_OBS-2.jpg
1878	04	08	07	00	0	2.34	|	orig=0.069 inHg|Local time: 0700|QC flag: low value|Image File: YorkFactory_USSS-314_M1958_1878-04-01_OBS-2.jpg
1878	04	08	14	00	0	4.37	|	orig=0.129 inHg|Local time: 1400|QC flag: low value|Image File: YorkFactory_USSS-314_M1958_1878-04-01_OBS-2.jpg
1878	04	08	21	00	0	3.69	|	orig=0.109 inHg|Local time: 2100|QC flag: low value|Image File: YorkFactory_USSS-314_M1958_1878-04-01_OBS-2.jpg
1878	04	09	07	00	0	2.71	|	orig=0.080 inHg|Local time: 0700|QC flag: low value|Image File: YorkFactory_USSS-314_M1958_1878-04-01_OBS-2.jpg
1878	04	09	14	00	0	4.61	|	orig=0.136 inHg|Local time: 1400|QC flag: low value|Image File: YorkFactory_USSS-314_M1958_1878-04-01_OBS-2.jpg
1878	04	09	21	00	0	3.22	|	orig=0.095 inHg|Local time: 2100|QC flag: low value|Image File: YorkFactory_USSS-314_M1958_1878-04-01_OBS-2.jpg
1878	04	10	07	00	0	2.44	|	orig=0.072 inHg|Local time: 0700|QC flag: low value|Image File: YorkFactory_USSS-314_M1958_1878-04-01_OBS-2.jpg
1878	04	10	14	00	0	6.13	|	orig=0.181 inHg|Local time: 1400|QC flag: low value|Image File: YorkFactory_USSS-314_M1958_1878-04-01_OBS-2.jpg
1878	04	10	21	00	0	4.88	|	orig=0.144 inHg|Local time: 2100|QC flag: low value|Image File: YorkFactory_USSS-314_M1958_1878-04-01_OBS-2.jpg
1878	04	11	07	00	0	2.84	|	orig=0.084 inHg|Local time: 0700|QC flag: low value|Image File: YorkFactory_USSS-314_M1958_1878-04-01_OBS-2.jpg
1878	04	11	14	00	0	5.69	|	orig=0.168 inHg|Local time: 1400|QC flag: low value|Image File: YorkFactory_USSS-314_M1958_1878-04-01_OBS-2.jpg
1878	04	11	21	00	0	4.77	|	orig=0.141 inHg|Local time: 2100|QC flag: low value|Image File: YorkFactory_USSS-314_M1958_1878-04-01_OBS-2.jpg
1878	04	12	07	00	0	2.64	|	orig=0.078 inHg|Local time: 0700|QC flag: low value|Image File: YorkFactory_USSS-314_M1958_1878-04-01_OBS-2.jpg
1878	04	12	14	00	0	5.01	|	orig=0.148 inHg|Local time: 1400|QC flag: low value|Image File: YorkFactory_USSS-314_M1958_1878-04-01_OBS-2.jpg
1878	04	12	21	00	0	3.28	|	orig=0.097 inHg|Local time: 2100|QC flag: low value|Image File: YorkFactory_USSS-314_M1958_1878-04-01_OBS-2.jpg
1878	04	13	07	00	0	2.57	|	orig=0.076 inHg|Local time: 0700|QC flag: low value|Image File: YorkFactory_USSS-314_M1958_1878-04-01_OBS-2.jpg
1878	04	13	14	00	0	4.17	|	orig=0.123 inHg|Local time: 1400|QC flag: low value|Image File: YorkFactory_USSS-314_M1958_1878-04-01_OBS-2.jpg
1878	04	13	21	00	0	3.52	|	orig=0.104 inHg|Local time: 2100|QC flag: low value|Image File: YorkFactory_USSS-314_M1958_1878-04-01_OBS-2.jpg
1878	04	14	07	00	0	2.71	|	orig=0.080 inHg|Local time: 0700|QC flag: low value|Image File: YorkFactory_USSS-314_M1958_1878-04-01_OBS-2.jpg
1878	04	14	14	00	0	5.45	|	orig=0.161 inHg|Local time: 1400|QC flag: low value|Image File: YorkFactory_USSS-314_M1958_1878-04-01_OBS-2.jpg
1878	04	14	21	00	0	3.49	|	orig=0.103 inHg|Local time: 2100|QC flag: low value|Image File: YorkFactory_USSS-314_M1958_1878-04-01_OBS-2.jpg
1878	04	15	07	00	0	3.22	|	orig=0.095 inHg|Local time: 0700|QC flag: low value|Image File: YorkFactory_USSS-314_M1958_1878-04-01_OBS-2.jpg
1878	04	15	14	00	0	5.22	|	orig=0.154 inHg|Local time: 1400|QC flag: low value|Image File: YorkFactory_USSS-314_M1958_1878-04-01_OBS-2.jpg
1878	04	15	21	00	0	3.39	|	orig=0.100 inHg|Local time: 2100|QC flag: low value|Image File: YorkFactory_USSS-314_M1958_1878-04-01_OBS-2.jpg
1878	04	16	07	00	0	3.39	|	orig=100 inHg|Local time: 0700|QC flag: low value|Image File: YorkFactory_USSS-314_M1958_1878-04-01_OBS-2.jpg
1878	04	16	14	00	0	4.77	|	orig=0.141 inHg|Local time: 1400|QC flag: low value|Image File: YorkFactory_USSS-314_M1958_1878-04-01_OBS-2.jpg
1878	04	16	21	00	0	3.83	|	orig=0.113 inHg|Local time: 2100|QC flag: low value|Image File: YorkFactory_USSS-314_M1958_1878-04-01_OBS-2.jpg
1878	04	17	07	00	0	2.98	|	orig=0.088 inHg|Local time: 0700|QC flag: low value|Image File: YorkFactory_USSS-314_M1958_1878-04-01_OBS-2.jpg
1878	04	17	14	00	0	5.72	|	orig=0.169 inHg|Local time: 1400|QC flag: low value|Image File: YorkFactory_USSS-314_M1958_1878-04-01_OBS-2.jpg
1878	04	17	21	00	0	3.62	|	orig=107 inHg|Local time: 2100|QC flag: low value|Image File: YorkFactory_USSS-314_M1958_1878-04-01_OBS-2.jpg
1878	04	18	07	00	0	3.28	|	orig=0.097 inHg|Local time: 0700|QC flag: low value|Image File: YorkFactory_USSS-314_M1958_1878-04-01_OBS-2.jpg
1878	04	18	14	00	0	5.79	|	orig=0.171 inHg|Local time: 1400|QC flag: low value|Image File: YorkFactory_USSS-314_M1958_1878-04-01_OBS-2.jpg
1878	04	18	21	00	0	4.00	|	orig=0.118 inHg|Local time: 2100|QC flag: low value|Image File: YorkFactory_USSS-314_M1958_1878-04-01_OBS-2.jpg
1878	04	19	07	00	0	3.69	|	orig=0.109 inHg|Local time: 0700|QC flag: low value|Image File: YorkFactory_USSS-314_M1958_1878-04-01_OBS-2.jpg
1878	04	19	14	00	0	5.01	|	orig=0.148 inHg|Local time: 1400|QC flag: low value|Image File: YorkFactory_USSS-314_M1958_1878-04-01_OBS-2.jpg
1878	04	19	21	00	0	4.27	|	orig=0.126 inHg|Local time: 2100|QC flag: low value|Image File: YorkFactory_USSS-314_M1958_1878-04-01_OBS-2.jpg
1878	04	20	07	00	0	4.17	|	orig=0.123 inHg|Local time: 0700|QC flag: low value|Image File: YorkFactory_USSS-314_M1958_1878-04-01_OBS-2.jpg
1878	04	20	14	00	0	5.22	|	orig=0.154 inHg|Local time: 1400|QC flag: low value|Image File: YorkFactory_USSS-314_M1958_1878-04-01_OBS-2.jpg
1878	04	20	21	00	0	3.89	|	orig=0.115 inHg|Local time: 2100|QC flag: low value|Image File: YorkFactory_USSS-314_M1958_1878-04-01_OBS-2.jpg
1878	04	21	07	00	0	3.79	|	orig=0.112 inHg|Local time: 0700|QC flag: low value|Image File: YorkFactory_USSS-314_M1958_1878-04-01_OBS-2.jpg
1878	04	21	14	00	0	4.47	|	orig=0.132 inHg|Local time: 1400|QC flag: low value|Image File: YorkFactory_USSS-314_M1958_1878-04-01_OBS-2.jpg
1878	04	21	21	00	0	4.17	|	orig=0.123 inHg|Local time: 2100|QC flag: low value|Image File: YorkFactory_USSS-314_M1958_1878-04-01_OBS-2.jpg
1878	04	22	07	00	0	3.79	|	orig=0.112 inHg|Local time: 0700|QC flag: low value|Image File: YorkFactory_USSS-314_M1958_1878-04-01_OBS-2.jpg
1878	04	22	14	00	0	8.50	|	orig=0.251 inHg|Local time: 1400|QC flag: none|Image File: YorkFactory_USSS-314_M1958_1878-04-01_OBS-2.jpg
1878	04	22	21	00	0	6.94	|	orig=0.205 inHg|Local time: 2100|QC flag: none|Image File: YorkFactory_USSS-314_M1958_1878-04-01_OBS-2.jpg
1878	04	23	07	00	0	5.32	|	orig=0.157 inHg|Local time: 0700|QC flag: low value|Image File: YorkFactory_USSS-314_M1958_1878-04-01_OBS-2.jpg
1878	04	23	14	00	0	7.42	|	orig=0.219 inHg|Local time: 1400|QC flag: none|Image File: YorkFactory_USSS-314_M1958_1878-04-01_OBS-2.jpg
1878	04	23	21	00	0	5.76	|	orig=0.170 inHg|Local time: 2100|QC flag: low value|Image File: YorkFactory_USSS-314_M1958_1878-04-01_OBS-2.jpg
1878	04	24	07	00	0	6.03	|	orig=0.178 inHg|Local time: 0700|QC flag: low value|Image File: YorkFactory_USSS-314_M1958_1878-04-01_OBS-2.jpg
1878	04	24	14	00	0	7.69	|	orig=0.227 inHg|Local time: 1400|QC flag: none|Image File: YorkFactory_USSS-314_M1958_1878-04-01_OBS-2.jpg
1878	04	24	21	00	0	6.54	|	orig=193 inHg|Local time: 2100|QC flag: low value|Image File: YorkFactory_USSS-314_M1958_1878-04-01_OBS-2.jpg
1878	04	25	07	00	0	5.11	|	orig=0.151 inHg|Local time: 0700|QC flag: low value|Image File: YorkFactory_USSS-314_M1958_1878-04-01_OBS-2.jpg
1878	04	25	14	00	0	6.94	|	orig=0.205 inHg|Local time: 1400|QC flag: none|Image File: YorkFactory_USSS-314_M1958_1878-04-01_OBS-2.jpg
1878	04	25	21	00	0	5.55	|	orig=0.164 inHg|Local time: 2100|QC flag: low value|Image File: YorkFactory_USSS-314_M1958_1878-04-01_OBS-2.jpg
1878	04	26	07	00	0	5.08	|	orig=0.150 inHg|Local time: 0700|QC flag: low value|Image File: YorkFactory_USSS-314_M1958_1878-04-01_OBS-2.jpg
1878	04	26	14	00	0	6.54	|	orig=0.193 inHg|Local time: 1400|QC flag: low value|Image File: YorkFactory_USSS-314_M1958_1878-04-01_OBS-2.jpg
1878	04	26	21	00	0	5.69	|	orig=0.168 inHg|Local time: 2100|QC flag: low value|Image File: YorkFactory_USSS-314_M1958_1878-04-01_OBS-2.jpg
1878	04	27	07	00	0	4.67	|	orig=0.138 inHg|Local time: 0700|QC flag: low value|Image File: YorkFactory_USSS-314_M1958_1878-04-01_OBS-2.jpg
1878	04	27	14	00	0	5.69	|	orig=0.168 inHg|Local time: 1400|QC flag: low value|Image File: YorkFactory_USSS-314_M1958_1878-04-01_OBS-2.jpg
1878	04	27	21	00	0	5.11	|	orig=0.151 inHg|Local time: 2100|QC flag: low value|Image File: YorkFactory_USSS-314_M1958_1878-04-01_OBS-2.jpg
1878	04	28	07	00	0	4.17	|	orig=0.123 inHg|Local time: 0700|QC flag: low value|Image File: YorkFactory_USSS-314_M1958_1878-04-01_OBS-2.jpg
1878	04	28	14	00	0	6.81	|	orig=0.201 inHg|Local time: 1400|QC flag: none|Image File: YorkFactory_USSS-314_M1958_1878-04-01_OBS-2.jpg
1878	04	28	21	00	0	6.40	|	orig=0.189 inHg|Local time: 2100|QC flag: low value|Image File: YorkFactory_USSS-314_M1958_1878-04-01_OBS-2.jpg
1878	04	29	07	00	0	5.01	|	orig=0.148 inHg|Local time: 0700|QC flag: low value|Image File: YorkFactory_USSS-314_M1958_1878-04-01_OBS-2.jpg
1878	04	29	14	00	0	6.30	|	orig=0.186 inHg|Local time: 1400|QC flag: low value|Image File: YorkFactory_USSS-314_M1958_1878-04-01_OBS-2.jpg
1878	04	29	21	00	0	5.55	|	orig=0.164 inHg|Local time: 2100|QC flag: low value|Image File: YorkFactory_USSS-314_M1958_1878-04-01_OBS-2.jpg
1878	04	30	07	00	0	5.11	|	orig=0.151 inHg|Local time: 0700|QC flag: low value|Image File: YorkFactory_USSS-314_M1958_1878-04-01_OBS-2.jpg
1878	04	30	14	00	0	6.87	|	orig=0.203 inHg|Local time: 1400|QC flag: none|Image File: YorkFactory_USSS-314_M1958_1878-04-01_OBS-2.jpg
1878	04	30	21	00	0	5.69	|	orig=0.168 inHg|Local time: 2100|QC flag: low value|Image File: YorkFactory_USSS-314_M1958_1878-04-01_OBS-2.jpg
1878	05	01	07	00	0	5.22	|	orig=154 inHg|Local time: 0700|QC flag: low value|Image File: YorkFactory_USSS-314_M1958_1878-05-01_OBS-2.jpg
1878	05	01	14	00	0	6.57	|	orig=194 inHg|Local time: 1400|QC flag: low value|Image File: YorkFactory_USSS-314_M1958_1878-05-01_OBS-2.jpg
1878	05	01	21	00	0	5.35	|	orig=158 inHg|Local time: 2100|QC flag: low value|Image File: YorkFactory_USSS-314_M1958_1878-05-01_OBS-2.jpg
1878	05	02	07	00	0	5.99	|	orig=177 inHg|Local time: 0700|QC flag: low value|Image File: YorkFactory_USSS-314_M1958_1878-05-01_OBS-2.jpg
1878	05	02	14	00	0	7.01	|	orig=207 inHg|Local time: 1400|QC flag: none|Image File: YorkFactory_USSS-314_M1958_1878-05-01_OBS-2.jpg
1878	05	02	21	00	0	5.45	|	orig=161 inHg|Local time: 2100|QC flag: low value|Image File: YorkFactory_USSS-314_M1958_1878-05-01_OBS-2.jpg
1878	05	03	07	00	0	5.28	|	orig=156 inHg|Local time: 0700|QC flag: low value|Image File: YorkFactory_USSS-314_M1958_1878-05-01_OBS-2.jpg
1878	05	03	14	00	0	7.11	|	orig=210 inHg|Local time: 1400|QC flag: none|Image File: YorkFactory_USSS-314_M1958_1878-05-01_OBS-2.jpg
1878	05	03	21	00	0	6.16	|	orig=182 inHg|Local time: 2100|QC flag: low value|Image File: YorkFactory_USSS-314_M1958_1878-05-01_OBS-2.jpg
1878	05	04	07	00	0	4.57	|	orig=135 inHg|Local time: 0700|QC flag: low value|Image File: YorkFactory_USSS-314_M1958_1878-05-01_OBS-2.jpg
1878	05	04	14	00	0	6.16	|	orig=182 inHg|Local time: 1400|QC flag: low value|Image File: YorkFactory_USSS-314_M1958_1878-05-01_OBS-2.jpg
1878	05	04	21	00	0	5.45	|	orig=161 inHg|Local time: 2100|QC flag: low value|Image File: YorkFactory_USSS-314_M1958_1878-05-01_OBS-2.jpg
1878	05	05	07	00	0	4.37	|	orig=129 inHg|Local time: 0700|QC flag: low value|Image File: YorkFactory_USSS-314_M1958_1878-05-01_OBS-2.jpg
1878	05	05	14	00	0	5.49	|	orig=162 inHg|Local time: 1400|QC flag: low value|Image File: YorkFactory_USSS-314_M1958_1878-05-01_OBS-2.jpg
1878	05	05	21	00	0	5.11	|	orig=151 inHg|Local time: 2100|QC flag: low value|Image File: YorkFactory_USSS-314_M1958_1878-05-01_OBS-2.jpg
1878	05	06	07	00	0	5.22	|	orig=154 inHg|Local time: 0700|QC flag: low value|Image File: YorkFactory_USSS-314_M1958_1878-05-01_OBS-2.jpg
1878	05	06	14	00	0	5.79	|	orig=171 inHg|Local time: 1400|QC flag: low value|Image File: YorkFactory_USSS-314_M1958_1878-05-01_OBS-2.jpg
1878	05	06	21	00	0	6.40	|	orig=189 inHg|Local time: 2100|QC flag: low value|Image File: YorkFactory_USSS-314_M1958_1878-05-01_OBS-2.jpg
1878	05	07	07	00	0	5.59	|	orig=165 inHg|Local time: 0700|QC flag: low value|Image File: YorkFactory_USSS-314_M1958_1878-05-01_OBS-2.jpg
1878	05	07	14	00	0	5.52	|	orig=163 inHg|Local time: 1400|QC flag: low value|Image File: YorkFactory_USSS-314_M1958_1878-05-01_OBS-2.jpg
1878	05	07	21	00	0	5.93	|	orig=175 inHg|Local time: 2100|QC flag: low value|Image File: YorkFactory_USSS-314_M1958_1878-05-01_OBS-2.jpg
1878	05	08	07	00	0	5.35	|	orig=158 inHg|Local time: 0700|QC flag: low value|Image File: YorkFactory_USSS-314_M1958_1878-05-01_OBS-2.jpg
1878	05	08	14	00	0	5.76	|	orig=170 inHg|Local time: 1400|QC flag: low value|Image File: YorkFactory_USSS-314_M1958_1878-05-01_OBS-2.jpg
1878	05	08	21	00	0	5.93	|	orig=175 inHg|Local time: 2100|QC flag: low value|Image File: YorkFactory_USSS-314_M1958_1878-05-01_OBS-2.jpg
1878	05	09	07	00	0	5.22	|	orig=154 inHg|Local time: 0700|QC flag: low value|Image File: YorkFactory_USSS-314_M1958_1878-05-01_OBS-2.jpg
1878	05	09	14	00	0	6.40	|	orig=189 inHg|Local time: 1400|QC flag: low value|Image File: YorkFactory_USSS-314_M1958_1878-05-01_OBS-2.jpg
1878	05	09	21	00	0	5.69	|	orig=168 inHg|Local time: 2100|QC flag: low value|Image File: YorkFactory_USSS-314_M1958_1878-05-01_OBS-2.jpg
1878	05	10	07	00	0	4.47	|	orig=132 inHg|Local time: 0700|QC flag: low value|Image File: YorkFactory_USSS-314_M1958_1878-05-01_OBS-2.jpg
1878	05	10	14	00	0	4.57	|	orig=135 inHg|Local time: 1400|QC flag: low value|Image File: YorkFactory_USSS-314_M1958_1878-05-01_OBS-2.jpg
1878	05	10	21	00	0	3.15	|	orig=093 inHg|Local time: 2100|QC flag: low value|Image File: YorkFactory_USSS-314_M1958_1878-05-01_OBS-2.jpg
1878	05	11	07	00	0	2.71	|	orig=080 inHg|Local time: 0700|QC flag: low value|Image File: YorkFactory_USSS-314_M1958_1878-05-01_OBS-2.jpg
1878	05	11	14	00	0	4.77	|	orig=141 inHg|Local time: 1400|QC flag: low value|Image File: YorkFactory_USSS-314_M1958_1878-05-01_OBS-2.jpg
1878	05	11	21	00	0	4.27	|	orig=126 inHg|Local time: 2100|QC flag: low value|Image File: YorkFactory_USSS-314_M1958_1878-05-01_OBS-2.jpg
1878	05	12	07	00	0	3.59	|	orig=106 inHg|Local time: 0700|QC flag: low value|Image File: YorkFactory_USSS-314_M1958_1878-05-01_OBS-2.jpg
1878	05	12	14	00	0	4.06	|	orig=120 inHg|Local time: 1400|QC flag: low value|Image File: YorkFactory_USSS-314_M1958_1878-05-01_OBS-2.jpg
1878	05	12	21	00	0	3.15	|	orig=093 inHg|Local time: 2100|QC flag: low value|Image File: YorkFactory_USSS-314_M1958_1878-05-01_OBS-2.jpg
1878	05	13	07	00	0	2.98	|	orig=088 inHg|Local time: 0700|QC flag: low value|Image File: YorkFactory_USSS-314_M1958_1878-05-01_OBS-2.jpg
1878	05	13	14	00	0	4.57	|	orig=135 inHg|Local time: 1400|QC flag: low value|Image File: YorkFactory_USSS-314_M1958_1878-05-01_OBS-2.jpg
1878	05	13	21	00	0	4.17	|	orig=123 inHg|Local time: 2100|QC flag: low value|Image File: YorkFactory_USSS-314_M1958_1878-05-01_OBS-2.jpg
1878	05	14	07	00	0	4.57	|	orig=135 inHg|Local time: 0700|QC flag: low value|Image File: YorkFactory_USSS-314_M1958_1878-05-01_OBS-2.jpg
1878	05	14	14	00	0	5.22	|	orig=154 inHg|Local time: 1400|QC flag: low value|Image File: YorkFactory_USSS-314_M1958_1878-05-01_OBS-2.jpg
1878	05	14	21	00	0	4.17	|	orig=123 inHg|Local time: 2100|QC flag: low value|Image File: YorkFactory_USSS-314_M1958_1878-05-01_OBS-2.jpg
1878	05	15	07	00	0	4.77	|	orig=141 inHg|Local time: 0700|QC flag: low value|Image File: YorkFactory_USSS-314_M1958_1878-05-01_OBS-2.jpg
1878	05	15	14	00	0	5.52	|	orig=163 inHg|Local time: 1400|QC flag: low value|Image File: YorkFactory_USSS-314_M1958_1878-05-01_OBS-2.jpg
1878	05	15	21	00	0	6.03	|	orig=178 inHg|Local time: 2100|QC flag: low value|Image File: YorkFactory_USSS-314_M1958_1878-05-01_OBS-2.jpg
1878	05	16	07	00	0	4.77	|	orig=141 inHg|Local time: 0700|QC flag: low value|Image File: YorkFactory_USSS-314_M1958_1878-05-01_OBS-2.jpg
1878	05	16	14	00	0	6.43	|	orig=190 inHg|Local time: 1400|QC flag: low value|Image File: YorkFactory_USSS-314_M1958_1878-05-01_OBS-2.jpg
1878	05	16	21	00	0	6.54	|	orig=193 inHg|Local time: 2100|QC flag: low value|Image File: YorkFactory_USSS-314_M1958_1878-05-01_OBS-2.jpg
1878	05	17	07	00	0	5.79	|	orig=171 inHg|Local time: 0700|QC flag: low value|Image File: YorkFactory_USSS-314_M1958_1878-05-01_OBS-2.jpg
1878	05	17	14	00	0	5.62	|	orig=166 inHg|Local time: 1400|QC flag: low value|Image File: YorkFactory_USSS-314_M1958_1878-05-01_OBS-2.jpg
1878	05	17	21	00	0	6.16	|	orig=182 inHg|Local time: 2100|QC flag: low value|Image File: YorkFactory_USSS-314_M1958_1878-05-01_OBS-2.jpg
1878	05	18	07	00	0	5.45	|	orig=161 inHg|Local time: 0700|QC flag: low value|Image File: YorkFactory_USSS-314_M1958_1878-05-01_OBS-2.jpg
1878	05	18	14	00	0	6.23	|	orig=184 inHg|Local time: 1400|QC flag: low value|Image File: YorkFactory_USSS-314_M1958_1878-05-01_OBS-2.jpg
1878	05	18	21	00	0	5.69	|	orig=168 inHg|Local time: 2100|QC flag: low value|Image File: YorkFactory_USSS-314_M1958_1878-05-01_OBS-2.jpg
1878	05	19	07	00	0	3.28	|	orig=097 inHg|Local time: 0700|QC flag: low value|Image File: YorkFactory_USSS-314_M1958_1878-05-01_OBS-2.jpg
1878	05	19	14	00	0	5.11	|	orig=151 inHg|Local time: 1400|QC flag: low value|Image File: YorkFactory_USSS-314_M1958_1878-05-01_OBS-2.jpg
1878	05	19	21	00	0	3.79	|	orig=112 inHg|Local time: 2100|QC flag: low value|Image File: YorkFactory_USSS-314_M1958_1878-05-01_OBS-2.jpg
1878	05	20	07	00	0	5.22	|	orig=154 inHg|Local time: 0700|QC flag: low value|Image File: YorkFactory_USSS-314_M1958_1878-05-01_OBS-2.jpg
1878	05	20	14	00	0	10.46	|	orig=309 inHg|Local time: 1400|QC flag: none|Image File: YorkFactory_USSS-314_M1958_1878-05-01_OBS-2.jpg
1878	05	20	21	00	0	7.15	|	orig=211 inHg|Local time: 2100|QC flag: none|Image File: YorkFactory_USSS-314_M1958_1878-05-01_OBS-2.jpg
1878	05	21	07	00	0	7.11	|	orig=210 inHg|Local time: 0700|QC flag: none|Image File: YorkFactory_USSS-314_M1958_1878-05-01_OBS-2.jpg
1878	05	21	14	00	0	13.85	|	orig=409 inHg|Local time: 1400|QC flag: none|Image File: YorkFactory_USSS-314_M1958_1878-05-01_OBS-2.jpg
1878	05	21	21	00	0	8.09	|	orig=239 inHg|Local time: 2100|QC flag: none|Image File: YorkFactory_USSS-314_M1958_1878-05-01_OBS-2.jpg
1878	05	22	07	00	0	6.67	|	orig=197 inHg|Local time: 0700|QC flag: low value|Image File: YorkFactory_USSS-314_M1958_1878-05-01_OBS-2.jpg
1878	05	22	14	00	0	8.97	|	orig=265 inHg|Local time: 1400|QC flag: none|Image File: YorkFactory_USSS-314_M1958_1878-05-01_OBS-2.jpg
1878	05	22	21	00	0	8.06	|	orig=238 inHg|Local time: 2100|QC flag: none|Image File: YorkFactory_USSS-314_M1958_1878-05-01_OBS-2.jpg
1878	05	23	07	00	0	7.15	|	orig=211 inHg|Local time: 0700|QC flag: none|Image File: YorkFactory_USSS-314_M1958_1878-05-01_OBS-2.jpg
1878	05	23	14	00	0	11.62	|	orig=343 inHg|Local time: 1400|QC flag: none|Image File: YorkFactory_USSS-314_M1958_1878-05-01_OBS-2.jpg
1878	05	23	21	00	0	7.92	|	orig=234 inHg|Local time: 2100|QC flag: none|Image File: YorkFactory_USSS-314_M1958_1878-05-01_OBS-2.jpg
1878	05	24	07	00	0	6.40	|	orig=189 inHg|Local time: 0700|QC flag: low value|Image File: YorkFactory_USSS-314_M1958_1878-05-01_OBS-2.jpg
1878	05	24	14	00	0	9.21	|	orig=272 inHg|Local time: 1400|QC flag: none|Image File: YorkFactory_USSS-314_M1958_1878-05-01_OBS-2.jpg
1878	05	24	21	00	0	6.91	|	orig=204 inHg|Local time: 2100|QC flag: none|Image File: YorkFactory_USSS-314_M1958_1878-05-01_OBS-2.jpg
1878	05	25	07	00	0	6.37	|	orig=188 inHg|Local time: 0700|QC flag: low value|Image File: YorkFactory_USSS-314_M1958_1878-05-01_OBS-2.jpg
1878	05	25	14	00	0	7.25	|	orig=214 inHg|Local time: 1400|QC flag: none|Image File: YorkFactory_USSS-314_M1958_1878-05-01_OBS-2.jpg
1878	05	25	21	00	0	6.54	|	orig=193 inHg|Local time: 2100|QC flag: low value|Image File: YorkFactory_USSS-314_M1958_1878-05-01_OBS-2.jpg
1878	05	26	07	00	0	6.94	|	orig=205 inHg|Local time: 0700|QC flag: none|Image File: YorkFactory_USSS-314_M1958_1878-05-01_OBS-2.jpg
1878	05	26	14	00	0	9.41	|	orig=278 inHg|Local time: 1400|QC flag: none|Image File: YorkFactory_USSS-314_M1958_1878-05-01_OBS-2.jpg
1878	05	26	21	00	0	7.72	|	orig=228 inHg|Local time: 2100|QC flag: none|Image File: YorkFactory_USSS-314_M1958_1878-05-01_OBS-2.jpg
1878	05	27	07	00	0	7.55	|	orig=223 inHg|Local time: 0700|QC flag: none|Image File: YorkFactory_USSS-314_M1958_1878-05-01_OBS-2.jpg
1878	05	27	14	00	0	12.06	|	orig=356 inHg|Local time: 1400|QC flag: none|Image File: YorkFactory_USSS-314_M1958_1878-05-01_OBS-2.jpg
1878	05	27	21	00	0	7.25	|	orig=214 inHg|Local time: 2100|QC flag: none|Image File: YorkFactory_USSS-314_M1958_1878-05-01_OBS-2.jpg
1878	05	28	07	00	0	8.16	|	orig=241 inHg|Local time: 0700|QC flag: none|Image File: YorkFactory_USSS-314_M1958_1878-05-01_OBS-2.jpg
1878	05	28	14	00	0	8.33	|	orig=246 inHg|Local time: 1400|QC flag: none|Image File: YorkFactory_USSS-314_M1958_1878-05-01_OBS-2.jpg
1878	05	28	21	00	0	7.08	|	orig=209 inHg|Local time: 2100|QC flag: none|Image File: YorkFactory_USSS-314_M1958_1878-05-01_OBS-2.jpg
1878	05	29	07	00	0	5.93	|	orig=175 inHg|Local time: 0700|QC flag: low value|Image File: YorkFactory_USSS-314_M1958_1878-05-01_OBS-2.jpg
1878	05	29	14	00	0	6.40	|	orig=189 inHg|Local time: 1400|QC flag: low value|Image File: YorkFactory_USSS-314_M1958_1878-05-01_OBS-2.jpg
1878	05	29	21	00	0	5.69	|	orig=168 inHg|Local time: 2100|QC flag: low value|Image File: YorkFactory_USSS-314_M1958_1878-05-01_OBS-2.jpg
1878	05	30	07	00	0	5.11	|	orig=151 inHg|Local time: 0700|QC flag: low value|Image File: YorkFactory_USSS-314_M1958_1878-05-01_OBS-2.jpg
1878	05	30	14	00	0	5.69	|	orig=168 inHg|Local time: 1400|QC flag: low value|Image File: YorkFactory_USSS-314_M1958_1878-05-01_OBS-2.jpg
1878	05	30	21	00	0	5.89	|	orig=174 inHg|Local time: 2100|QC flag: low value|Image File: YorkFactory_USSS-314_M1958_1878-05-01_OBS-2.jpg
1878	05	31	07	00	0	5.32	|	orig=157 inHg|Local time: 0700|QC flag: low value|Image File: YorkFactory_USSS-314_M1958_1878-05-01_OBS-2.jpg
1878	05	31	14	00	0	6.13	|	orig=181 inHg|Local time: 1400|QC flag: low value|Image File: YorkFactory_USSS-314_M1958_1878-05-01_OBS-2.jpg
1878	05	31	21	00	0	5.89	|	orig=174 inHg|Local time: 2100|QC flag: low value|Image File: YorkFactory_USSS-314_M1958_1878-05-01_OBS-2.jpg
1878	06	01	07	00	0	5.08	|	orig=150 inHg|Local time: 0700|QC flag: low value|Image File: YorkFactory_USSS-314_M1958_1878-06-01_OBS-2.jpg
1878	06	01	14	00	0	6.03	|	orig=178 inHg|Local time: 1400|QC flag: low value|Image File: YorkFactory_USSS-314_M1958_1878-06-01_OBS-2.jpg
1878	06	01	21	00	0	5.22	|	orig=154 inHg|Local time: 2100|QC flag: low value|Image File: YorkFactory_USSS-314_M1958_1878-06-01_OBS-2.jpg
1878	06	02	07	00	0	6.30	|	orig=186 inHg|Local time: 0700|QC flag: low value|Image File: YorkFactory_USSS-314_M1958_1878-06-01_OBS-2.jpg
1878	06	02	14	00	0	11.34	|	orig=335 inHg|Local time: 1400|QC flag: none|Image File: YorkFactory_USSS-314_M1958_1878-06-01_OBS-2.jpg
1878	06	02	21	00	0	6.54	|	orig=193 inHg|Local time: 2100|QC flag: low value|Image File: YorkFactory_USSS-314_M1958_1878-06-01_OBS-2.jpg
1878	06	03	07	00	0	5.59	|	orig=165 inHg|Local time: 0700|QC flag: low value|Image File: YorkFactory_USSS-314_M1958_1878-06-01_OBS-2.jpg
1878	06	03	14	00	0	5.93	|	orig=175 inHg|Local time: 1400|QC flag: low value|Image File: YorkFactory_USSS-314_M1958_1878-06-01_OBS-2.jpg
1878	06	03	21	00	0	6.13	|	orig=181 inHg|Local time: 2100|QC flag: low value|Image File: YorkFactory_USSS-314_M1958_1878-06-01_OBS-2.jpg
1878	06	04	07	00	0	5.99	|	orig=177 inHg|Local time: 0700|QC flag: low value|Image File: YorkFactory_USSS-314_M1958_1878-06-01_OBS-2.jpg
1878	06	04	14	00	0	14.53	|	orig=429 inHg|Local time: 1400|QC flag: none|Image File: YorkFactory_USSS-314_M1958_1878-06-01_OBS-2.jpg
1878	06	04	21	00	0	10.06	|	orig=297 inHg|Local time: 2100|QC flag: none|Image File: YorkFactory_USSS-314_M1958_1878-06-01_OBS-2.jpg
1878	06	05	07	00	0	10.70	|	orig=316 inHg|Local time: 0700|QC flag: none|Image File: YorkFactory_USSS-314_M1958_1878-06-01_OBS-2.jpg
1878	06	05	14	00	0	17.81	|	orig=526 inHg|Local time: 1400|QC flag: none|Image File: YorkFactory_USSS-314_M1958_1878-06-01_OBS-2.jpg
1878	06	05	21	00	0	11.55	|	orig=341 inHg|Local time: 2100|QC flag: none|Image File: YorkFactory_USSS-314_M1958_1878-06-01_OBS-2.jpg
1878	06	06	07	00	0	13.44	|	orig=397 inHg|Local time: 0700|QC flag: none|Image File: YorkFactory_USSS-314_M1958_1878-06-01_OBS-2.jpg
1878	06	06	14	00	0	19.71	|	orig=582 inHg|Local time: 1400|QC flag: none|Image File: YorkFactory_USSS-314_M1958_1878-06-01_OBS-2.jpg
1878	06	06	21	00	0	13.78	|	orig=407 inHg|Local time: 2100|QC flag: none|Image File: YorkFactory_USSS-314_M1958_1878-06-01_OBS-2.jpg
1878	06	07	07	00	0	18.15	|	orig=536 inHg|Local time: 0700|QC flag: none|Image File: YorkFactory_USSS-314_M1958_1878-06-01_OBS-2.jpg
1878	06	07	14	00	0	17.58	|	orig=519 inHg|Local time: 1400|QC flag: none|Image File: YorkFactory_USSS-314_M1958_1878-06-01_OBS-2.jpg
1878	06	07	21	00	0	11.28	|	orig=333 inHg|Local time: 2100|QC flag: none|Image File: YorkFactory_USSS-314_M1958_1878-06-01_OBS-2.jpg
1878	06	08	07	00	0	15.07	|	orig=445 inHg|Local time: 0700|QC flag: none|Image File: YorkFactory_USSS-314_M1958_1878-06-01_OBS-2.jpg
1878	06	08	14	00	0	7.59	|	orig=224 inHg|Local time: 1400|QC flag: none|Image File: YorkFactory_USSS-314_M1958_1878-06-01_OBS-2.jpg
1878	06	08	21	00	0	10.02	|	orig=296 inHg|Local time: 2100|QC flag: none|Image File: YorkFactory_USSS-314_M1958_1878-06-01_OBS-2.jpg
1878	06	09	07	00	0	12.36	|	orig=365 inHg|Local time: 0700|QC flag: none|Image File: YorkFactory_USSS-314_M1958_1878-06-01_OBS-2.jpg
1878	06	09	14	00	0	20.62	|	orig=609 inHg|Local time: 1400|QC flag: none|Image File: YorkFactory_USSS-314_M1958_1878-06-01_OBS-2.jpg
1878	06	09	21	00	0	18.02	|	orig=532 inHg|Local time: 2100|QC flag: none|Image File: YorkFactory_USSS-314_M1958_1878-06-01_OBS-2.jpg
1878	06	10	07	00	0	13.88	|	orig=410 inHg|Local time: 0700|QC flag: none|Image File: YorkFactory_USSS-314_M1958_1878-06-01_OBS-2.jpg
1878	06	10	14	00	0	21.88	|	orig=646 inHg|Local time: 1400|QC flag: none|Image File: YorkFactory_USSS-314_M1958_1878-06-01_OBS-2.jpg
1878	06	10	21	00	0	19.17	|	orig=566 inHg|Local time: 2100|QC flag: none|Image File: YorkFactory_USSS-314_M1958_1878-06-01_OBS-2.jpg
1878	06	11	07	00	0	12.97	|	orig=383 inHg|Local time: 0700|QC flag: none|Image File: YorkFactory_USSS-314_M1958_1878-06-01_OBS-2.jpg
1878	06	11	14	00	0	16.49	|	orig=487 inHg|Local time: 1400|QC flag: none|Image File: YorkFactory_USSS-314_M1958_1878-06-01_OBS-2.jpg
1878	06	11	21	00	0	14.70	|	orig=434 inHg|Local time: 2100|QC flag: none|Image File: YorkFactory_USSS-314_M1958_1878-06-01_OBS-2.jpg
1878	06	12	07	00	0	15.20	|	orig=449 inHg|Local time: 0700|QC flag: none|Image File: YorkFactory_USSS-314_M1958_1878-06-01_OBS-2.jpg
1878	06	12	14	00	0	14.83	|	orig=438 inHg|Local time: 1400|QC flag: none|Image File: YorkFactory_USSS-314_M1958_1878-06-01_OBS-2.jpg
1878	06	12	21	00	0	16.09	|	orig=475 inHg|Local time: 2100|QC flag: none|Image File: YorkFactory_USSS-314_M1958_1878-06-01_OBS-2.jpg
1878	06	13	07	00	0	9.18	|	orig=271 inHg|Local time: 0700|QC flag: none|Image File: YorkFactory_USSS-314_M1958_1878-06-01_OBS-2.jpg
1878	06	13	14	00	0	14.90	|	orig=440 inHg|Local time: 1400|QC flag: none|Image File: YorkFactory_USSS-314_M1958_1878-06-01_OBS-2.jpg
1878	06	13	21	00	0	14.60	|	orig=431 inHg|Local time: 2100|QC flag: none|Image File: YorkFactory_USSS-314_M1958_1878-06-01_OBS-2.jpg
1878	06	14	07	00	0	15.71	|	orig=464 inHg|Local time: 0700|QC flag: none|Image File: YorkFactory_USSS-314_M1958_1878-06-01_OBS-2.jpg
1878	06	14	14	00	0	17.61	|	orig=520 inHg|Local time: 1400|QC flag: none|Image File: YorkFactory_USSS-314_M1958_1878-06-01_OBS-2.jpg
1878	06	14	21	00	0	16.46	|	orig=486 inHg|Local time: 2100|QC flag: none|Image File: YorkFactory_USSS-314_M1958_1878-06-01_OBS-2.jpg
1878	06	15	07	00	0	16.42	|	orig=485 inHg|Local time: 0700|QC flag: none|Image File: YorkFactory_USSS-314_M1958_1878-06-01_OBS-2.jpg
1878	06	15	14	00	0	17.47	|	orig=516 inHg|Local time: 1400|QC flag: none|Image File: YorkFactory_USSS-314_M1958_1878-06-01_OBS-2.jpg
1878	06	15	21	00	0	13.88	|	orig=410 inHg|Local time: 2100|QC flag: none|Image File: YorkFactory_USSS-314_M1958_1878-06-01_OBS-2.jpg
1878	06	16	07	00	0	14.53	|	orig=429 inHg|Local time: 0700|QC flag: none|Image File: YorkFactory_USSS-314_M1958_1878-06-01_OBS-2.jpg
1878	06	16	14	00	0	21.64	|	orig=639 inHg|Local time: 1400|QC flag: none|Image File: YorkFactory_USSS-314_M1958_1878-06-01_OBS-2.jpg
1878	06	16	21	00	0	20.22	|	orig=597 inHg|Local time: 2100|QC flag: none|Image File: YorkFactory_USSS-314_M1958_1878-06-01_OBS-2.jpg
1878	06	17	07	00	0	16.93	|	orig=500 inHg|Local time: 0700|QC flag: none|Image File: YorkFactory_USSS-314_M1958_1878-06-01_OBS-2.jpg
1878	06	17	14	00	0	16.49	|	orig=487 inHg|Local time: 1400|QC flag: none|Image File: YorkFactory_USSS-314_M1958_1878-06-01_OBS-2.jpg
1878	06	17	21	00	0	15.98	|	orig=472 inHg|Local time: 2100|QC flag: none|Image File: YorkFactory_USSS-314_M1958_1878-06-01_OBS-2.jpg
1878	06	18	07	00	0	14.22	|	orig=420 inHg|Local time: 0700|QC flag: none|Image File: YorkFactory_USSS-314_M1958_1878-06-01_OBS-2.jpg
1878	06	18	14	00	0	22.01	|	orig=650 inHg|Local time: 1400|QC flag: none|Image File: YorkFactory_USSS-314_M1958_1878-06-01_OBS-2.jpg
1878	06	18	21	00	0	14.16	|	orig=418 inHg|Local time: 2100|QC flag: none|Image File: YorkFactory_USSS-314_M1958_1878-06-01_OBS-2.jpg
1878	06	19	07	00	0	12.97	|	orig=383 inHg|Local time: 0700|QC flag: none|Image File: YorkFactory_USSS-314_M1958_1878-06-01_OBS-2.jpg
1878	06	19	14	00	0	23.23	|	orig=686 inHg|Local time: 1400|QC flag: none|Image File: YorkFactory_USSS-314_M1958_1878-06-01_OBS-2.jpg
1878	06	19	21	00	0	14.76	|	orig=436 inHg|Local time: 2100|QC flag: none|Image File: YorkFactory_USSS-314_M1958_1878-06-01_OBS-2.jpg
1878	06	20	07	00	0	17.85	|	orig=527 inHg|Local time: 0700|QC flag: none|Image File: YorkFactory_USSS-314_M1958_1878-06-01_OBS-2.jpg
1878	06	20	14	00	0	27.77	|	orig=820 inHg|Local time: 1400|QC flag: none|Image File: YorkFactory_USSS-314_M1958_1878-06-01_OBS-2.jpg
1878	06	20	21	00	0	21.10	|	orig=623 inHg|Local time: 2100|QC flag: none|Image File: YorkFactory_USSS-314_M1958_1878-06-01_OBS-2.jpg
1878	06	21	07	00	0	13.11	|	orig=387 inHg|Local time: 0700|QC flag: none|Image File: YorkFactory_USSS-314_M1958_1878-06-01_OBS-2.jpg
1878	06	21	14	00	0	29.02	|	orig=857 inHg|Local time: 1400|QC flag: none|Image File: YorkFactory_USSS-314_M1958_1878-06-01_OBS-2.jpg
1878	06	21	21	00	0	24.14	|	orig=713 inHg|Local time: 2100|QC flag: none|Image File: YorkFactory_USSS-314_M1958_1878-06-01_OBS-2.jpg
1878	06	22	07	00	0	18.83	|	orig=556 inHg|Local time: 0700|QC flag: none|Image File: YorkFactory_USSS-314_M1958_1878-06-01_OBS-2.jpg
1878	06	22	14	00	0	29.12	|	orig=860 inHg|Local time: 1400|QC flag: none|Image File: YorkFactory_USSS-314_M1958_1878-06-01_OBS-2.jpg
1878	06	22	21	00	0	19.00	|	orig=561 inHg|Local time: 2100|QC flag: none|Image File: YorkFactory_USSS-314_M1958_1878-06-01_OBS-2.jpg
1878	06	23	07	00	0	13.04	|	orig=385 inHg|Local time: 0700|QC flag: none|Image File: YorkFactory_USSS-314_M1958_1878-06-01_OBS-2.jpg
1878	06	23	14	00	0	17.47	|	orig=516 inHg|Local time: 1400|QC flag: none|Image File: YorkFactory_USSS-314_M1958_1878-06-01_OBS-2.jpg
1878	06	23	21	00	0	10.46	|	orig=309 inHg|Local time: 2100|QC flag: none|Image File: YorkFactory_USSS-314_M1958_1878-06-01_OBS-2.jpg
1878	06	24	07	00	0	10.26	|	orig=303 inHg|Local time: 0700|QC flag: none|Image File: YorkFactory_USSS-314_M1958_1878-06-01_OBS-2.jpg
1878	06	24	14	00	0	16.12	|	orig=476 inHg|Local time: 1400|QC flag: none|Image File: YorkFactory_USSS-314_M1958_1878-06-01_OBS-2.jpg
1878	06	24	21	00	0	12.22	|	orig=361 inHg|Local time: 2100|QC flag: none|Image File: YorkFactory_USSS-314_M1958_1878-06-01_OBS-2.jpg
1878	06	25	07	00	0	9.82	|	orig=290 inHg|Local time: 0700|QC flag: none|Image File: YorkFactory_USSS-314_M1958_1878-06-01_OBS-2.jpg
1878	06	25	14	00	0	8.70	|	orig=257 inHg|Local time: 1400|QC flag: none|Image File: YorkFactory_USSS-314_M1958_1878-06-01_OBS-2.jpg
1878	06	25	21	00	0	12.22	|	orig=361 inHg|Local time: 2100|QC flag: none|Image File: YorkFactory_USSS-314_M1958_1878-06-01_OBS-2.jpg
1878	06	26	07	00	0	10.67	|	orig=315 inHg|Local time: 0700|QC flag: none|Image File: YorkFactory_USSS-314_M1958_1878-06-01_OBS-2.jpg
1878	06	26	14	00	0	17.85	|	orig=527 inHg|Local time: 1400|QC flag: none|Image File: YorkFactory_USSS-314_M1958_1878-06-01_OBS-2.jpg
1878	06	26	21	00	0	15.27	|	orig=451 inHg|Local time: 2100|QC flag: none|Image File: YorkFactory_USSS-314_M1958_1878-06-01_OBS-2.jpg
1878	06	27	07	00	0	16.59	|	orig=490 inHg|Local time: 0700|QC flag: none|Image File: YorkFactory_USSS-314_M1958_1878-06-01_OBS-2.jpg
1878	06	27	14	00	0	11.95	|	orig=353 inHg|Local time: 1400|QC flag: none|Image File: YorkFactory_USSS-314_M1958_1878-06-01_OBS-2.jpg
1878	06	27	21	00	0	19.07	|	orig=563 inHg|Local time: 2100|QC flag: none|Image File: YorkFactory_USSS-314_M1958_1878-06-01_OBS-2.jpg
1878	06	28	07	00	0	15.88	|	orig=469 inHg|Local time: 0700|QC flag: none|Image File: YorkFactory_USSS-314_M1958_1878-06-01_OBS-2.jpg
1878	06	28	14	00	0	11.65	|	orig=344 inHg|Local time: 1400|QC flag: none|Image File: YorkFactory_USSS-314_M1958_1878-06-01_OBS-2.jpg
1878	06	28	21	00	0	17.64	|	orig=521 inHg|Local time: 2100|QC flag: none|Image File: YorkFactory_USSS-314_M1958_1878-06-01_OBS-2.jpg
1878	06	29	07	00	0	17.03	|	orig=503 inHg|Local time: 0700|QC flag: none|Image File: YorkFactory_USSS-314_M1958_1878-06-01_OBS-2.jpg
1878	06	29	14	00	0	11.51	|	orig=340 inHg|Local time: 1400|QC flag: none|Image File: YorkFactory_USSS-314_M1958_1878-06-01_OBS-2.jpg
1878	06	29	21	00	0	13.78	|	orig=407 inHg|Local time: 2100|QC flag: none|Image File: YorkFactory_USSS-314_M1958_1878-06-01_OBS-2.jpg
1878	06	30	07	00	0	13.17	|	orig=389 inHg|Local time: 0700|QC flag: none|Image File: YorkFactory_USSS-314_M1958_1878-06-01_OBS-2.jpg
1878	06	30	14	00	0	17.71	|	orig=523 inHg|Local time: 1400|QC flag: none|Image File: YorkFactory_USSS-314_M1958_1878-06-01_OBS-2.jpg
1878	06	30	21	00	0	20.86	|	orig=616 inHg|Local time: 2100|QC flag: none|Image File: YorkFactory_USSS-314_M1958_1878-06-01_OBS-2.jpg
1878	07	01	07	00	0	14.46	|	orig=427 inHg|Local time: 0700|QC flag: none|Image File: YorkFactory_USSS-314_M1958_1878-07-01_OBS-2.jpg
1878	07	01	14	00	0	16.63	|	orig=491 inHg|Local time: 1400|QC flag: none|Image File: YorkFactory_USSS-314_M1958_1878-07-01_OBS-2.jpg
1878	07	01	21	00	0	20.59	|	orig=608 inHg|Local time: 2100|QC flag: none|Image File: YorkFactory_USSS-314_M1958_1878-07-01_OBS-2.jpg
1878	07	02	07	00	0	15.68	|	orig=463 inHg|Local time: 0700|QC flag: none|Image File: YorkFactory_USSS-314_M1958_1878-07-01_OBS-2.jpg
1878	07	02	14	00	0	16.56	|	orig=489 inHg|Local time: 1400|QC flag: none|Image File: YorkFactory_USSS-314_M1958_1878-07-01_OBS-2.jpg
1878	07	02	21	00	0	20.45	|	orig=604 inHg|Local time: 2100|QC flag: none|Image File: YorkFactory_USSS-314_M1958_1878-07-01_OBS-2.jpg
1878	07	03	07	00	0	16.15	|	orig=477 inHg|Local time: 0700|QC flag: none|Image File: YorkFactory_USSS-314_M1958_1878-07-01_OBS-2.jpg
1878	07	03	14	00	0	16.32	|	orig=482 inHg|Local time: 1400|QC flag: none|Image File: YorkFactory_USSS-314_M1958_1878-07-01_OBS-2.jpg
1878	07	03	21	00	0	23.60	|	orig=697 inHg|Local time: 2100|QC flag: none|Image File: YorkFactory_USSS-314_M1958_1878-07-01_OBS-2.jpg
1878	07	04	07	00	0	12.22	|	orig=361 inHg|Local time: 0700|QC flag: none|Image File: YorkFactory_USSS-314_M1958_1878-07-01_OBS-2.jpg
1878	07	04	14	00	0	18.59	|	orig=549 inHg|Local time: 1400|QC flag: none|Image File: YorkFactory_USSS-314_M1958_1878-07-01_OBS-2.jpg
1878	07	04	21	00	0	0.54	|	orig=016 inHg|Local time: 2100|QC flag: low value|Image File: YorkFactory_USSS-314_M1958_1878-07-01_OBS-2.jpg
1878	07	05	07	00	0	18.93	|	orig=559 inHg|Local time: 0700|QC flag: none|Image File: YorkFactory_USSS-314_M1958_1878-07-01_OBS-2.jpg
1878	07	05	14	00	0	19.51	|	orig=576 inHg|Local time: 1400|QC flag: none|Image File: YorkFactory_USSS-314_M1958_1878-07-01_OBS-2.jpg
1878	07	05	21	00	0	28.85	|	orig=852 inHg|Local time: 2100|QC flag: none|Image File: YorkFactory_USSS-314_M1958_1878-07-01_OBS-2.jpg
1878	07	06	07	00	0	15.31	|	orig=452 inHg|Local time: 0700|QC flag: none|Image File: YorkFactory_USSS-314_M1958_1878-07-01_OBS-2.jpg
1878	07	06	14	00	0	20.42	|	orig=603 inHg|Local time: 1400|QC flag: none|Image File: YorkFactory_USSS-314_M1958_1878-07-01_OBS-2.jpg
1878	07	06	21	00	0	30.51	|	orig=901 inHg|Local time: 2100|QC flag: none|Image File: YorkFactory_USSS-314_M1958_1878-07-01_OBS-2.jpg
1878	07	07	07	00	0	17.00	|	orig=502 inHg|Local time: 0700|QC flag: none|Image File: YorkFactory_USSS-314_M1958_1878-07-01_OBS-2.jpg
1878	07	07	14	00	0	15.85	|	orig=468 inHg|Local time: 1400|QC flag: none|Image File: YorkFactory_USSS-314_M1958_1878-07-01_OBS-2.jpg
1878	07	07	21	00	0	29.63	|	orig=875 inHg|Local time: 2100|QC flag: none|Image File: YorkFactory_USSS-314_M1958_1878-07-01_OBS-2.jpg
1878	07	08	07	00	0	14.09	|	orig=416 inHg|Local time: 0700|QC flag: none|Image File: YorkFactory_USSS-314_M1958_1878-07-01_OBS-2.jpg
1878	07	08	14	00	0	16.39	|	orig=484 inHg|Local time: 1400|QC flag: none|Image File: YorkFactory_USSS-314_M1958_1878-07-01_OBS-2.jpg
1878	07	08	21	00	0	22.89	|	orig=676 inHg|Local time: 2100|QC flag: none|Image File: YorkFactory_USSS-314_M1958_1878-07-01_OBS-2.jpg
1878	07	09	07	00	0	15.85	|	orig=468 inHg|Local time: 0700|QC flag: none|Image File: YorkFactory_USSS-314_M1958_1878-07-01_OBS-2.jpg
1878	07	09	14	00	0	17.24	|	orig=509 inHg|Local time: 1400|QC flag: none|Image File: YorkFactory_USSS-314_M1958_1878-07-01_OBS-2.jpg
1878	07	09	21	00	0	22.25	|	orig=657 inHg|Local time: 2100|QC flag: none|Image File: YorkFactory_USSS-314_M1958_1878-07-01_OBS-2.jpg
1878	07	10	07	00	0	13.75	|	orig=406 inHg|Local time: 0700|QC flag: none|Image File: YorkFactory_USSS-314_M1958_1878-07-01_OBS-2.jpg
1878	07	10	14	00	0	15.71	|	orig=464 inHg|Local time: 1400|QC flag: none|Image File: YorkFactory_USSS-314_M1958_1878-07-01_OBS-2.jpg
1878	07	10	21	00	0	21.88	|	orig=646 inHg|Local time: 2100|QC flag: none|Image File: YorkFactory_USSS-314_M1958_1878-07-01_OBS-2.jpg
1878	07	11	07	00	0	15.58	|	orig=460 inHg|Local time: 0700|QC flag: none|Image File: YorkFactory_USSS-314_M1958_1878-07-01_OBS-2.jpg
1878	07	11	14	00	0	18.35	|	orig=542 inHg|Local time: 1400|QC flag: none|Image File: YorkFactory_USSS-314_M1958_1878-07-01_OBS-2.jpg
1878	07	11	21	00	0	26.31	|	orig=777 inHg|Local time: 2100|QC flag: none|Image File: YorkFactory_USSS-314_M1958_1878-07-01_OBS-2.jpg
1878	07	12	07	00	0	8.91	|	orig=263 inHg|Local time: 0700|QC flag: none|Image File: YorkFactory_USSS-314_M1958_1878-07-01_OBS-2.jpg
1878	07	12	14	00	0	15.14	|	orig=447 inHg|Local time: 1400|QC flag: none|Image File: YorkFactory_USSS-314_M1958_1878-07-01_OBS-2.jpg
1878	07	12	21	00	0	14.05	|	orig=415 inHg|Local time: 2100|QC flag: none|Image File: YorkFactory_USSS-314_M1958_1878-07-01_OBS-2.jpg
1878	07	13	07	00	0	15.48	|	orig=457 inHg|Local time: 0700|QC flag: none|Image File: YorkFactory_USSS-314_M1958_1878-07-01_OBS-2.jpg
1878	07	13	14	00	0	19.51	|	orig=576 inHg|Local time: 1400|QC flag: none|Image File: YorkFactory_USSS-314_M1958_1878-07-01_OBS-2.jpg
1878	07	13	21	00	0	19.51	|	orig=576 inHg|Local time: 2100|QC flag: none|Image File: YorkFactory_USSS-314_M1958_1878-07-01_OBS-2.jpg
1878	07	14	07	00	0	15.24	|	orig=450 inHg|Local time: 0700|QC flag: none|Image File: YorkFactory_USSS-314_M1958_1878-07-01_OBS-2.jpg
1878	07	14	14	00	0	16.39	|	orig=484 inHg|Local time: 1400|QC flag: none|Image File: YorkFactory_USSS-314_M1958_1878-07-01_OBS-2.jpg
1878	07	14	21	00	0	21.37	|	orig=631 inHg|Local time: 2100|QC flag: none|Image File: YorkFactory_USSS-314_M1958_1878-07-01_OBS-2.jpg
1878	07	15	07	00	0	15.44	|	orig=456 inHg|Local time: 0700|QC flag: none|Image File: YorkFactory_USSS-314_M1958_1878-07-01_OBS-2.jpg
1878	07	15	14	00	0	17.58	|	orig=519 inHg|Local time: 1400|QC flag: none|Image File: YorkFactory_USSS-314_M1958_1878-07-01_OBS-2.jpg
1878	07	15	21	00	0	22.93	|	orig=677 inHg|Local time: 2100|QC flag: none|Image File: YorkFactory_USSS-314_M1958_1878-07-01_OBS-2.jpg
1878	07	16	07	00	0	15.48	|	orig=457 inHg|Local time: 0700|QC flag: none|Image File: YorkFactory_USSS-314_M1958_1878-07-01_OBS-2.jpg
1878	07	16	14	00	0	19.74	|	orig=583 inHg|Local time: 1400|QC flag: none|Image File: YorkFactory_USSS-314_M1958_1878-07-01_OBS-2.jpg
1878	07	16	21	00	0	29.63	|	orig=875 inHg|Local time: 2100|QC flag: none|Image File: YorkFactory_USSS-314_M1958_1878-07-01_OBS-2.jpg
1878	07	17	07	00	0	16.66	|	orig=492 inHg|Local time: 0700|QC flag: none|Image File: YorkFactory_USSS-314_M1958_1878-07-01_OBS-2.jpg
1878	07	17	14	00	0	21.91	|	orig=647 inHg|Local time: 1400|QC flag: none|Image File: YorkFactory_USSS-314_M1958_1878-07-01_OBS-2.jpg
1878	07	17	21	00	0	30.48	|	orig=900 inHg|Local time: 2100|QC flag: none|Image File: YorkFactory_USSS-314_M1958_1878-07-01_OBS-2.jpg
1878	07	18	07	00	0	18.63	|	orig=550 inHg|Local time: 0700|QC flag: none|Image File: YorkFactory_USSS-314_M1958_1878-07-01_OBS-2.jpg
1878	07	18	14	00	0	24.65	|	orig=728 inHg|Local time: 1400|QC flag: none|Image File: YorkFactory_USSS-314_M1958_1878-07-01_OBS-2.jpg
1878	07	18	21	00	0	29.02	|	orig=857 inHg|Local time: 2100|QC flag: none|Image File: YorkFactory_USSS-314_M1958_1878-07-01_OBS-2.jpg
1878	07	19	07	00	0	15.95	|	orig=471 inHg|Local time: 0700|QC flag: none|Image File: YorkFactory_USSS-314_M1958_1878-07-01_OBS-2.jpg
1878	07	19	14	00	0	21.61	|	orig=638 inHg|Local time: 1400|QC flag: none|Image File: YorkFactory_USSS-314_M1958_1878-07-01_OBS-2.jpg
1878	07	19	21	00	0	28.89	|	orig=853 inHg|Local time: 2100|QC flag: none|Image File: YorkFactory_USSS-314_M1958_1878-07-01_OBS-2.jpg
1878	07	20	07	00	0	15.37	|	orig=454 inHg|Local time: 0700|QC flag: none|Image File: YorkFactory_USSS-314_M1958_1878-07-01_OBS-2.jpg
1878	07	20	14	00	0	25.91	|	orig=765 inHg|Local time: 1400|QC flag: none|Image File: YorkFactory_USSS-314_M1958_1878-07-01_OBS-2.jpg
1878	07	20	21	00	0	27.87	|	orig=823 inHg|Local time: 2100|QC flag: none|Image File: YorkFactory_USSS-314_M1958_1878-07-01_OBS-2.jpg
1878	07	21	07	00	0	16.22	|	orig=479 inHg|Local time: 0700|QC flag: none|Image File: YorkFactory_USSS-314_M1958_1878-07-01_OBS-2.jpg
1878	07	21	14	00	0	17.17	|	orig=507 inHg|Local time: 1400|QC flag: none|Image File: YorkFactory_USSS-314_M1958_1878-07-01_OBS-2.jpg
1878	07	21	21	00	0	21.61	|	orig=638 inHg|Local time: 2100|QC flag: none|Image File: YorkFactory_USSS-314_M1958_1878-07-01_OBS-2.jpg
1878	07	22	07	00	0	15.75	|	orig=465 inHg|Local time: 0700|QC flag: none|Image File: YorkFactory_USSS-314_M1958_1878-07-01_OBS-2.jpg
1878	07	22	14	00	0	14.43	|	orig=426 inHg|Local time: 1400|QC flag: none|Image File: YorkFactory_USSS-314_M1958_1878-07-01_OBS-2.jpg
1878	07	22	21	00	0	19.17	|	orig=566 inHg|Local time: 2100|QC flag: none|Image File: YorkFactory_USSS-314_M1958_1878-07-01_OBS-2.jpg
1878	07	23	07	00	0	14.76	|	orig=436 inHg|Local time: 0700|QC flag: none|Image File: YorkFactory_USSS-314_M1958_1878-07-01_OBS-2.jpg
1878	07	23	14	00	0	16.86	|	orig=498 inHg|Local time: 1400|QC flag: none|Image File: YorkFactory_USSS-314_M1958_1878-07-01_OBS-2.jpg
1878	07	23	21	00	0	15.95	|	orig=471 inHg|Local time: 2100|QC flag: none|Image File: YorkFactory_USSS-314_M1958_1878-07-01_OBS-2.jpg
1878	07	24	07	00	0	10.23	|	orig=302 inHg|Local time: 0700|QC flag: none|Image File: YorkFactory_USSS-314_M1958_1878-07-01_OBS-2.jpg
1878	07	24	14	00	0	8.26	|	orig=244 inHg|Local time: 1400|QC flag: none|Image File: YorkFactory_USSS-314_M1958_1878-07-01_OBS-2.jpg
1878	07	24	21	00	0	10.23	|	orig=302 inHg|Local time: 2100|QC flag: none|Image File: YorkFactory_USSS-314_M1958_1878-07-01_OBS-2.jpg
1878	07	25	07	00	0	9.35	|	orig=276 inHg|Local time: 0700|QC flag: none|Image File: YorkFactory_USSS-314_M1958_1878-07-01_OBS-2.jpg
1878	07	25	14	00	0	13.48	|	orig=398 inHg|Local time: 1400|QC flag: none|Image File: YorkFactory_USSS-314_M1958_1878-07-01_OBS-2.jpg
1878	07	25	21	00	0	8.06	|	orig=238 inHg|Local time: 2100|QC flag: none|Image File: YorkFactory_USSS-314_M1958_1878-07-01_OBS-2.jpg
1878	07	26	07	00	0	13.55	|	orig=400 inHg|Local time: 0700|QC flag: none|Image File: YorkFactory_USSS-314_M1958_1878-07-01_OBS-2.jpg
1878	07	26	14	00	0	13.24	|	orig=391 inHg|Local time: 1400|QC flag: none|Image File: YorkFactory_USSS-314_M1958_1878-07-01_OBS-2.jpg
1878	07	26	21	00	0	17.81	|	orig=526 inHg|Local time: 2100|QC flag: none|Image File: YorkFactory_USSS-314_M1958_1878-07-01_OBS-2.jpg
1878	07	27	07	00	0	16.25	|	orig=480 inHg|Local time: 0700|QC flag: none|Image File: YorkFactory_USSS-314_M1958_1878-07-01_OBS-2.jpg
1878	07	27	14	00	0	16.86	|	orig=498 inHg|Local time: 1400|QC flag: none|Image File: YorkFactory_USSS-314_M1958_1878-07-01_OBS-2.jpg
1878	07	27	21	00	0	15.68	|	orig=463 inHg|Local time: 2100|QC flag: none|Image File: YorkFactory_USSS-314_M1958_1878-07-01_OBS-2.jpg
1878	07	28	07	00	0	11.78	|	orig=348 inHg|Local time: 0700|QC flag: none|Image File: YorkFactory_USSS-314_M1958_1878-07-01_OBS-2.jpg
1878	07	28	14	00	0	14.97	|	orig=442 inHg|Local time: 1400|QC flag: none|Image File: YorkFactory_USSS-314_M1958_1878-07-01_OBS-2.jpg
1878	07	28	21	00	0	12.80	|	orig=378 inHg|Local time: 2100|QC flag: none|Image File: YorkFactory_USSS-314_M1958_1878-07-01_OBS-2.jpg
1878	07	29	07	00	0	12.26	|	orig=362 inHg|Local time: 0700|QC flag: none|Image File: YorkFactory_USSS-314_M1958_1878-07-01_OBS-2.jpg
1878	07	29	14	00	0	22.99	|	orig=679 inHg|Local time: 1400|QC flag: none|Image File: YorkFactory_USSS-314_M1958_1878-07-01_OBS-2.jpg
1878	07	29	21	00	0	17.24	|	orig=509 inHg|Local time: 2100|QC flag: none|Image File: YorkFactory_USSS-314_M1958_1878-07-01_OBS-2.jpg
1878	07	30	07	00	0	12.29	|	orig=363 inHg|Local time: 0700|QC flag: none|Image File: YorkFactory_USSS-314_M1958_1878-07-01_OBS-2.jpg
1878	07	30	14	00	0	8.74	|	orig=258 inHg|Local time: 1400|QC flag: none|Image File: YorkFactory_USSS-314_M1958_1878-07-01_OBS-2.jpg
1878	07	30	21	00	0	13.82	|	orig=408 inHg|Local time: 2100|QC flag: none|Image File: YorkFactory_USSS-314_M1958_1878-07-01_OBS-2.jpg
1878	07	31	07	00	0	15.20	|	orig=449 inHg|Local time: 0700|QC flag: none|Image File: YorkFactory_USSS-314_M1958_1878-07-01_OBS-2.jpg
1878	07	31	14	00	0	14.76	|	orig=436 inHg|Local time: 1400|QC flag: none|Image File: YorkFactory_USSS-314_M1958_1878-07-01_OBS-2.jpg
1878	07	31	21	00	0	13.85	|	orig=409 inHg|Local time: 2100|QC flag: none|Image File: YorkFactory_USSS-314_M1958_1878-07-01_OBS-2.jpg
1878	08	01	07	00	0	12.06	|	orig=0.356 inHg|Local time: 0700|QC flag: none|Image File: YorkFactory_USSS-314_M1958_1878-08-01_OBS-2.jpg
1878	08	01	14	00	0	15.24	|	orig=0.450 inHg|Local time: 1400|QC flag: none|Image File: YorkFactory_USSS-314_M1958_1878-08-01_OBS-2.jpg
1878	08	01	21	00	0	14.02	|	orig=0.414 inHg|Local time: 2100|QC flag: none|Image File: YorkFactory_USSS-314_M1958_1878-08-01_OBS-2.jpg
1878	08	02	07	00	0	12.97	|	orig=0.383 inHg|Local time: 0700|QC flag: none|Image File: YorkFactory_USSS-314_M1958_1878-08-01_OBS-2.jpg
1878	08	02	14	00	0	15.98	|	orig=0.472 inHg|Local time: 1400|QC flag: none|Image File: YorkFactory_USSS-314_M1958_1878-08-01_OBS-2.jpg
1878	08	02	21	00	0	13.11	|	orig=0.387 inHg|Local time: 2100|QC flag: none|Image File: YorkFactory_USSS-314_M1958_1878-08-01_OBS-2.jpg
1878	08	03	07	00	0	11.55	|	orig=0.341 inHg|Local time: 0700|QC flag: none|Image File: YorkFactory_USSS-314_M1958_1878-08-01_OBS-2.jpg
1878	08	03	14	00	0	13.95	|	orig=0.412 inHg|Local time: 1400|QC flag: none|Image File: YorkFactory_USSS-314_M1958_1878-08-01_OBS-2.jpg
1878	08	03	21	00	0	12.56	|	orig=0.371 inHg|Local time: 2100|QC flag: none|Image File: YorkFactory_USSS-314_M1958_1878-08-01_OBS-2.jpg
1878	08	04	07	00	0	12.97	|	orig=0.383 inHg|Local time: 0700|QC flag: none|Image File: YorkFactory_USSS-314_M1958_1878-08-01_OBS-2.jpg
1878	08	04	14	00	0	14.76	|	orig=0.436 inHg|Local time: 1400|QC flag: none|Image File: YorkFactory_USSS-314_M1958_1878-08-01_OBS-2.jpg
1878	08	04	21	00	0	13.48	|	orig=0.398 inHg|Local time: 2100|QC flag: none|Image File: YorkFactory_USSS-314_M1958_1878-08-01_OBS-2.jpg
1878	08	05	07	00	0	15.44	|	orig=0.456 inHg|Local time: 0700|QC flag: none|Image File: YorkFactory_USSS-314_M1958_1878-08-01_OBS-2.jpg
1878	08	05	14	00	0	15.34	|	orig=0.453 inHg|Local time: 1400|QC flag: none|Image File: YorkFactory_USSS-314_M1958_1878-08-01_OBS-2.jpg
1878	08	05	21	00	0	14.53	|	orig=0.429 inHg|Local time: 2100|QC flag: none|Image File: YorkFactory_USSS-314_M1958_1878-08-01_OBS-2.jpg
1878	08	06	07	00	0	16.63	|	orig=0.491 inHg|Local time: 0700|QC flag: none|Image File: YorkFactory_USSS-314_M1958_1878-08-01_OBS-2.jpg
1878	08	06	14	00	0	15.95	|	orig=0.471 inHg|Local time: 1400|QC flag: none|Image File: YorkFactory_USSS-314_M1958_1878-08-01_OBS-2.jpg
1878	08	06	21	00	0	15.37	|	orig=0.454 inHg|Local time: 2100|QC flag: none|Image File: YorkFactory_USSS-314_M1958_1878-08-01_OBS-2.jpg
1878	08	07	07	00	0	15.31	|	orig=0.452 inHg|Local time: 0700|QC flag: none|Image File: YorkFactory_USSS-314_M1958_1878-08-01_OBS-2.jpg
1878	08	07	14	00	0	16.05	|	orig=0.474 inHg|Local time: 1400|QC flag: none|Image File: YorkFactory_USSS-314_M1958_1878-08-01_OBS-2.jpg
1878	08	07	21	00	0	14.63	|	orig=0.432 inHg|Local time: 2100|QC flag: none|Image File: YorkFactory_USSS-314_M1958_1878-08-01_OBS-2.jpg
1878	08	08	07	00	0	16.49	|	orig=0.487 inHg|Local time: 0700|QC flag: none|Image File: YorkFactory_USSS-314_M1958_1878-08-01_OBS-2.jpg
1878	08	08	14	00	0	15.20	|	orig=0.449 inHg|Local time: 1400|QC flag: none|Image File: YorkFactory_USSS-314_M1958_1878-08-01_OBS-2.jpg
1878	08	08	21	00	0	12.70	|	orig=0.375 inHg|Local time: 2100|QC flag: none|Image File: YorkFactory_USSS-314_M1958_1878-08-01_OBS-2.jpg
1878	08	09	07	00	0	14.22	|	orig=0.420 inHg|Local time: 0700|QC flag: none|Image File: YorkFactory_USSS-314_M1958_1878-08-01_OBS-2.jpg
1878	08	09	14	00	0	16.19	|	orig=0.478 inHg|Local time: 1400|QC flag: none|Image File: YorkFactory_USSS-314_M1958_1878-08-01_OBS-2.jpg
1878	08	09	21	00	0	12.26	|	orig=0.362 inHg|Local time: 2100|QC flag: none|Image File: YorkFactory_USSS-314_M1958_1878-08-01_OBS-2.jpg
1878	08	10	07	00	0	13.68	|	orig=0.404 inHg|Local time: 0700|QC flag: none|Image File: YorkFactory_USSS-314_M1958_1878-08-01_OBS-2.jpg
1878	08	10	14	00	0	16.63	|	orig=0.491 inHg|Local time: 1400|QC flag: none|Image File: YorkFactory_USSS-314_M1958_1878-08-01_OBS-2.jpg
1878	08	10	21	00	0	13.51	|	orig=0.399 inHg|Local time: 2100|QC flag: none|Image File: YorkFactory_USSS-314_M1958_1878-08-01_OBS-2.jpg
1878	08	11	07	00	0	13.04	|	orig=0.385 inHg|Local time: 0700|QC flag: none|Image File: YorkFactory_USSS-314_M1958_1878-08-01_OBS-2.jpg
1878	08	11	14	00	0	18.39	|	orig=0.543 inHg|Local time: 1400|QC flag: none|Image File: YorkFactory_USSS-314_M1958_1878-08-01_OBS-2.jpg
1878	08	11	21	00	0	14.29	|	orig=0.422 inHg|Local time: 2100|QC flag: none|Image File: YorkFactory_USSS-314_M1958_1878-08-01_OBS-2.jpg
1878	08	12	07	00	0	13.24	|	orig=0.391 inHg|Local time: 0700|QC flag: none|Image File: YorkFactory_USSS-314_M1958_1878-08-01_OBS-2.jpg
1878	08	12	14	00	0	18.15	|	orig=0.536 inHg|Local time: 1400|QC flag: none|Image File: YorkFactory_USSS-314_M1958_1878-08-01_OBS-2.jpg
1878	08	12	21	00	0	12.22	|	orig=0.361 inHg|Local time: 2100|QC flag: none|Image File: YorkFactory_USSS-314_M1958_1878-08-01_OBS-2.jpg
1878	08	13	07	00	0	13.24	|	orig=0.391 inHg|Local time: 0700|QC flag: none|Image File: YorkFactory_USSS-314_M1958_1878-08-01_OBS-2.jpg
1878	08	13	14	00	0	13.78	|	orig=0.407 inHg|Local time: 1400|QC flag: none|Image File: YorkFactory_USSS-314_M1958_1878-08-01_OBS-2.jpg
1878	08	13	21	00	0	11.55	|	orig=0.341 inHg|Local time: 2100|QC flag: none|Image File: YorkFactory_USSS-314_M1958_1878-08-01_OBS-2.jpg
1878	08	14	07	00	0	12.26	|	orig=0.362 inHg|Local time: 0700|QC flag: none|Image File: YorkFactory_USSS-314_M1958_1878-08-01_OBS-2.jpg
1878	08	14	14	00	0	14.60	|	orig=0.431 inHg|Local time: 1400|QC flag: none|Image File: YorkFactory_USSS-314_M1958_1878-08-01_OBS-2.jpg
1878	08	14	21	00	0	11.55	|	orig=0.341 inHg|Local time: 2100|QC flag: none|Image File: YorkFactory_USSS-314_M1958_1878-08-01_OBS-2.jpg
1878	08	15	07	00	0	12.50	|	orig=0.369 inHg|Local time: 0700|QC flag: none|Image File: YorkFactory_USSS-314_M1958_1878-08-01_OBS-2.jpg
1878	08	15	14	00	0	14.70	|	orig=0.434 inHg|Local time: 1400|QC flag: none|Image File: YorkFactory_USSS-314_M1958_1878-08-01_OBS-2.jpg
1878	08	15	21	00	0	11.31	|	orig=0.334 inHg|Local time: 2100|QC flag: none|Image File: YorkFactory_USSS-314_M1958_1878-08-01_OBS-2.jpg
1878	08	16	07	00	0	13.00	|	orig=0.384 inHg|Local time: 0700|QC flag: none|Image File: YorkFactory_USSS-314_M1958_1878-08-01_OBS-2.jpg
1878	08	16	14	00	0	16.15	|	orig=0.477 inHg|Local time: 1400|QC flag: none|Image File: YorkFactory_USSS-314_M1958_1878-08-01_OBS-2.jpg
1878	08	16	21	00	0	11.99	|	orig=0.354 inHg|Local time: 2100|QC flag: none|Image File: YorkFactory_USSS-314_M1958_1878-08-01_OBS-2.jpg
1878	08	17	07	00	0	15.04	|	orig=0.444 inHg|Local time: 0700|QC flag: none|Image File: YorkFactory_USSS-314_M1958_1878-08-01_OBS-2.jpg
1878	08	17	14	00	0	17.91	|	orig=0.529 inHg|Local time: 1400|QC flag: none|Image File: YorkFactory_USSS-314_M1958_1878-08-01_OBS-2.jpg
1878	08	17	21	00	0	12.80	|	orig=0.378 inHg|Local time: 2100|QC flag: none|Image File: YorkFactory_USSS-314_M1958_1878-08-01_OBS-2.jpg
1878	08	18	07	00	0	10.06	|	orig=0.297 inHg|Local time: 0700|QC flag: none|Image File: YorkFactory_USSS-314_M1958_1878-08-01_OBS-2.jpg
1878	08	18	14	00	0	13.65	|	orig=0.403 inHg|Local time: 1400|QC flag: none|Image File: YorkFactory_USSS-314_M1958_1878-08-01_OBS-2.jpg
1878	08	18	21	00	0	12.02	|	orig=0.355 inHg|Local time: 2100|QC flag: none|Image File: YorkFactory_USSS-314_M1958_1878-08-01_OBS-2.jpg
1878	08	19	07	00	0	10.06	|	orig=0.297 inHg|Local time: 0700|QC flag: none|Image File: YorkFactory_USSS-314_M1958_1878-08-01_OBS-2.jpg
1878	08	19	14	00	0	16.36	|	orig=0.483 inHg|Local time: 1400|QC flag: none|Image File: YorkFactory_USSS-314_M1958_1878-08-01_OBS-2.jpg
1878	08	19	21	00	0	12.02	|	orig=0.355 inHg|Local time: 2100|QC flag: none|Image File: YorkFactory_USSS-314_M1958_1878-08-01_OBS-2.jpg
1878	08	20	07	00	0	11.14	|	orig=0.329 inHg|Local time: 0700|QC flag: none|Image File: YorkFactory_USSS-314_M1958_1878-08-01_OBS-2.jpg
1878	08	20	14	00	0	21.88	|	orig=0.646 inHg|Local time: 1400|QC flag: none|Image File: YorkFactory_USSS-314_M1958_1878-08-01_OBS-2.jpg
1878	08	20	21	00	0	13.24	|	orig=0.391 inHg|Local time: 2100|QC flag: none|Image File: YorkFactory_USSS-314_M1958_1878-08-01_OBS-2.jpg
1878	08	21	07	00	0	10.46	|	orig=0.309 inHg|Local time: 0700|QC flag: none|Image File: YorkFactory_USSS-314_M1958_1878-08-01_OBS-2.jpg
1878	08	21	14	00	0	11.68	|	orig=0.345 inHg|Local time: 1400|QC flag: none|Image File: YorkFactory_USSS-314_M1958_1878-08-01_OBS-2.jpg
1878	08	21	21	00	0	14.09	|	orig=0.416 inHg|Local time: 2100|QC flag: none|Image File: YorkFactory_USSS-314_M1958_1878-08-01_OBS-2.jpg
1878	08	22	07	00	0	12.46	|	orig=0.368 inHg|Local time: 0700|QC flag: none|Image File: YorkFactory_USSS-314_M1958_1878-08-01_OBS-2.jpg
1878	08	22	14	00	0	8.74	|	orig=0.258 inHg|Local time: 1400|QC flag: none|Image File: YorkFactory_USSS-314_M1958_1878-08-01_OBS-2.jpg
1878	08	22	21	00	0	19.34	|	orig=0.571 inHg|Local time: 2100|QC flag: none|Image File: YorkFactory_USSS-314_M1958_1878-08-01_OBS-2.jpg
1878	08	23	07	00	0	17.24	|	orig=0.509 inHg|Local time: 0700|QC flag: none|Image File: YorkFactory_USSS-314_M1958_1878-08-01_OBS-2.jpg
1878	08	23	14	00	0	14.32	|	orig=0.423 inHg|Local time: 1400|QC flag: none|Image File: YorkFactory_USSS-314_M1958_1878-08-01_OBS-2.jpg
1878	08	23	21	00	0	10.26	|	orig=0.303 inHg|Local time: 2100|QC flag: none|Image File: YorkFactory_USSS-314_M1958_1878-08-01_OBS-2.jpg
1878	08	24	07	00	0	11.55	|	orig=0.341 inHg|Local time: 0700|QC flag: none|Image File: YorkFactory_USSS-314_M1958_1878-08-01_OBS-2.jpg
1878	08	24	14	00	0	15.88	|	orig=0.469 inHg|Local time: 1400|QC flag: none|Image File: YorkFactory_USSS-314_M1958_1878-08-01_OBS-2.jpg
1878	08	24	21	00	0	15.68	|	orig=0.463 inHg|Local time: 2100|QC flag: none|Image File: YorkFactory_USSS-314_M1958_1878-08-01_OBS-2.jpg
1878	08	25	07	00	0	10.70	|	orig=0.316 inHg|Local time: 0700|QC flag: none|Image File: YorkFactory_USSS-314_M1958_1878-08-01_OBS-2.jpg
1878	08	25	14	00	0	18.15	|	orig=0.536 inHg|Local time: 1400|QC flag: none|Image File: YorkFactory_USSS-314_M1958_1878-08-01_OBS-2.jpg
1878	08	25	21	00	0	15.31	|	orig=0.452 inHg|Local time: 2100|QC flag: none|Image File: YorkFactory_USSS-314_M1958_1878-08-01_OBS-2.jpg
1878	08	26	07	00	0	8.80	|	orig=0.260 inHg|Local time: 0700|QC flag: none|Image File: YorkFactory_USSS-314_M1958_1878-08-01_OBS-2.jpg
1878	08	26	14	00	0	17.68	|	orig=0.522 inHg|Local time: 1400|QC flag: none|Image File: YorkFactory_USSS-314_M1958_1878-08-01_OBS-2.jpg
1878	08	26	21	00	0	13.68	|	orig=0.404 inHg|Local time: 2100|QC flag: none|Image File: YorkFactory_USSS-314_M1958_1878-08-01_OBS-2.jpg
1878	08	27	07	00	0	9.31	|	orig=0.275 inHg|Local time: 0700|QC flag: none|Image File: YorkFactory_USSS-314_M1958_1878-08-01_OBS-2.jpg
1878	08	27	14	00	0	17.58	|	orig=0.519 inHg|Local time: 1400|QC flag: none|Image File: YorkFactory_USSS-314_M1958_1878-08-01_OBS-2.jpg
1878	08	27	21	00	0	12.94	|	orig=0.382 inHg|Local time: 2100|QC flag: none|Image File: YorkFactory_USSS-314_M1958_1878-08-01_OBS-2.jpg
1878	08	28	07	00	0	9.52	|	orig=0.281 inHg|Local time: 0700|QC flag: none|Image File: YorkFactory_USSS-314_M1958_1878-08-01_OBS-2.jpg
1878	08	28	14	00	0	15.51	|	orig=0.458 inHg|Local time: 1400|QC flag: none|Image File: YorkFactory_USSS-314_M1958_1878-08-01_OBS-2.jpg
1878	08	28	21	00	0	13.68	|	orig=0.404 inHg|Local time: 2100|QC flag: none|Image File: YorkFactory_USSS-314_M1958_1878-08-01_OBS-2.jpg
1878	08	29	07	00	0	9.65	|	orig=0.285 inHg|Local time: 0700|QC flag: none|Image File: YorkFactory_USSS-314_M1958_1878-08-01_OBS-2.jpg
1878	08	29	14	00	0	20.35	|	orig=0.601 inHg|Local time: 1400|QC flag: none|Image File: YorkFactory_USSS-314_M1958_1878-08-01_OBS-2.jpg
1878	08	29	21	00	0	15.00	|	orig=0.443 inHg|Local time: 2100|QC flag: none|Image File: YorkFactory_USSS-314_M1958_1878-08-01_OBS-2.jpg
1878	08	30	07	00	0	11.55	|	orig=0.341 inHg|Local time: 0700|QC flag: none|Image File: YorkFactory_USSS-314_M1958_1878-08-01_OBS-2.jpg
1878	08	30	14	00	0	18.15	|	orig=0.536 inHg|Local time: 1400|QC flag: none|Image File: YorkFactory_USSS-314_M1958_1878-08-01_OBS-2.jpg
1878	08	30	21	00	0	13.55	|	orig=0.400 inHg|Local time: 2100|QC flag: none|Image File: YorkFactory_USSS-314_M1958_1878-08-01_OBS-2.jpg
1878	08	31	07	00	0	10.70	|	orig=0.316 inHg|Local time: 0700|QC flag: none|Image File: YorkFactory_USSS-314_M1958_1878-08-01_OBS-2.jpg
1878	08	31	14	00	0	16.32	|	orig=0.482 inHg|Local time: 1400|QC flag: none|Image File: YorkFactory_USSS-314_M1958_1878-08-01_OBS-2.jpg
1878	08	31	21	00	0	15.88	|	orig=0.469 inHg|Local time: 2100|QC flag: none|Image File: YorkFactory_USSS-314_M1958_1878-08-01_OBS-2.jpg
1878	09	01	07	00	0	8.50	|	orig=251 inHg|Local time: 0700|QC flag: none|Image File: YorkFactory_USSS-314_M1958_1878-09-01_OBS-2.jpg
1878	09	01	14	00	0	13.55	|	orig=400 inHg|Local time: 1400|QC flag: none|Image File: YorkFactory_USSS-314_M1958_1878-09-01_OBS-2.jpg
1878	09	01	21	00	0	9.55	|	orig=282 inHg|Local time: 2100|QC flag: none|Image File: YorkFactory_USSS-314_M1958_1878-09-01_OBS-2.jpg
1878	09	02	07	00	0	8.23	|	orig=243 inHg|Local time: 0700|QC flag: none|Image File: YorkFactory_USSS-314_M1958_1878-09-01_OBS-2.jpg
1878	09	02	14	00	0	11.82	|	orig=349 inHg|Local time: 1400|QC flag: none|Image File: YorkFactory_USSS-314_M1958_1878-09-01_OBS-2.jpg
1878	09	02	21	00	0	8.77	|	orig=259 inHg|Local time: 2100|QC flag: none|Image File: YorkFactory_USSS-314_M1958_1878-09-01_OBS-2.jpg
1878	09	03	07	00	0	6.94	|	orig=205 inHg|Local time: 0700|QC flag: none|Image File: YorkFactory_USSS-314_M1958_1878-09-01_OBS-2.jpg
1878	09	03	14	00	0	11.31	|	orig=334 inHg|Local time: 1400|QC flag: none|Image File: YorkFactory_USSS-314_M1958_1878-09-01_OBS-2.jpg
1878	09	03	21	00	0	10.70	|	orig=316 inHg|Local time: 2100|QC flag: none|Image File: YorkFactory_USSS-314_M1958_1878-09-01_OBS-2.jpg
1878	09	04	07	00	0	6.77	|	orig=200 inHg|Local time: 0700|QC flag: None|Image File: YorkFactory_USSS-314_M1958_1878-09-01_OBS-2.jpg
1878	09	04	14	00	0	11.55	|	orig=341 inHg|Local time: 1400|QC flag: none|Image File: YorkFactory_USSS-314_M1958_1878-09-01_OBS-2.jpg
1878	09	04	21	00	0	11.55	|	orig=341 inHg|Local time: 2100|QC flag: none|Image File: YorkFactory_USSS-314_M1958_1878-09-01_OBS-2.jpg
1878	09	05	07	00	0	8.67	|	orig=256 inHg|Local time: 0700|QC flag: none|Image File: YorkFactory_USSS-314_M1958_1878-09-01_OBS-2.jpg
1878	09	05	14	00	0	11.78	|	orig=348 inHg|Local time: 1400|QC flag: none|Image File: YorkFactory_USSS-314_M1958_1878-09-01_OBS-2.jpg
1878	09	05	21	00	0	7.99	|	orig=236 inHg|Local time: 2100|QC flag: none|Image File: YorkFactory_USSS-314_M1958_1878-09-01_OBS-2.jpg
1878	09	06	07	00	0	6.06	|	orig=179 inHg|Local time: 0700|QC flag: low value|Image File: YorkFactory_USSS-314_M1958_1878-09-01_OBS-2.jpg
1878	09	06	14	00	0	10.50	|	orig=310 inHg|Local time: 1400|QC flag: none|Image File: YorkFactory_USSS-314_M1958_1878-09-01_OBS-2.jpg
1878	09	06	21	00	0	7.55	|	orig=223 inHg|Local time: 2100|QC flag: none|Image File: YorkFactory_USSS-314_M1958_1878-09-01_OBS-2.jpg
1878	09	07	07	00	0	5.93	|	orig=175 inHg|Local time: 0700|QC flag: low value|Image File: YorkFactory_USSS-314_M1958_1878-09-01_OBS-2.jpg
1878	09	07	14	00	0	8.20	|	orig=242 inHg|Local time: 1400|QC flag: none|Image File: YorkFactory_USSS-314_M1958_1878-09-01_OBS-2.jpg
1878	09	07	21	00	0	7.08	|	orig=209 inHg|Local time: 2100|QC flag: none|Image File: YorkFactory_USSS-314_M1958_1878-09-01_OBS-2.jpg
1878	09	08	07	00	0	8.80	|	orig=260 inHg|Local time: 0700|QC flag: none|Image File: YorkFactory_USSS-314_M1958_1878-09-01_OBS-2.jpg
1878	09	08	14	00	0	11.34	|	orig=335 inHg|Local time: 1400|QC flag: none|Image File: YorkFactory_USSS-314_M1958_1878-09-01_OBS-2.jpg
1878	09	08	21	00	0	8.23	|	orig=243 inHg|Local time: 2100|QC flag: none|Image File: YorkFactory_USSS-314_M1958_1878-09-01_OBS-2.jpg
1878	09	09	07	00	0	7.45	|	orig=220 inHg|Local time: 0700|QC flag: none|Image File: YorkFactory_USSS-314_M1958_1878-09-01_OBS-2.jpg
1878	09	09	14	00	0	8.23	|	orig=243 inHg|Local time: 1400|QC flag: none|Image File: YorkFactory_USSS-314_M1958_1878-09-01_OBS-2.jpg
1878	09	09	21	00	0	7.75	|	orig=229 inHg|Local time: 2100|QC flag: none|Image File: YorkFactory_USSS-314_M1958_1878-09-01_OBS-2.jpg
1878	09	10	07	00	0	6.91	|	orig=204 inHg|Local time: 0700|QC flag: none|Image File: YorkFactory_USSS-314_M1958_1878-09-01_OBS-2.jpg
1878	09	10	14	00	0	7.86	|	orig=232 inHg|Local time: 1400|QC flag: none|Image File: YorkFactory_USSS-314_M1958_1878-09-01_OBS-2.jpg
1878	09	10	21	00	0	6.94	|	orig=205 inHg|Local time: 2100|QC flag: none|Image File: YorkFactory_USSS-314_M1958_1878-09-01_OBS-2.jpg
1878	09	11	07	00	0	6.16	|	orig=182 inHg|Local time: 0700|QC flag: low value|Image File: YorkFactory_USSS-314_M1958_1878-09-01_OBS-2.jpg
1878	09	11	14	00	0	7.69	|	orig=227 inHg|Local time: 1400|QC flag: none|Image File: YorkFactory_USSS-314_M1958_1878-09-01_OBS-2.jpg
1878	09	11	21	00	0	6.67	|	orig=197 inHg|Local time: 2100|QC flag: low value|Image File: YorkFactory_USSS-314_M1958_1878-09-01_OBS-2.jpg
1878	09	12	07	00	0	6.06	|	orig=179 inHg|Local time: 0700|QC flag: low value|Image File: YorkFactory_USSS-314_M1958_1878-09-01_OBS-2.jpg
1878	09	12	14	00	0	7.59	|	orig=224 inHg|Local time: 1400|QC flag: none|Image File: YorkFactory_USSS-314_M1958_1878-09-01_OBS-2.jpg
1878	09	12	21	00	0	6.81	|	orig=201 inHg|Local time: 2100|QC flag: none|Image File: YorkFactory_USSS-314_M1958_1878-09-01_OBS-2.jpg
1878	09	13	07	00	0	6.16	|	orig=182 inHg|Local time: 0700|QC flag: low value|Image File: YorkFactory_USSS-314_M1958_1878-09-01_OBS-2.jpg
1878	09	13	14	00	0	7.08	|	orig=209 inHg|Local time: 1400|QC flag: none|Image File: YorkFactory_USSS-314_M1958_1878-09-01_OBS-2.jpg
1878	09	13	21	00	0	6.40	|	orig=189 inHg|Local time: 2100|QC flag: low value|Image File: YorkFactory_USSS-314_M1958_1878-09-01_OBS-2.jpg
1878	09	14	07	00	0	6.54	|	orig=193 inHg|Local time: 0700|QC flag: low value|Image File: YorkFactory_USSS-314_M1958_1878-09-01_OBS-2.jpg
1878	09	14	14	00	0	7.25	|	orig=214 inHg|Local time: 1400|QC flag: none|Image File: YorkFactory_USSS-314_M1958_1878-09-01_OBS-2.jpg
1878	09	14	21	00	0	6.16	|	orig=182 inHg|Local time: 2100|QC flag: low value|Image File: YorkFactory_USSS-314_M1958_1878-09-01_OBS-2.jpg
1878	09	15	07	00	0	6.30	|	orig=186 inHg|Local time: 0700|QC flag: low value|Image File: YorkFactory_USSS-314_M1958_1878-09-01_OBS-2.jpg
1878	09	15	14	00	0	7.15	|	orig=211 inHg|Local time: 1400|QC flag: none|Image File: YorkFactory_USSS-314_M1958_1878-09-01_OBS-2.jpg
1878	09	15	21	00	0	7.08	|	orig=209 inHg|Local time: 2100|QC flag: none|Image File: YorkFactory_USSS-314_M1958_1878-09-01_OBS-2.jpg
1878	09	16	07	00	0	6.40	|	orig=189 inHg|Local time: 0700|QC flag: low value|Image File: YorkFactory_USSS-314_M1958_1878-09-01_OBS-2.jpg
1878	09	16	14	00	0	7.38	|	orig=218 inHg|Local time: 1400|QC flag: none|Image File: YorkFactory_USSS-314_M1958_1878-09-01_OBS-2.jpg
1878	09	16	21	00	0	7.18	|	orig=212 inHg|Local time: 2100|QC flag: none|Image File: YorkFactory_USSS-314_M1958_1878-09-01_OBS-2.jpg
1878	09	17	07	00	0	7.18	|	orig=212 inHg|Local time: 0700|QC flag: none|Image File: YorkFactory_USSS-314_M1958_1878-09-01_OBS-2.jpg
1878	09	17	14	00	0	7.45	|	orig=220 inHg|Local time: 1400|QC flag: none|Image File: YorkFactory_USSS-314_M1958_1878-09-01_OBS-2.jpg
1878	09	17	21	00	0	7.25	|	orig=214 inHg|Local time: 2100|QC flag: none|Image File: YorkFactory_USSS-314_M1958_1878-09-01_OBS-2.jpg
1878	09	18	07	00	0	6.94	|	orig=205 inHg|Local time: 0700|QC flag: none|Image File: YorkFactory_USSS-314_M1958_1878-09-01_OBS-2.jpg
1878	09	18	14	00	0	7.96	|	orig=235 inHg|Local time: 1400|QC flag: none|Image File: YorkFactory_USSS-314_M1958_1878-09-01_OBS-2.jpg
1878	09	18	21	00	0	7.69	|	orig=227 inHg|Local time: 2100|QC flag: none|Image File: YorkFactory_USSS-314_M1958_1878-09-01_OBS-2.jpg
1878	09	19	07	00	0	6.67	|	orig=197 inHg|Local time: 0700|QC flag: low value|Image File: YorkFactory_USSS-314_M1958_1878-09-01_OBS-2.jpg
1878	09	19	14	00	0	7.86	|	orig=232 inHg|Local time: 1400|QC flag: none|Image File: YorkFactory_USSS-314_M1958_1878-09-01_OBS-2.jpg
1878	09	19	21	00	0	7.25	|	orig=214 inHg|Local time: 2100|QC flag: none|Image File: YorkFactory_USSS-314_M1958_1878-09-01_OBS-2.jpg
1878	09	20	07	00	0	6.94	|	orig=205 inHg|Local time: 0700|QC flag: none|Image File: YorkFactory_USSS-314_M1958_1878-09-01_OBS-2.jpg
1878	09	20	14	00	0	8.87	|	orig=262 inHg|Local time: 1400|QC flag: none|Image File: YorkFactory_USSS-314_M1958_1878-09-01_OBS-2.jpg
1878	09	20	21	00	0	8.70	|	orig=257 inHg|Local time: 2100|QC flag: none|Image File: YorkFactory_USSS-314_M1958_1878-09-01_OBS-2.jpg
1878	09	21	07	00	0	8.06	|	orig=238 inHg|Local time: 0700|QC flag: none|Image File: YorkFactory_USSS-314_M1958_1878-09-01_OBS-2.jpg
1878	09	21	14	00	0	8.43	|	orig=249 inHg|Local time: 1400|QC flag: none|Image File: YorkFactory_USSS-314_M1958_1878-09-01_OBS-2.jpg
1878	09	21	21	00	0	7.25	|	orig=214 inHg|Local time: 2100|QC flag: none|Image File: YorkFactory_USSS-314_M1958_1878-09-01_OBS-2.jpg
1878	09	22	07	00	0	6.03	|	orig=178 inHg|Local time: 0700|QC flag: low value|Image File: YorkFactory_USSS-314_M1958_1878-09-01_OBS-2.jpg
1878	09	22	14	00	0	6.94	|	orig=205 inHg|Local time: 1400|QC flag: none|Image File: YorkFactory_USSS-314_M1958_1878-09-01_OBS-2.jpg
1878	09	22	21	00	0	6.40	|	orig=189 inHg|Local time: 2100|QC flag: low value|Image File: YorkFactory_USSS-314_M1958_1878-09-01_OBS-2.jpg
1878	09	23	07	00	0	6.13	|	orig=181 inHg|Local time: 0700|QC flag: low value|Image File: YorkFactory_USSS-314_M1958_1878-09-01_OBS-2.jpg
1878	09	23	14	00	0	6.40	|	orig=189 inHg|Local time: 1400|QC flag: low value|Image File: YorkFactory_USSS-314_M1958_1878-09-01_OBS-2.jpg
1878	09	23	21	00	0	6.23	|	orig=184 inHg|Local time: 2100|QC flag: low value|Image File: YorkFactory_USSS-314_M1958_1878-09-01_OBS-2.jpg
1878	09	24	07	00	0	5.69	|	orig=168 inHg|Local time: 0700|QC flag: low value|Image File: YorkFactory_USSS-314_M1958_1878-09-01_OBS-2.jpg
1878	09	24	14	00	0	6.54	|	orig=193 inHg|Local time: 1400|QC flag: low value|Image File: YorkFactory_USSS-314_M1958_1878-09-01_OBS-2.jpg
1878	09	24	21	00	0	6.26	|	orig=185 inHg|Local time: 2100|QC flag: low value|Image File: YorkFactory_USSS-314_M1958_1878-09-01_OBS-2.jpg
1878	09	25	07	00	0	5.55	|	orig=164 inHg|Local time: 0700|QC flag: low value|Image File: YorkFactory_USSS-314_M1958_1878-09-01_OBS-2.jpg
1878	09	25	14	00	0	6.40	|	orig=189 inHg|Local time: 1400|QC flag: low value|Image File: YorkFactory_USSS-314_M1958_1878-09-01_OBS-2.jpg
1878	09	25	21	00	0	6.16	|	orig=182 inHg|Local time: 2100|QC flag: low value|Image File: YorkFactory_USSS-314_M1958_1878-09-01_OBS-2.jpg
1878	09	26	07	00	0	5.45	|	orig=161 inHg|Local time: 0700|QC flag: low value|Image File: YorkFactory_USSS-314_M1958_1878-09-01_OBS-2.jpg
1878	09	26	14	00	0	6.03	|	orig=178 inHg|Local time: 1400|QC flag: low value|Image File: YorkFactory_USSS-314_M1958_1878-09-01_OBS-2.jpg
1878	09	26	21	00	0	5.93	|	orig=175 inHg|Local time: 2100|QC flag: low value|Image File: YorkFactory_USSS-314_M1958_1878-09-01_OBS-2.jpg
1878	09	27	07	00	0	5.22	|	orig=154 inHg|Local time: 0700|QC flag: low value|Image File: YorkFactory_USSS-314_M1958_1878-09-01_OBS-2.jpg
1878	09	27	14	00	0	6.23	|	orig=184 inHg|Local time: 1400|QC flag: low value|Image File: YorkFactory_USSS-314_M1958_1878-09-01_OBS-2.jpg
1878	09	27	21	00	0	5.59	|	orig=165 inHg|Local time: 2100|QC flag: low value|Image File: YorkFactory_USSS-314_M1958_1878-09-01_OBS-2.jpg
1878	09	28	07	00	0	5.11	|	orig=151 inHg|Local time: 0700|QC flag: low value|Image File: YorkFactory_USSS-314_M1958_1878-09-01_OBS-2.jpg
1878	09	28	14	00	0	6.03	|	orig=178 inHg|Local time: 1400|QC flag: low value|Image File: YorkFactory_USSS-314_M1958_1878-09-01_OBS-2.jpg
1878	09	28	21	00	0	5.69	|	orig=168 inHg|Local time: 2100|QC flag: low value|Image File: YorkFactory_USSS-314_M1958_1878-09-01_OBS-2.jpg
1878	09	29	07	00	0	5.01	|	orig=148 inHg|Local time: 0700|QC flag: low value|Image File: YorkFactory_USSS-314_M1958_1878-09-01_OBS-2.jpg
1878	09	29	14	00	0	6.13	|	orig=181 inHg|Local time: 1400|QC flag: low value|Image File: YorkFactory_USSS-314_M1958_1878-09-01_OBS-2.jpg
1878	09	29	21	00	0	5.45	|	orig=161 inHg|Local time: 2100|QC flag: low value|Image File: YorkFactory_USSS-314_M1958_1878-09-01_OBS-2.jpg
1878	09	30	07	00	0	5.69	|	orig=168 inHg|Local time: 0700|QC flag: low value|Image File: YorkFactory_USSS-314_M1958_1878-09-01_OBS-2.jpg
1878	09	30	14	00	0	7.69	|	orig=227 inHg|Local time: 1400|QC flag: none|Image File: YorkFactory_USSS-314_M1958_1878-09-01_OBS-2.jpg
1878	09	30	21	00	0	7.72	|	orig=228 inHg|Local time: 2100|QC flag: none|Image File: YorkFactory_USSS-314_M1958_1878-09-01_OBS-2.jpg
1878	10	01	07	00	0	5.89	|	orig=174 inHg|Local time: 0700|QC flag: low value|Image File: YorkFactory_USSS-314_M1958_1878-10-01_OBS-2.jpg
1878	10	01	14	00	0	5.69	|	orig=168 inHg|Local time: 1400|QC flag: low value|Image File: YorkFactory_USSS-314_M1958_1878-10-01_OBS-2.jpg
1878	10	01	21	00	0	5.11	|	orig=151 inHg|Local time: 2100|QC flag: low value|Image File: YorkFactory_USSS-314_M1958_1878-10-01_OBS-2.jpg
1878	10	02	07	00	0	4.67	|	orig=138 inHg|Local time: 0700|QC flag: low value|Image File: YorkFactory_USSS-314_M1958_1878-10-01_OBS-2.jpg
1878	10	02	14	00	0	5.69	|	orig=168 inHg|Local time: 1400|QC flag: low value|Image File: YorkFactory_USSS-314_M1958_1878-10-01_OBS-2.jpg
1878	10	02	21	00	0	5.22	|	orig=154 inHg|Local time: 2100|QC flag: low value|Image File: YorkFactory_USSS-314_M1958_1878-10-01_OBS-2.jpg
1878	10	03	07	00	0	4.47	|	orig=132 inHg|Local time: 0700|QC flag: low value|Image File: YorkFactory_USSS-314_M1958_1878-10-01_OBS-2.jpg
1878	10	03	14	00	0	5.45	|	orig=161 inHg|Local time: 1400|QC flag: low value|Image File: YorkFactory_USSS-314_M1958_1878-10-01_OBS-2.jpg
1878	10	03	21	00	0	5.01	|	orig=148 inHg|Local time: 2100|QC flag: low value|Image File: YorkFactory_USSS-314_M1958_1878-10-01_OBS-2.jpg
1878	10	04	07	00	0	4.67	|	orig=138 inHg|Local time: 0700|QC flag: low value|Image File: YorkFactory_USSS-314_M1958_1878-10-01_OBS-2.jpg
1878	10	04	14	00	0	5.99	|	orig=177 inHg|Local time: 1400|QC flag: low value|Image File: YorkFactory_USSS-314_M1958_1878-10-01_OBS-2.jpg
1878	10	04	21	00	0	5.89	|	orig=174 inHg|Local time: 2100|QC flag: low value|Image File: YorkFactory_USSS-314_M1958_1878-10-01_OBS-2.jpg
1878	10	05	07	00	0	4.47	|	orig=132 inHg|Local time: 0700|QC flag: low value|Image File: YorkFactory_USSS-314_M1958_1878-10-01_OBS-2.jpg
1878	10	05	14	00	0	5.22	|	orig=154 inHg|Local time: 1400|QC flag: low value|Image File: YorkFactory_USSS-314_M1958_1878-10-01_OBS-2.jpg
1878	10	05	21	00	0	4.57	|	orig=135 inHg|Local time: 2100|QC flag: low value|Image File: YorkFactory_USSS-314_M1958_1878-10-01_OBS-2.jpg
1878	10	06	07	00	0	4.47	|	orig=132 inHg|Local time: 0700|QC flag: low value|Image File: YorkFactory_USSS-314_M1958_1878-10-01_OBS-2.jpg
1878	10	06	14	00	0	5.01	|	orig=148 inHg|Local time: 1400|QC flag: low value|Image File: YorkFactory_USSS-314_M1958_1878-10-01_OBS-2.jpg
1878	10	06	21	00	0	4.57	|	orig=135 inHg|Local time: 2100|QC flag: low value|Image File: YorkFactory_USSS-314_M1958_1878-10-01_OBS-2.jpg
1878	10	07	07	00	0	-999	|	orig=Illegible inHg|Local time: 0700|QC flag: illegible|Image File: YorkFactory_USSS-314_M1958_1878-10-01_OBS-2.jpg
1878	10	07	14	00	0	5.18	|	orig=153 inHg|Local time: 1400|QC flag: low value|Image File: YorkFactory_USSS-314_M1958_1878-10-01_OBS-2.jpg
1878	10	07	21	00	0	4.98	|	orig=147 inHg|Local time: 2100|QC flag: low value|Image File: YorkFactory_USSS-314_M1958_1878-10-01_OBS-2.jpg
1878	10	08	07	00	0	3.89	|	orig=115 inHg|Local time: 0700|QC flag: low value|Image File: YorkFactory_USSS-314_M1958_1878-10-01_OBS-2.jpg
1878	10	08	14	00	0	4.67	|	orig=138 inHg|Local time: 1400|QC flag: low value|Image File: YorkFactory_USSS-314_M1958_1878-10-01_OBS-2.jpg
1878	10	08	21	00	0	4.27	|	orig=126 inHg|Local time: 2100|QC flag: low value|Image File: YorkFactory_USSS-314_M1958_1878-10-01_OBS-2.jpg
1878	10	09	07	00	0	3.73	|	orig=110 inHg|Local time: 0700|QC flag: low value|Image File: YorkFactory_USSS-314_M1958_1878-10-01_OBS-2.jpg
1878	10	09	14	00	0	4.17	|	orig=123 inHg|Local time: 1400|QC flag: low value|Image File: YorkFactory_USSS-314_M1958_1878-10-01_OBS-2.jpg
1878	10	09	21	00	0	3.79	|	orig=112 inHg|Local time: 2100|QC flag: low value|Image File: YorkFactory_USSS-314_M1958_1878-10-01_OBS-2.jpg
1878	10	10	07	00	0	3.45	|	orig=102 inHg|Local time: 0700|QC flag: low value|Image File: YorkFactory_USSS-314_M1958_1878-10-01_OBS-2.jpg
1878	10	10	14	00	0	4.47	|	orig=132 inHg|Local time: 1400|QC flag: low value|Image File: YorkFactory_USSS-314_M1958_1878-10-01_OBS-2.jpg
1878	10	10	21	00	0	4.57	|	orig=135 inHg|Local time: 2100|QC flag: low value|Image File: YorkFactory_USSS-314_M1958_1878-10-01_OBS-2.jpg
1878	10	11	07	00	0	3.66	|	orig=108 inHg|Local time: 0700|QC flag: low value|Image File: YorkFactory_USSS-314_M1958_1878-10-01_OBS-2.jpg
1878	10	11	14	00	0	4.27	|	orig=126 inHg|Local time: 1400|QC flag: low value|Image File: YorkFactory_USSS-314_M1958_1878-10-01_OBS-2.jpg
1878	10	11	21	00	0	4.17	|	orig=123 inHg|Local time: 2100|QC flag: low value|Image File: YorkFactory_USSS-314_M1958_1878-10-01_OBS-2.jpg
1878	10	12	07	00	0	3.56	|	orig=105 inHg|Local time: 0700|QC flag: low value|Image File: YorkFactory_USSS-314_M1958_1878-10-01_OBS-2.jpg
1878	10	12	14	00	0	4.37	|	orig=129 inHg|Local time: 1400|QC flag: low value|Image File: YorkFactory_USSS-314_M1958_1878-10-01_OBS-2.jpg
1878	10	12	21	00	0	4.17	|	orig=123 inHg|Local time: 2100|QC flag: low value|Image File: YorkFactory_USSS-314_M1958_1878-10-01_OBS-2.jpg
1878	10	13	07	00	0	3.79	|	orig=112 inHg|Local time: 0700|QC flag: low value|Image File: YorkFactory_USSS-314_M1958_1878-10-01_OBS-2.jpg
1878	10	13	14	00	0	5.22	|	orig=154 inHg|Local time: 1400|QC flag: low value|Image File: YorkFactory_USSS-314_M1958_1878-10-01_OBS-2.jpg
1878	10	13	21	00	0	4.88	|	orig=144 inHg|Local time: 2100|QC flag: low value|Image File: YorkFactory_USSS-314_M1958_1878-10-01_OBS-2.jpg
1878	10	14	07	00	0	4.67	|	orig=138 inHg|Local time: 0700|QC flag: low value|Image File: YorkFactory_USSS-314_M1958_1878-10-01_OBS-2.jpg
1878	10	14	14	00	0	6.16	|	orig=182 inHg|Local time: 1400|QC flag: low value|Image File: YorkFactory_USSS-314_M1958_1878-10-01_OBS-2.jpg
1878	10	14	21	00	0	5.55	|	orig=164 inHg|Local time: 2100|QC flag: low value|Image File: YorkFactory_USSS-314_M1958_1878-10-01_OBS-2.jpg
1878	10	15	07	00	0	5.22	|	orig=154 inHg|Local time: 0700|QC flag: low value|Image File: YorkFactory_USSS-314_M1958_1878-10-01_OBS-2.jpg
1878	10	15	14	00	0	6.40	|	orig=189 inHg|Local time: 1400|QC flag: low value|Image File: YorkFactory_USSS-314_M1958_1878-10-01_OBS-2.jpg
1878	10	15	21	00	0	5.69	|	orig=168 inHg|Local time: 2100|QC flag: low value|Image File: YorkFactory_USSS-314_M1958_1878-10-01_OBS-2.jpg
1878	10	16	07	00	0	5.01	|	orig=148 inHg|Local time: 0700|QC flag: low value|Image File: YorkFactory_USSS-314_M1958_1878-10-01_OBS-2.jpg
1878	10	16	14	00	0	5.32	|	orig=157 inHg|Local time: 1400|QC flag: low value|Image File: YorkFactory_USSS-314_M1958_1878-10-01_OBS-2.jpg
1878	10	16	21	00	0	5.22	|	orig=154 inHg|Local time: 2100|QC flag: low value|Image File: YorkFactory_USSS-314_M1958_1878-10-01_OBS-2.jpg
1878	10	17	07	00	0	4.57	|	orig=135 inHg|Local time: 0700|QC flag: low value|Image File: YorkFactory_USSS-314_M1958_1878-10-01_OBS-2.jpg
1878	10	17	14	00	0	6.16	|	orig=182 inHg|Local time: 1400|QC flag: low value|Image File: YorkFactory_USSS-314_M1958_1878-10-01_OBS-2.jpg
1878	10	17	21	00	0	5.69	|	orig=168 inHg|Local time: 2100|QC flag: low value|Image File: YorkFactory_USSS-314_M1958_1878-10-01_OBS-2.jpg
1878	10	18	07	00	0	4.37	|	orig=129 inHg|Local time: 0700|QC flag: low value|Image File: YorkFactory_USSS-314_M1958_1878-10-01_OBS-2.jpg
1878	10	18	14	00	0	6.54	|	orig=193 inHg|Local time: 1400|QC flag: low value|Image File: YorkFactory_USSS-314_M1958_1878-10-01_OBS-2.jpg
1878	10	18	21	00	0	5.55	|	orig=164 inHg|Local time: 2100|QC flag: low value|Image File: YorkFactory_USSS-314_M1958_1878-10-01_OBS-2.jpg
1878	10	19	07	00	0	5.93	|	orig=175 inHg|Local time: 0700|QC flag: low value|Image File: YorkFactory_USSS-314_M1958_1878-10-01_OBS-2.jpg
1878	10	19	14	00	0	6.40	|	orig=189 inHg|Local time: 1400|QC flag: low value|Image File: YorkFactory_USSS-314_M1958_1878-10-01_OBS-2.jpg
1878	10	19	21	00	0	5.59	|	orig=165 inHg|Local time: 2100|QC flag: low value|Image File: YorkFactory_USSS-314_M1958_1878-10-01_OBS-2.jpg
1878	10	20	07	00	0	2.64	|	orig=078 inHg|Local time: 0700|QC flag: low value|Image File: YorkFactory_USSS-314_M1958_1878-10-01_OBS-2.jpg
1878	10	20	14	00	0	4.57	|	orig=135 inHg|Local time: 1400|QC flag: low value|Image File: YorkFactory_USSS-314_M1958_1878-10-01_OBS-2.jpg
1878	10	20	21	00	0	2.91	|	orig=086 inHg|Local time: 2100|QC flag: low value|Image File: YorkFactory_USSS-314_M1958_1878-10-01_OBS-2.jpg
1878	10	21	07	00	0	2.30	|	orig=068 inHg|Local time: 0700|QC flag: low value|Image File: YorkFactory_USSS-314_M1958_1878-10-01_OBS-2.jpg
1878	10	21	14	00	0	4.06	|	orig=120 inHg|Local time: 1400|QC flag: low value|Image File: YorkFactory_USSS-314_M1958_1878-10-01_OBS-2.jpg
1878	10	21	21	00	0	2.37	|	orig=070 inHg|Local time: 2100|QC flag: low value|Image File: YorkFactory_USSS-314_M1958_1878-10-01_OBS-2.jpg
1878	10	22	07	00	0	1.93	|	orig=057 inHg|Local time: 0700|QC flag: low value|Image File: YorkFactory_USSS-314_M1958_1878-10-01_OBS-2.jpg
1878	10	22	14	00	0	3.15	|	orig=093 inHg|Local time: 1400|QC flag: low value|Image File: YorkFactory_USSS-314_M1958_1878-10-01_OBS-2.jpg
1878	10	22	21	00	0	3.12	|	orig=092 inHg|Local time: 2100|QC flag: low value|Image File: YorkFactory_USSS-314_M1958_1878-10-01_OBS-2.jpg
1878	10	23	07	00	0	2.98	|	orig=088 inHg|Local time: 0700|QC flag: low value|Image File: YorkFactory_USSS-314_M1958_1878-10-01_OBS-2.jpg
1878	10	23	14	00	0	4.77	|	orig=141 inHg|Local time: 1400|QC flag: low value|Image File: YorkFactory_USSS-314_M1958_1878-10-01_OBS-2.jpg
1878	10	23	21	00	0	2.00	|	orig=059 inHg|Local time: 2100|QC flag: low value|Image File: YorkFactory_USSS-314_M1958_1878-10-01_OBS-2.jpg
1878	10	24	07	00	0	1.29	|	orig=038 inHg|Local time: 0700|QC flag: low value|Image File: YorkFactory_USSS-314_M1958_1878-10-01_OBS-2.jpg
1878	10	24	14	00	0	3.28	|	orig=097 inHg|Local time: 1400|QC flag: low value|Image File: YorkFactory_USSS-314_M1958_1878-10-01_OBS-2.jpg
1878	10	24	21	00	0	2.03	|	orig=060 inHg|Local time: 2100|QC flag: low value|Image File: YorkFactory_USSS-314_M1958_1878-10-01_OBS-2.jpg
1878	10	25	07	00	0	1.96	|	orig=058 inHg|Local time: 0700|QC flag: low value|Image File: YorkFactory_USSS-314_M1958_1878-10-01_OBS-2.jpg
1878	10	25	14	00	0	3.25	|	orig=096 inHg|Local time: 1400|QC flag: low value|Image File: YorkFactory_USSS-314_M1958_1878-10-01_OBS-2.jpg
1878	10	25	21	00	0	2.40	|	orig=071 inHg|Local time: 2100|QC flag: low value|Image File: YorkFactory_USSS-314_M1958_1878-10-01_OBS-2.jpg
1878	10	26	07	00	0	2.00	|	orig=059 inHg|Local time: 0700|QC flag: low value|Image File: YorkFactory_USSS-314_M1958_1878-10-01_OBS-2.jpg
1878	10	26	14	00	0	3.05	|	orig=090 inHg|Local time: 1400|QC flag: low value|Image File: YorkFactory_USSS-314_M1958_1878-10-01_OBS-2.jpg
1878	10	26	21	00	0	2.34	|	orig=069 inHg|Local time: 2100|QC flag: low value|Image File: YorkFactory_USSS-314_M1958_1878-10-01_OBS-2.jpg
1878	10	27	07	00	0	2.10	|	orig=062 inHg|Local time: 0700|QC flag: low value|Image File: YorkFactory_USSS-314_M1958_1878-10-01_OBS-2.jpg
1878	10	27	14	00	0	3.12	|	orig=092 inHg|Local time: 1400|QC flag: low value|Image File: YorkFactory_USSS-314_M1958_1878-10-01_OBS-2.jpg
1878	10	27	21	00	0	1.96	|	orig=058 inHg|Local time: 2100|QC flag: low value|Image File: YorkFactory_USSS-314_M1958_1878-10-01_OBS-2.jpg
1878	10	28	07	00	0	1.83	|	orig=054 inHg|Local time: 0700|QC flag: low value|Image File: YorkFactory_USSS-314_M1958_1878-10-01_OBS-2.jpg
1878	10	28	14	00	0	1.86	|	orig=055 inHg|Local time: 1400|QC flag: low value|Image File: YorkFactory_USSS-314_M1958_1878-10-01_OBS-2.jpg
1878	10	28	21	00	0	1.96	|	orig=058 inHg|Local time: 2100|QC flag: low value|Image File: YorkFactory_USSS-314_M1958_1878-10-01_OBS-2.jpg
1878	10	29	07	00	0	2.37	|	orig=070 inHg|Local time: 0700|QC flag: low value|Image File: YorkFactory_USSS-314_M1958_1878-10-01_OBS-2.jpg
1878	10	29	14	00	0	2.98	|	orig=088 inHg|Local time: 1400|QC flag: low value|Image File: YorkFactory_USSS-314_M1958_1878-10-01_OBS-2.jpg
1878	10	29	21	00	0	2.78	|	orig=082 inHg|Local time: 2100|QC flag: low value|Image File: YorkFactory_USSS-314_M1958_1878-10-01_OBS-2.jpg
1878	10	30	07	00	0	2.00	|	orig=059 inHg|Local time: 0700|QC flag: low value|Image File: YorkFactory_USSS-314_M1958_1878-10-01_OBS-2.jpg
1878	10	30	14	00	0	2.24	|	orig=066 inHg|Local time: 1400|QC flag: low value|Image File: YorkFactory_USSS-314_M1958_1878-10-01_OBS-2.jpg
1878	10	30	21	00	0	2.03	|	orig=060 inHg|Local time: 2100|QC flag: low value|Image File: YorkFactory_USSS-314_M1958_1878-10-01_OBS-2.jpg
1878	10	31	07	00	0	1.83	|	orig=054 inHg|Local time: 0700|QC flag: low value|Image File: YorkFactory_USSS-314_M1958_1878-10-01_OBS-2.jpg
1878	10	31	14	00	0	2.51	|	orig=074 inHg|Local time: 1400|QC flag: low value|Image File: YorkFactory_USSS-314_M1958_1878-10-01_OBS-2.jpg
1878	10	31	21	00	0	2.44	|	orig=072 inHg|Local time: 2100|QC flag: low value|Image File: YorkFactory_USSS-314_M1958_1878-10-01_OBS-2.jpg
1878	11	01	07	00	0	1.79	|	orig=053 inHg|Local time: 0700|QC flag: low value|Image File: YorkFactory_USSS-314_M1958_1878-11-01_OBS-2.jpg
1878	11	01	14	00	0	2.57	|	orig=076 inHg|Local time: 1400|QC flag: low value|Image File: YorkFactory_USSS-314_M1958_1878-11-01_OBS-2.jpg
1878	11	01	21	00	0	1.42	|	orig=042 inHg|Local time: 2100|QC flag: low value|Image File: YorkFactory_USSS-314_M1958_1878-11-01_OBS-2.jpg
1878	11	02	07	00	0	2.03	|	orig=060 inHg|Local time: 0700|QC flag: low value|Image File: YorkFactory_USSS-314_M1958_1878-11-01_OBS-2.jpg
1878	11	02	14	00	0	2.37	|	orig=070 inHg|Local time: 1400|QC flag: low value|Image File: YorkFactory_USSS-314_M1958_1878-11-01_OBS-2.jpg
1878	11	02	21	00	0	1.63	|	orig=048 inHg|Local time: 2100|QC flag: low value|Image File: YorkFactory_USSS-314_M1958_1878-11-01_OBS-2.jpg
1878	11	03	07	00	0	0.71	|	orig=021 inHg|Local time: 0700|QC flag: low value|Image File: YorkFactory_USSS-314_M1958_1878-11-01_OBS-2.jpg
1878	11	03	14	00	0	1.25	|	orig=037 inHg|Local time: 1400|QC flag: low value|Image File: YorkFactory_USSS-314_M1958_1878-11-01_OBS-2.jpg
1878	11	03	21	00	0	0.81	|	orig=024 inHg|Local time: 2100|QC flag: low value|Image File: YorkFactory_USSS-314_M1958_1878-11-01_OBS-2.jpg
1878	11	04	07	00	0	0.54	|	orig=016 inHg|Local time: 0700|QC flag: low value|Image File: YorkFactory_USSS-314_M1958_1878-11-01_OBS-2.jpg
1878	11	04	14	00	0	2.17	|	orig=064 inHg|Local time: 1400|QC flag: low value|Image File: YorkFactory_USSS-314_M1958_1878-11-01_OBS-2.jpg
1878	11	04	21	00	0	2.51	|	orig=074 inHg|Local time: 2100|QC flag: low value|Image File: YorkFactory_USSS-314_M1958_1878-11-01_OBS-2.jpg
1878	11	05	07	00	0	1.93	|	orig=057 inHg|Local time: 0700|QC flag: low value|Image File: YorkFactory_USSS-314_M1958_1878-11-01_OBS-2.jpg
1878	11	05	14	00	0	3.52	|	orig=104 inHg|Local time: 1400|QC flag: low value|Image File: YorkFactory_USSS-314_M1958_1878-11-01_OBS-2.jpg
1878	11	05	21	00	0	2.71	|	orig=080 inHg|Local time: 2100|QC flag: low value|Image File: YorkFactory_USSS-314_M1958_1878-11-01_OBS-2.jpg
1878	11	06	07	00	0	4.47	|	orig=132 inHg|Local time: 0700|QC flag: low value|Image File: YorkFactory_USSS-314_M1958_1878-11-01_OBS-2.jpg
1878	11	06	14	00	0	4.57	|	orig=135 inHg|Local time: 1400|QC flag: low value|Image File: YorkFactory_USSS-314_M1958_1878-11-01_OBS-2.jpg
1878	11	06	21	00	0	4.37	|	orig=129 inHg|Local time: 2100|QC flag: low value|Image File: YorkFactory_USSS-314_M1958_1878-11-01_OBS-2.jpg
1878	11	07	07	00	0	3.62	|	orig=107 inHg|Local time: 0700|QC flag: low value|Image File: YorkFactory_USSS-314_M1958_1878-11-01_OBS-2.jpg
1878	11	07	14	00	0	4.17	|	orig=123 inHg|Local time: 1400|QC flag: low value|Image File: YorkFactory_USSS-314_M1958_1878-11-01_OBS-2.jpg
1878	11	07	21	00	0	3.52	|	orig=104 inHg|Local time: 2100|QC flag: low value|Image File: YorkFactory_USSS-314_M1958_1878-11-01_OBS-2.jpg
1878	11	08	07	00	0	2.10	|	orig=062 inHg|Local time: 0700|QC flag: low value|Image File: YorkFactory_USSS-314_M1958_1878-11-01_OBS-2.jpg
1878	11	08	14	00	0	4.67	|	orig=138 inHg|Local time: 1400|QC flag: low value|Image File: YorkFactory_USSS-314_M1958_1878-11-01_OBS-2.jpg
1878	11	08	21	00	0	4.37	|	orig=129 inHg|Local time: 2100|QC flag: low value|Image File: YorkFactory_USSS-314_M1958_1878-11-01_OBS-2.jpg
1878	11	09	07	00	0	4.77	|	orig=141 inHg|Local time: 0700|QC flag: low value|Image File: YorkFactory_USSS-314_M1958_1878-11-01_OBS-2.jpg
1878	11	09	14	00	0	6.03	|	orig=178 inHg|Local time: 1400|QC flag: low value|Image File: YorkFactory_USSS-314_M1958_1878-11-01_OBS-2.jpg
1878	11	09	21	00	0	5.32	|	orig=157 inHg|Local time: 2100|QC flag: low value|Image File: YorkFactory_USSS-314_M1958_1878-11-01_OBS-2.jpg
1878	11	10	07	00	0	2.84	|	orig=084 inHg|Local time: 0700|QC flag: low value|Image File: YorkFactory_USSS-314_M1958_1878-11-01_OBS-2.jpg
1878	11	10	14	00	0	5.11	|	orig=151 inHg|Local time: 1400|QC flag: low value|Image File: YorkFactory_USSS-314_M1958_1878-11-01_OBS-2.jpg
1878	11	10	21	00	0	5.22	|	orig=154 inHg|Local time: 2100|QC flag: low value|Image File: YorkFactory_USSS-314_M1958_1878-11-01_OBS-2.jpg
1878	11	11	07	00	0	5.52	|	orig=163 inHg|Local time: 0700|QC flag: low value|Image File: YorkFactory_USSS-314_M1958_1878-11-01_OBS-2.jpg
1878	11	11	14	00	0	4.77	|	orig=141 inHg|Local time: 1400|QC flag: low value|Image File: YorkFactory_USSS-314_M1958_1878-11-01_OBS-2.jpg
1878	11	11	21	00	0	3.39	|	orig=100 inHg|Local time: 2100|QC flag: low value|Image File: YorkFactory_USSS-314_M1958_1878-11-01_OBS-2.jpg
1878	11	12	07	00	0	2.71	|	orig=080 inHg|Local time: 0700|QC flag: low value|Image File: YorkFactory_USSS-314_M1958_1878-11-01_OBS-2.jpg
1878	11	12	14	00	0	4.00	|	orig=118 inHg|Local time: 1400|QC flag: low value|Image File: YorkFactory_USSS-314_M1958_1878-11-01_OBS-2.jpg
1878	11	12	21	00	0	2.64	|	orig=078 inHg|Local time: 2100|QC flag: low value|Image File: YorkFactory_USSS-314_M1958_1878-11-01_OBS-2.jpg
1878	11	13	07	00	0	2.71	|	orig=080 inHg|Local time: 0700|QC flag: low value|Image File: YorkFactory_USSS-314_M1958_1878-11-01_OBS-2.jpg
1878	11	13	14	00	0	3.15	|	orig=093 inHg|Local time: 1400|QC flag: low value|Image File: YorkFactory_USSS-314_M1958_1878-11-01_OBS-2.jpg
1878	11	13	21	00	0	3.15	|	orig=093 inHg|Local time: 2100|QC flag: low value|Image File: YorkFactory_USSS-314_M1958_1878-11-01_OBS-2.jpg
1878	11	14	07	00	0	2.64	|	orig=078 inHg|Local time: 0700|QC flag: low value|Image File: YorkFactory_USSS-314_M1958_1878-11-01_OBS-2.jpg
1878	11	14	14	00	0	3.15	|	orig=093 inHg|Local time: 1400|QC flag: low value|Image File: YorkFactory_USSS-314_M1958_1878-11-01_OBS-2.jpg
1878	11	14	21	00	0	2.57	|	orig=076 inHg|Local time: 2100|QC flag: low value|Image File: YorkFactory_USSS-314_M1958_1878-11-01_OBS-2.jpg
1878	11	15	07	00	0	2.44	|	orig=072 inHg|Local time: 0700|QC flag: low value|Image File: YorkFactory_USSS-314_M1958_1878-11-01_OBS-2.jpg
1878	11	15	14	00	0	3.22	|	orig=095 inHg|Local time: 1400|QC flag: low value|Image File: YorkFactory_USSS-314_M1958_1878-11-01_OBS-2.jpg
1878	11	15	21	00	0	2.64	|	orig=078 inHg|Local time: 2100|QC flag: low value|Image File: YorkFactory_USSS-314_M1958_1878-11-01_OBS-2.jpg
1878	11	16	07	00	0	3.28	|	orig=097 inHg|Local time: 0700|QC flag: low value|Image File: YorkFactory_USSS-314_M1958_1878-11-01_OBS-2.jpg
1878	11	16	14	00	0	5.93	|	orig=175 inHg|Local time: 1400|QC flag: low value|Image File: YorkFactory_USSS-314_M1958_1878-11-01_OBS-2.jpg
1878	11	16	21	00	0	5.69	|	orig=168 inHg|Local time: 2100|QC flag: low value|Image File: YorkFactory_USSS-314_M1958_1878-11-01_OBS-2.jpg
1878	11	17	07	00	0	5.35	|	orig=158 inHg|Local time: 0700|QC flag: low value|Image File: YorkFactory_USSS-314_M1958_1878-11-01_OBS-2.jpg
1878	11	17	14	00	0	6.40	|	orig=189 inHg|Local time: 1400|QC flag: low value|Image File: YorkFactory_USSS-314_M1958_1878-11-01_OBS-2.jpg
1878	11	17	21	00	0	6.50	|	orig=192 inHg|Local time: 2100|QC flag: low value|Image File: YorkFactory_USSS-314_M1958_1878-11-01_OBS-2.jpg
1878	11	18	07	00	0	4.17	|	orig=123 inHg|Local time: 0700|QC flag: low value|Image File: YorkFactory_USSS-314_M1958_1878-11-01_OBS-2.jpg
1878	11	18	14	00	0	4.67	|	orig=138 inHg|Local time: 1400|QC flag: low value|Image File: YorkFactory_USSS-314_M1958_1878-11-01_OBS-2.jpg
1878	11	18	21	00	0	3.73	|	orig=110 inHg|Local time: 2100|QC flag: low value|Image File: YorkFactory_USSS-314_M1958_1878-11-01_OBS-2.jpg
1878	11	19	07	00	0	2.84	|	orig=084 inHg|Local time: 0700|QC flag: low value|Image File: YorkFactory_USSS-314_M1958_1878-11-01_OBS-2.jpg
1878	11	19	14	00	0	2.57	|	orig=076 inHg|Local time: 1400|QC flag: low value|Image File: YorkFactory_USSS-314_M1958_1878-11-01_OBS-2.jpg
1878	11	19	21	00	0	2.24	|	orig=066 inHg|Local time: 2100|QC flag: low value|Image File: YorkFactory_USSS-314_M1958_1878-11-01_OBS-2.jpg
1878	11	20	07	00	0	2.03	|	orig=060 inHg|Local time: 0700|QC flag: low value|Image File: YorkFactory_USSS-314_M1958_1878-11-01_OBS-2.jpg
1878	11	20	14	00	0	2.78	|	orig=082 inHg|Local time: 1400|QC flag: low value|Image File: YorkFactory_USSS-314_M1958_1878-11-01_OBS-2.jpg
1878	11	20	21	00	0	2.44	|	orig=072 inHg|Local time: 2100|QC flag: low value|Image File: YorkFactory_USSS-314_M1958_1878-11-01_OBS-2.jpg
1878	11	21	07	00	0	3.62	|	orig=107 inHg|Local time: 0700|QC flag: low value|Image File: YorkFactory_USSS-314_M1958_1878-11-01_OBS-2.jpg
1878	11	21	14	00	0	4.57	|	orig=135 inHg|Local time: 1400|QC flag: low value|Image File: YorkFactory_USSS-314_M1958_1878-11-01_OBS-2.jpg
1878	11	21	21	00	0	4.47	|	orig=132 inHg|Local time: 2100|QC flag: low value|Image File: YorkFactory_USSS-314_M1958_1878-11-01_OBS-2.jpg
1878	11	22	07	00	0	3.52	|	orig=.104 inHg|Local time: 0700|QC flag: low value|Image File: YorkFactory_USSS-314_M1958_1878-11-01_OBS-2.jpg
1878	11	22	14	00	0	4.17	|	orig=123 inHg|Local time: 1400|QC flag: low value|Image File: YorkFactory_USSS-314_M1958_1878-11-01_OBS-2.jpg
1878	11	22	21	00	0	3.62	|	orig=107 inHg|Local time: 2100|QC flag: low value|Image File: YorkFactory_USSS-314_M1958_1878-11-01_OBS-2.jpg
1878	11	23	07	00	0	3.15	|	orig=093 inHg|Local time: 0700|QC flag: low value|Image File: YorkFactory_USSS-314_M1958_1878-11-01_OBS-2.jpg
1878	11	23	14	00	0	4.17	|	orig=123 inHg|Local time: 1400|QC flag: low value|Image File: YorkFactory_USSS-314_M1958_1878-11-01_OBS-2.jpg
1878	11	23	21	00	0	2.98	|	orig=088 inHg|Local time: 2100|QC flag: low value|Image File: YorkFactory_USSS-314_M1958_1878-11-01_OBS-2.jpg
1878	11	24	07	00	0	2.84	|	orig=084 inHg|Local time: 0700|QC flag: low value|Image File: YorkFactory_USSS-314_M1958_1878-11-01_OBS-2.jpg
1878	11	24	14	00	0	4.57	|	orig=135 inHg|Local time: 1400|QC flag: low value|Image File: YorkFactory_USSS-314_M1958_1878-11-01_OBS-2.jpg
1878	11	24	21	00	0	3.52	|	orig=104 inHg|Local time: 2100|QC flag: low value|Image File: YorkFactory_USSS-314_M1958_1878-11-01_OBS-2.jpg
1878	11	25	07	00	0	2.98	|	orig=088 inHg|Local time: 0700|QC flag: low value|Image File: YorkFactory_USSS-314_M1958_1878-11-01_OBS-2.jpg
1878	11	25	14	00	0	4.47	|	orig=132 inHg|Local time: 1400|QC flag: low value|Image File: YorkFactory_USSS-314_M1958_1878-11-01_OBS-2.jpg
1878	11	25	21	00	0	3.62	|	orig=107 inHg|Local time: 2100|QC flag: low value|Image File: YorkFactory_USSS-314_M1958_1878-11-01_OBS-2.jpg
1878	11	26	07	00	0	2.57	|	orig=076 inHg|Local time: 0700|QC flag: low value|Image File: YorkFactory_USSS-314_M1958_1878-11-01_OBS-2.jpg
1878	11	26	14	00	0	4.88	|	orig=144 inHg|Local time: 1400|QC flag: low value|Image File: YorkFactory_USSS-314_M1958_1878-11-01_OBS-2.jpg
1878	11	27	07	00	0	2.84	|	orig=084 inHg|Local time: 0700|QC flag: low value|Image File: YorkFactory_USSS-314_M1958_1878-11-01_OBS-2.jpg
1878	11	27	14	00	0	2.10	|	orig=062 inHg|Local time: 1400|QC flag: low value|Image File: YorkFactory_USSS-314_M1958_1878-11-01_OBS-2.jpg
1878	11	27	21	00	0	2.00	|	orig=059 inHg|Local time: 2100|QC flag: low value|Image File: YorkFactory_USSS-314_M1958_1878-11-01_OBS-2.jpg
1878	11	28	07	00	0	2.24	|	orig=066 inHg|Local time: 0700|QC flag: low value|Image File: YorkFactory_USSS-314_M1958_1878-11-01_OBS-2.jpg
1878	11	28	14	00	0	2.84	|	orig=084 inHg|Local time: 1400|QC flag: low value|Image File: YorkFactory_USSS-314_M1958_1878-11-01_OBS-2.jpg
1878	11	28	21	00	0	2.17	|	orig=064 inHg|Local time: 2100|QC flag: low value|Image File: YorkFactory_USSS-314_M1958_1878-11-01_OBS-2.jpg
1878	11	29	07	00	0	2.07	|	orig=061 inHg|Local time: 0700|QC flag: low value|Image File: YorkFactory_USSS-314_M1958_1878-11-01_OBS-2.jpg
1878	11	29	14	00	0	1.46	|	orig=043 inHg|Local time: 1400|QC flag: low value|Image File: YorkFactory_USSS-314_M1958_1878-11-01_OBS-2.jpg
1878	11	29	21	00	0	1.73	|	orig=051 inHg|Local time: 2100|QC flag: low value|Image File: YorkFactory_USSS-314_M1958_1878-11-01_OBS-2.jpg
1878	11	30	07	00	0	1.42	|	orig=042 inHg|Local time: 0700|QC flag: low value|Image File: YorkFactory_USSS-314_M1958_1878-11-01_OBS-2.jpg
1878	11	30	14	00	0	4.37	|	orig=129 inHg|Local time: 1400|QC flag: low value|Image File: YorkFactory_USSS-314_M1958_1878-11-01_OBS-2.jpg
1878	11	30	21	00	0	3.79	|	orig=112 inHg|Local time: 2100|QC flag: low value|Image File: YorkFactory_USSS-314_M1958_1878-11-01_OBS-2.jpg
1878	12	01	07	00	0	4.91	|	orig=145 inHg|Local time: 0700|QC flag: low value|Image File: YorkFactory_USSS-314_M1958_1878-12-01_OBS-2.jpg
1878	12	01	14	00	0	4.37	|	orig=129 inHg|Local time: 1400|QC flag: low value|Image File: YorkFactory_USSS-314_M1958_1878-12-01_OBS-2.jpg
1878	12	01	21	00	0	2.71	|	orig=080 inHg|Local time: 2100|QC flag: low value|Image File: YorkFactory_USSS-314_M1958_1878-12-01_OBS-2.jpg
1878	12	02	07	00	0	2.84	|	orig=084 inHg|Local time: 0700|QC flag: low value|Image File: YorkFactory_USSS-314_M1958_1878-12-01_OBS-2.jpg
1878	12	02	14	00	0	2.44	|	orig=072 inHg|Local time: 1400|QC flag: low value|Image File: YorkFactory_USSS-314_M1958_1878-12-01_OBS-2.jpg
1878	12	02	21	00	0	2.13	|	orig=063 inHg|Local time: 2100|QC flag: low value|Image File: YorkFactory_USSS-314_M1958_1878-12-01_OBS-2.jpg
1878	12	03	07	00	0	1.08	|	orig=032 inHg|Local time: 0700|QC flag: low value|Image File: YorkFactory_USSS-314_M1958_1878-12-01_OBS-2.jpg
1878	12	03	14	00	0	1.86	|	orig=055 inHg|Local time: 1400|QC flag: low value|Image File: YorkFactory_USSS-314_M1958_1878-12-01_OBS-2.jpg
1878	12	03	21	00	0	1.49	|	orig=044 inHg|Local time: 2100|QC flag: low value|Image File: YorkFactory_USSS-314_M1958_1878-12-01_OBS-2.jpg
1878	12	04	07	00	0	1.22	|	orig=036 inHg|Local time: 0700|QC flag: low value|Image File: YorkFactory_USSS-314_M1958_1878-12-01_OBS-2.jpg
1878	12	04	14	00	0	1.83	|	orig=054 inHg|Local time: 1400|QC flag: low value|Image File: YorkFactory_USSS-314_M1958_1878-12-01_OBS-2.jpg
1878	12	04	21	00	0	1.59	|	orig=047 inHg|Local time: 2100|QC flag: low value|Image File: YorkFactory_USSS-314_M1958_1878-12-01_OBS-2.jpg
1878	12	05	07	00	0	1.90	|	orig=056 inHg|Local time: 0700|QC flag: low value|Image File: YorkFactory_USSS-314_M1958_1878-12-01_OBS-2.jpg
1878	12	05	14	00	0	1.46	|	orig=043 inHg|Local time: 1400|QC flag: low value|Image File: YorkFactory_USSS-314_M1958_1878-12-01_OBS-2.jpg
1878	12	05	21	00	0	0.51	|	orig=015 inHg|Local time: 2100|QC flag: low value|Image File: YorkFactory_USSS-314_M1958_1878-12-01_OBS-2.jpg
1878	12	06	07	00	0	0.81	|	orig=024 inHg|Local time: 0700|QC flag: low value|Image File: YorkFactory_USSS-314_M1958_1878-12-01_OBS-2.jpg
1878	12	06	14	00	0	0.41	|	orig=012 inHg|Local time: 1400|QC flag: low value|Image File: YorkFactory_USSS-314_M1958_1878-12-01_OBS-2.jpg
1878	12	06	21	00	0	-999	|	orig=" inHg|Local time: 2100|QC flag: missing|Image File: YorkFactory_USSS-314_M1958_1878-12-01_OBS-2.jpg
1878	12	07	07	00	0	-999	|	orig=" inHg|Local time: 0700|QC flag: missing|Image File: YorkFactory_USSS-314_M1958_1878-12-01_OBS-2.jpg
1878	12	07	14	00	0	0.41	|	orig=012 inHg|Local time: 1400|QC flag: low value|Image File: YorkFactory_USSS-314_M1958_1878-12-01_OBS-2.jpg
1878	12	07	21	00	0	0.41	|	orig=012 inHg|Local time: 2100|QC flag: low value|Image File: YorkFactory_USSS-314_M1958_1878-12-01_OBS-2.jpg
1878	12	08	07	00	0	-999	|	orig=" inHg|Local time: 0700|QC flag: missing|Image File: YorkFactory_USSS-314_M1958_1878-12-01_OBS-2.jpg
1878	12	08	14	00	0	0.78	|	orig=023 inHg|Local time: 1400|QC flag: low value|Image File: YorkFactory_USSS-314_M1958_1878-12-01_OBS-2.jpg
1878	12	08	21	00	0	0.68	|	orig=020 inHg|Local time: 2100|QC flag: low value|Image File: YorkFactory_USSS-314_M1958_1878-12-01_OBS-2.jpg
1878	12	09	07	00	0	0.81	|	orig=024 inHg|Local time: 0700|QC flag: low value|Image File: YorkFactory_USSS-314_M1958_1878-12-01_OBS-2.jpg
1878	12	09	14	00	0	1.42	|	orig=042 inHg|Local time: 1400|QC flag: low value|Image File: YorkFactory_USSS-314_M1958_1878-12-01_OBS-2.jpg
1878	12	09	21	00	0	1.35	|	orig=040 inHg|Local time: 2100|QC flag: low value|Image File: YorkFactory_USSS-314_M1958_1878-12-01_OBS-2.jpg
1878	12	10	07	00	0	0.98	|	orig=029 inHg|Local time: 0700|QC flag: low value|Image File: YorkFactory_USSS-314_M1958_1878-12-01_OBS-2.jpg
1878	12	10	14	00	0	1.83	|	orig=054 inHg|Local time: 1400|QC flag: low value|Image File: YorkFactory_USSS-314_M1958_1878-12-01_OBS-2.jpg
1878	12	10	21	00	0	1.32	|	orig=039 inHg|Local time: 2100|QC flag: low value|Image File: YorkFactory_USSS-314_M1958_1878-12-01_OBS-2.jpg
1878	12	11	07	00	0	0.78	|	orig=023 inHg|Local time: 0700|QC flag: low value|Image File: YorkFactory_USSS-314_M1958_1878-12-01_OBS-2.jpg
1878	12	11	14	00	0	0.54	|	orig=016 inHg|Local time: 1400|QC flag: low value|Image File: YorkFactory_USSS-314_M1958_1878-12-01_OBS-2.jpg
1878	12	11	21	00	0	0.41	|	orig=012 inHg|Local time: 2100|QC flag: low value|Image File: YorkFactory_USSS-314_M1958_1878-12-01_OBS-2.jpg
1878	12	12	07	00	0	1.12	|	orig=033 inHg|Local time: 0700|QC flag: low value|Image File: YorkFactory_USSS-314_M1958_1878-12-01_OBS-2.jpg
1878	12	12	14	00	0	2.10	|	orig=062 inHg|Local time: 1400|QC flag: low value|Image File: YorkFactory_USSS-314_M1958_1878-12-01_OBS-2.jpg
1878	12	12	21	00	0	1.46	|	orig=043 inHg|Local time: 2100|QC flag: low value|Image File: YorkFactory_USSS-314_M1958_1878-12-01_OBS-2.jpg
1878	12	13	07	00	0	0.91	|	orig=027 inHg|Local time: 0700|QC flag: low value|Image File: YorkFactory_USSS-314_M1958_1878-12-01_OBS-2.jpg
1878	12	13	14	00	0	1.19	|	orig=035 inHg|Local time: 1400|QC flag: low value|Image File: YorkFactory_USSS-314_M1958_1878-12-01_OBS-2.jpg
1878	12	13	21	00	0	1.08	|	orig=032 inHg|Local time: 2100|QC flag: low value|Image File: YorkFactory_USSS-314_M1958_1878-12-01_OBS-2.jpg
1878	12	14	07	00	0	0.78	|	orig=023 inHg|Local time: 0700|QC flag: low value|Image File: YorkFactory_USSS-314_M1958_1878-12-01_OBS-2.jpg
1878	12	14	14	00	0	1.39	|	orig=041 inHg|Local time: 1400|QC flag: low value|Image File: YorkFactory_USSS-314_M1958_1878-12-01_OBS-2.jpg
1878	12	14	21	00	0	0.85	|	orig=025 inHg|Local time: 2100|QC flag: low value|Image File: YorkFactory_USSS-314_M1958_1878-12-01_OBS-2.jpg
1878	12	15	07	00	0	0.47	|	orig=014 inHg|Local time: 0700|QC flag: low value|Image File: YorkFactory_USSS-314_M1958_1878-12-01_OBS-2.jpg
1878	12	15	14	00	0	0.98	|	orig=029 inHg|Local time: 1400|QC flag: low value|Image File: YorkFactory_USSS-314_M1958_1878-12-01_OBS-2.jpg
1878	12	15	21	00	0	0.88	|	orig=026 inHg|Local time: 2100|QC flag: low value|Image File: YorkFactory_USSS-314_M1958_1878-12-01_OBS-2.jpg
1878	12	16	07	00	0	0.44	|	orig=013 inHg|Local time: 0700|QC flag: low value|Image File: YorkFactory_USSS-314_M1958_1878-12-01_OBS-2.jpg
1878	12	16	14	00	0	1.08	|	orig=032 inHg|Local time: 1400|QC flag: low value|Image File: YorkFactory_USSS-314_M1958_1878-12-01_OBS-2.jpg
1878	12	16	21	00	0	0.75	|	orig=022 inHg|Local time: 2100|QC flag: low value|Image File: YorkFactory_USSS-314_M1958_1878-12-01_OBS-2.jpg
1878	12	17	07	00	0	0.68	|	orig=020 inHg|Local time: 0700|QC flag: low value|Image File: YorkFactory_USSS-314_M1958_1878-12-01_OBS-2.jpg
1878	12	17	14	00	0	1.39	|	orig=041 inHg|Local time: 1400|QC flag: low value|Image File: YorkFactory_USSS-314_M1958_1878-12-01_OBS-2.jpg
1878	12	17	21	00	0	1.29	|	orig=038 inHg|Local time: 2100|QC flag: low value|Image File: YorkFactory_USSS-314_M1958_1878-12-01_OBS-2.jpg
1878	12	18	07	00	0	0.61	|	orig=018 inHg|Local time: 0700|QC flag: low value|Image File: YorkFactory_USSS-314_M1958_1878-12-01_OBS-2.jpg
1878	12	18	14	00	0	0.85	|	orig=025 inHg|Local time: 1400|QC flag: low value|Image File: YorkFactory_USSS-314_M1958_1878-12-01_OBS-2.jpg
1878	12	18	21	00	0	0.44	|	orig=013 inHg|Local time: 2100|QC flag: low value|Image File: YorkFactory_USSS-314_M1958_1878-12-01_OBS-2.jpg
1878	12	19	07	00	0	-999	|	orig=" inHg|Local time: 0700|QC flag: missing|Image File: YorkFactory_USSS-314_M1958_1878-12-01_OBS-2.jpg
1878	12	19	14	00	0	0.81	|	orig=024 inHg|Local time: 1400|QC flag: low value|Image File: YorkFactory_USSS-314_M1958_1878-12-01_OBS-2.jpg
1878	12	19	21	00	0	0.61	|	orig=018 inHg|Local time: 2100|QC flag: low value|Image File: YorkFactory_USSS-314_M1958_1878-12-01_OBS-2.jpg
1878	12	20	07	00	0	-999	|	orig=" inHg|Local time: 0700|QC flag: missing|Image File: YorkFactory_USSS-314_M1958_1878-12-01_OBS-2.jpg
1878	12	20	14	00	0	0.51	|	orig=015 inHg|Local time: 1400|QC flag: low value|Image File: YorkFactory_USSS-314_M1958_1878-12-01_OBS-2.jpg
1878	12	20	21	00	0	0.78	|	orig=023 inHg|Local time: 2100|QC flag: low value|Image File: YorkFactory_USSS-314_M1958_1878-12-01_OBS-2.jpg
1878	12	21	07	00	0	1.25	|	orig=037 inHg|Local time: 0700|QC flag: low value|Image File: YorkFactory_USSS-314_M1958_1878-12-01_OBS-2.jpg
1878	12	21	14	00	0	0.78	|	orig=023 inHg|Local time: 1400|QC flag: low value|Image File: YorkFactory_USSS-314_M1958_1878-12-01_OBS-2.jpg
1878	12	21	21	00	0	0.75	|	orig=022 inHg|Local time: 2100|QC flag: low value|Image File: YorkFactory_USSS-314_M1958_1878-12-01_OBS-2.jpg
1878	12	22	07	00	0	-999	|	orig=" inHg|Local time: 0700|QC flag: missing|Image File: YorkFactory_USSS-314_M1958_1878-12-01_OBS-2.jpg
1878	12	22	14	00	0	0.61	|	orig=018 inHg|Local time: 1400|QC flag: low value|Image File: YorkFactory_USSS-314_M1958_1878-12-01_OBS-2.jpg
1878	12	22	21	00	0	0.68	|	orig=020 inHg|Local time: 2100|QC flag: low value|Image File: YorkFactory_USSS-314_M1958_1878-12-01_OBS-2.jpg
1878	12	23	07	00	0	0.41	|	orig=012 inHg|Local time: 0700|QC flag: low value|Image File: YorkFactory_USSS-314_M1958_1878-12-01_OBS-2.jpg
1878	12	23	14	00	0	0.78	|	orig=023 inHg|Local time: 1400|QC flag: low value|Image File: YorkFactory_USSS-314_M1958_1878-12-01_OBS-2.jpg
1878	12	23	21	00	0	0.68	|	orig=020 inHg|Local time: 2100|QC flag: low value|Image File: YorkFactory_USSS-314_M1958_1878-12-01_OBS-2.jpg
1878	12	24	07	00	0	0.61	|	orig=018 inHg|Local time: 0700|QC flag: low value|Image File: YorkFactory_USSS-314_M1958_1878-12-01_OBS-2.jpg
1878	12	24	14	00	0	0.91	|	orig=027 inHg|Local time: 1400|QC flag: low value|Image File: YorkFactory_USSS-314_M1958_1878-12-01_OBS-2.jpg
1878	12	24	21	00	0	0.88	|	orig=026 inHg|Local time: 2100|QC flag: low value|Image File: YorkFactory_USSS-314_M1958_1878-12-01_OBS-2.jpg
1878	12	25	07	00	0	0.78	|	orig=023 inHg|Local time: 0700|QC flag: low value|Image File: YorkFactory_USSS-314_M1958_1878-12-01_OBS-2.jpg
1878	12	25	14	00	0	0.81	|	orig=024 inHg|Local time: 1400|QC flag: low value|Image File: YorkFactory_USSS-314_M1958_1878-12-01_OBS-2.jpg
1878	12	25	21	00	0	0.78	|	orig=023 inHg|Local time: 2100|QC flag: low value|Image File: YorkFactory_USSS-314_M1958_1878-12-01_OBS-2.jpg
1878	12	26	07	00	0	0.95	|	orig=028 inHg|Local time: 0700|QC flag: low value|Image File: YorkFactory_USSS-314_M1958_1878-12-01_OBS-2.jpg
1878	12	26	14	00	0	1.25	|	orig=037 inHg|Local time: 1400|QC flag: low value|Image File: YorkFactory_USSS-314_M1958_1878-12-01_OBS-2.jpg
1878	12	26	21	00	0	1.25	|	orig=037 inHg|Local time: 2100|QC flag: low value|Image File: YorkFactory_USSS-314_M1958_1878-12-01_OBS-2.jpg
1878	12	27	07	00	0	0.98	|	orig=029 inHg|Local time: 0700|QC flag: low value|Image File: YorkFactory_USSS-314_M1958_1878-12-01_OBS-2.jpg
1878	12	27	14	00	0	0.91	|	orig=027 inHg|Local time: 1400|QC flag: low value|Image File: YorkFactory_USSS-314_M1958_1878-12-01_OBS-2.jpg
1878	12	27	21	00	0	0.88	|	orig=026 inHg|Local time: 2100|QC flag: low value|Image File: YorkFactory_USSS-314_M1958_1878-12-01_OBS-2.jpg
1878	12	28	07	00	0	0.44	|	orig=013 inHg|Local time: 0700|QC flag: low value|Image File: YorkFactory_USSS-314_M1958_1878-12-01_OBS-2.jpg
1878	12	28	14	00	0	0.61	|	orig=018 inHg|Local time: 1400|QC flag: low value|Image File: YorkFactory_USSS-314_M1958_1878-12-01_OBS-2.jpg
1878	12	28	21	00	0	0.64	|	orig=019 inHg|Local time: 2100|QC flag: low value|Image File: YorkFactory_USSS-314_M1958_1878-12-01_OBS-2.jpg
1878	12	29	07	00	0	0.58	|	orig=017 inHg|Local time: 0700|QC flag: low value|Image File: YorkFactory_USSS-314_M1958_1878-12-01_OBS-2.jpg
1878	12	29	14	00	0	1.39	|	orig=041 inHg|Local time: 1400|QC flag: low value|Image File: YorkFactory_USSS-314_M1958_1878-12-01_OBS-2.jpg
1878	12	29	21	00	0	1.08	|	orig=032 inHg|Local time: 2100|QC flag: low value|Image File: YorkFactory_USSS-314_M1958_1878-12-01_OBS-2.jpg
1878	12	30	07	00	0	-999	|	orig=" inHg|Local time: 0700|QC flag: missing|Image File: YorkFactory_USSS-314_M1958_1878-12-01_OBS-2.jpg
1878	12	30	14	00	0	0.71	|	orig=021 inHg|Local time: 1400|QC flag: low value|Image File: YorkFactory_USSS-314_M1958_1878-12-01_OBS-2.jpg
1878	12	30	21	00	0	0.51	|	orig=015 inHg|Local time: 2100|QC flag: low value|Image File: YorkFactory_USSS-314_M1958_1878-12-01_OBS-2.jpg
1878	12	31	07	00	0	-999	|	orig=" inHg|Local time: 0700|QC flag: missing|Image File: YorkFactory_USSS-314_M1958_1878-12-01_OBS-2.jpg
1878	12	31	14	00	0	0.58	|	orig=017 inHg|Local time: 1400|QC flag: low value|Image File: YorkFactory_USSS-314_M1958_1878-12-01_OBS-2.jpg
1878	12	31	21	00	0	0.47	|	orig=014 inHg|Local time: 2100|QC flag: low value|Image File: YorkFactory_USSS-314_M1958_1878-12-01_OBS-2.jpg
1879	01	01	07	00	0	-999	|	orig=" inHg|Local time: 0700|QC flag: missing|Image File: YorkFactory_USSS-314_M1958_1879-01-01_OBS-2.jpg
1879	01	01	14	00	0	0.58	|	orig=0.017 inHg|Local time: 1400|QC flag: low value|Image File: YorkFactory_USSS-314_M1958_1879-01-01_OBS-2.jpg
1879	01	01	21	00	0	1.29	|	orig=0.038 inHg|Local time: 2100|QC flag: low value|Image File: YorkFactory_USSS-314_M1958_1879-01-01_OBS-2.jpg
1879	01	02	07	00	0	0.64	|	orig=0.019 inHg|Local time: 0700|QC flag: low value|Image File: YorkFactory_USSS-314_M1958_1879-01-01_OBS-2.jpg
1879	01	02	14	00	0	0.75	|	orig=0.022 inHg|Local time: 1400|QC flag: low value|Image File: YorkFactory_USSS-314_M1958_1879-01-01_OBS-2.jpg
1879	01	02	21	00	0	0.91	|	orig=0.027 inHg|Local time: 2100|QC flag: low value|Image File: YorkFactory_USSS-314_M1958_1879-01-01_OBS-2.jpg
1879	01	03	07	00	0	0.41	|	orig=0.012 inHg|Local time: 0700|QC flag: low value|Image File: YorkFactory_USSS-314_M1958_1879-01-01_OBS-2.jpg
1879	01	03	14	00	0	1.02	|	orig=0.030 inHg|Local time: 1400|QC flag: low value|Image File: YorkFactory_USSS-314_M1958_1879-01-01_OBS-2.jpg
1879	01	03	21	00	0	0.81	|	orig=0.024 inHg|Local time: 2100|QC flag: low value|Image File: YorkFactory_USSS-314_M1958_1879-01-01_OBS-2.jpg
1879	01	04	07	00	0	0.58	|	orig=0.017 inHg|Local time: 0700|QC flag: low value|Image File: YorkFactory_USSS-314_M1958_1879-01-01_OBS-2.jpg
1879	01	04	14	00	0	0.91	|	orig=0.027 inHg|Local time: 1400|QC flag: low value|Image File: YorkFactory_USSS-314_M1958_1879-01-01_OBS-2.jpg
1879	01	04	21	00	0	0.44	|	orig=0.013 inHg|Local time: 2100|QC flag: low value|Image File: YorkFactory_USSS-314_M1958_1879-01-01_OBS-2.jpg
1879	01	05	07	00	0	-999	|	orig=" inHg|Local time: 0700|QC flag: missing|Image File: YorkFactory_USSS-314_M1958_1879-01-01_OBS-2.jpg
1879	01	05	14	00	0	0.54	|	orig=0.016 inHg|Local time: 1400|QC flag: low value|Image File: YorkFactory_USSS-314_M1958_1879-01-01_OBS-2.jpg
1879	01	05	21	00	0	0.47	|	orig=0.014 inHg|Local time: 2100|QC flag: low value|Image File: YorkFactory_USSS-314_M1958_1879-01-01_OBS-2.jpg
1879	01	06	07	00	0	-999	|	orig=" inHg|Local time: 0700|QC flag: missing|Image File: YorkFactory_USSS-314_M1958_1879-01-01_OBS-2.jpg
1879	01	06	14	00	0	0.71	|	orig=0.021 inHg|Local time: 1400|QC flag: low value|Image File: YorkFactory_USSS-314_M1958_1879-01-01_OBS-2.jpg
1879	01	06	21	00	0	0.41	|	orig=0.012 inHg|Local time: 2100|QC flag: low value|Image File: YorkFactory_USSS-314_M1958_1879-01-01_OBS-2.jpg
1879	01	07	07	00	0	-999	|	orig=" inHg|Local time: 0700|QC flag: missing|Image File: YorkFactory_USSS-314_M1958_1879-01-01_OBS-2.jpg
1879	01	07	14	00	0	0.78	|	orig=0.023 inHg|Local time: 1400|QC flag: low value|Image File: YorkFactory_USSS-314_M1958_1879-01-01_OBS-2.jpg
1879	01	07	21	00	0	-999	|	orig=" inHg|Local time: 2100|QC flag: missing|Image File: YorkFactory_USSS-314_M1958_1879-01-01_OBS-2.jpg
1879	01	08	07	00	0	-999	|	orig=" inHg|Local time: 0700|QC flag: missing|Image File: YorkFactory_USSS-314_M1958_1879-01-01_OBS-2.jpg
1879	01	08	14	00	0	0.61	|	orig=0.018 inHg|Local time: 1400|QC flag: low value|Image File: YorkFactory_USSS-314_M1958_1879-01-01_OBS-2.jpg
1879	01	08	21	00	0	-999	|	orig=" inHg|Local time: 2100|QC flag: missing|Image File: YorkFactory_USSS-314_M1958_1879-01-01_OBS-2.jpg
1879	01	09	07	00	0	-999	|	orig=" inHg|Local time: 0700|QC flag: missing|Image File: YorkFactory_USSS-314_M1958_1879-01-01_OBS-2.jpg
1879	01	09	14	00	0	0.64	|	orig=0.019 inHg|Local time: 1400|QC flag: low value|Image File: YorkFactory_USSS-314_M1958_1879-01-01_OBS-2.jpg
1879	01	09	21	00	0	-999	|	orig=" inHg|Local time: 2100|QC flag: missing|Image File: YorkFactory_USSS-314_M1958_1879-01-01_OBS-2.jpg
1879	01	10	07	00	0	-999	|	orig=" inHg|Local time: 0700|QC flag: missing|Image File: YorkFactory_USSS-314_M1958_1879-01-01_OBS-2.jpg
1879	01	10	14	00	0	0.41	|	orig=0.012 inHg|Local time: 1400|QC flag: low value|Image File: YorkFactory_USSS-314_M1958_1879-01-01_OBS-2.jpg
1879	01	10	21	00	0	-999	|	orig=" inHg|Local time: 2100|QC flag: missing|Image File: YorkFactory_USSS-314_M1958_1879-01-01_OBS-2.jpg
1879	01	11	07	00	0	-999	|	orig=" inHg|Local time: 0700|QC flag: missing|Image File: YorkFactory_USSS-314_M1958_1879-01-01_OBS-2.jpg
1879	01	11	14	00	0	0.47	|	orig=0.014 inHg|Local time: 1400|QC flag: low value|Image File: YorkFactory_USSS-314_M1958_1879-01-01_OBS-2.jpg
1879	01	11	21	00	0	-999	|	orig=" inHg|Local time: 2100|QC flag: missing|Image File: YorkFactory_USSS-314_M1958_1879-01-01_OBS-2.jpg
1879	01	12	07	00	0	-999	|	orig=" inHg|Local time: 0700|QC flag: missing|Image File: YorkFactory_USSS-314_M1958_1879-01-01_OBS-2.jpg
1879	01	12	14	00	0	-999	|	orig=" inHg|Local time: 1400|QC flag: missing|Image File: YorkFactory_USSS-314_M1958_1879-01-01_OBS-2.jpg
1879	01	12	21	00	0	-999	|	orig=" inHg|Local time: 2100|QC flag: missing|Image File: YorkFactory_USSS-314_M1958_1879-01-01_OBS-2.jpg
1879	01	13	07	00	0	-999	|	orig=" inHg|Local time: 0700|QC flag: missing|Image File: YorkFactory_USSS-314_M1958_1879-01-01_OBS-2.jpg
1879	01	13	14	00	0	-999	|	orig=" inHg|Local time: 1400|QC flag: missing|Image File: YorkFactory_USSS-314_M1958_1879-01-01_OBS-2.jpg
1879	01	13	21	00	0	-999	|	orig=" inHg|Local time: 2100|QC flag: missing|Image File: YorkFactory_USSS-314_M1958_1879-01-01_OBS-2.jpg
1879	01	14	07	00	0	-999	|	orig=" inHg|Local time: 0700|QC flag: missing|Image File: YorkFactory_USSS-314_M1958_1879-01-01_OBS-2.jpg
1879	01	14	14	00	0	-999	|	orig=" inHg|Local time: 1400|QC flag: missing|Image File: YorkFactory_USSS-314_M1958_1879-01-01_OBS-2.jpg
1879	01	14	21	00	0	-999	|	orig=" inHg|Local time: 2100|QC flag: missing|Image File: YorkFactory_USSS-314_M1958_1879-01-01_OBS-2.jpg
1879	01	15	07	00	0	-999	|	orig=" inHg|Local time: 0700|QC flag: missing|Image File: YorkFactory_USSS-314_M1958_1879-01-01_OBS-2.jpg
1879	01	15	14	00	0	0.41	|	orig=0.012 inHg|Local time: 1400|QC flag: low value|Image File: YorkFactory_USSS-314_M1958_1879-01-01_OBS-2.jpg
1879	01	15	21	00	0	-999	|	orig=" inHg|Local time: 2100|QC flag: missing|Image File: YorkFactory_USSS-314_M1958_1879-01-01_OBS-2.jpg
1879	01	16	07	00	0	-999	|	orig=" inHg|Local time: 0700|QC flag: missing|Image File: YorkFactory_USSS-314_M1958_1879-01-01_OBS-2.jpg
1879	01	16	14	00	0	0.47	|	orig=0.014 inHg|Local time: 1400|QC flag: low value|Image File: YorkFactory_USSS-314_M1958_1879-01-01_OBS-2.jpg
1879	01	16	21	00	0	0.78	|	orig=0.023 inHg|Local time: 2100|QC flag: low value|Image File: YorkFactory_USSS-314_M1958_1879-01-01_OBS-2.jpg
1879	01	17	07	00	0	0.51	|	orig=0.015 inHg|Local time: 0700|QC flag: low value|Image File: YorkFactory_USSS-314_M1958_1879-01-01_OBS-2.jpg
1879	01	17	14	00	0	0.68	|	orig=0.020 inHg|Local time: 1400|QC flag: low value|Image File: YorkFactory_USSS-314_M1958_1879-01-01_OBS-2.jpg
1879	01	17	21	00	0	-999	|	orig=" inHg|Local time: 2100|QC flag: missing|Image File: YorkFactory_USSS-314_M1958_1879-01-01_OBS-2.jpg
1879	01	18	07	00	0	-999	|	orig=" inHg|Local time: 0700|QC flag: missing|Image File: YorkFactory_USSS-314_M1958_1879-01-01_OBS-2.jpg
1879	01	18	14	00	0	-999	|	orig=" inHg|Local time: 1400|QC flag: missing|Image File: YorkFactory_USSS-314_M1958_1879-01-01_OBS-2.jpg
1879	01	18	21	00	0	-999	|	orig=" inHg|Local time: 2100|QC flag: missing|Image File: YorkFactory_USSS-314_M1958_1879-01-01_OBS-2.jpg
1879	01	19	07	00	0	-999	|	orig=" inHg|Local time: 0700|QC flag: missing|Image File: YorkFactory_USSS-314_M1958_1879-01-01_OBS-2.jpg
1879	01	19	14	00	0	-999	|	orig=" inHg|Local time: 1400|QC flag: missing|Image File: YorkFactory_USSS-314_M1958_1879-01-01_OBS-2.jpg
1879	01	19	21	00	0	-999	|	orig=" inHg|Local time: 2100|QC flag: missing|Image File: YorkFactory_USSS-314_M1958_1879-01-01_OBS-2.jpg
1879	01	20	07	00	0	-999	|	orig=" inHg|Local time: 0700|QC flag: missing|Image File: YorkFactory_USSS-314_M1958_1879-01-01_OBS-2.jpg
1879	01	20	14	00	0	-999	|	orig=" inHg|Local time: 1400|QC flag: missing|Image File: YorkFactory_USSS-314_M1958_1879-01-01_OBS-2.jpg
1879	01	20	21	00	0	-999	|	orig=" inHg|Local time: 2100|QC flag: missing|Image File: YorkFactory_USSS-314_M1958_1879-01-01_OBS-2.jpg
1879	01	21	07	00	0	-999	|	orig=" inHg|Local time: 0700|QC flag: missing|Image File: YorkFactory_USSS-314_M1958_1879-01-01_OBS-2.jpg
1879	01	21	14	00	0	-999	|	orig=" inHg|Local time: 1400|QC flag: missing|Image File: YorkFactory_USSS-314_M1958_1879-01-01_OBS-2.jpg
1879	01	21	21	00	0	-999	|	orig=" inHg|Local time: 2100|QC flag: missing|Image File: YorkFactory_USSS-314_M1958_1879-01-01_OBS-2.jpg
1879	01	22	07	00	0	-999	|	orig=" inHg|Local time: 0700|QC flag: missing|Image File: YorkFactory_USSS-314_M1958_1879-01-01_OBS-2.jpg
1879	01	22	14	00	0	0.41	|	orig=0.012 inHg|Local time: 1400|QC flag: low value|Image File: YorkFactory_USSS-314_M1958_1879-01-01_OBS-2.jpg
1879	01	22	21	00	0	1.22	|	orig=0.036 inHg|Local time: 2100|QC flag: low value|Image File: YorkFactory_USSS-314_M1958_1879-01-01_OBS-2.jpg
1879	01	23	07	00	0	-999	|	orig=" inHg|Local time: 0700|QC flag: missing|Image File: YorkFactory_USSS-314_M1958_1879-01-01_OBS-2.jpg
1879	01	23	14	00	0	-999	|	orig=" inHg|Local time: 1400|QC flag: missing|Image File: YorkFactory_USSS-314_M1958_1879-01-01_OBS-2.jpg
1879	01	23	21	00	0	-999	|	orig=" inHg|Local time: 2100|QC flag: missing|Image File: YorkFactory_USSS-314_M1958_1879-01-01_OBS-2.jpg
1879	01	24	07	00	0	-999	|	orig=" inHg|Local time: 0700|QC flag: missing|Image File: YorkFactory_USSS-314_M1958_1879-01-01_OBS-2.jpg
1879	01	24	14	00	0	-999	|	orig=" inHg|Local time: 1400|QC flag: missing|Image File: YorkFactory_USSS-314_M1958_1879-01-01_OBS-2.jpg
1879	01	24	21	00	0	-999	|	orig=" inHg|Local time: 2100|QC flag: missing|Image File: YorkFactory_USSS-314_M1958_1879-01-01_OBS-2.jpg
1879	01	25	07	00	0	-999	|	orig=" inHg|Local time: 0700|QC flag: missing|Image File: YorkFactory_USSS-314_M1958_1879-01-01_OBS-2.jpg
1879	01	25	14	00	0	-999	|	orig=" inHg|Local time: 1400|QC flag: missing|Image File: YorkFactory_USSS-314_M1958_1879-01-01_OBS-2.jpg
1879	01	25	21	00	0	-999	|	orig=" inHg|Local time: 2100|QC flag: missing|Image File: YorkFactory_USSS-314_M1958_1879-01-01_OBS-2.jpg
1879	01	26	07	00	0	-999	|	orig=" inHg|Local time: 0700|QC flag: missing|Image File: YorkFactory_USSS-314_M1958_1879-01-01_OBS-2.jpg
1879	01	26	14	00	0	-999	|	orig=" inHg|Local time: 1400|QC flag: missing|Image File: YorkFactory_USSS-314_M1958_1879-01-01_OBS-2.jpg
1879	01	26	21	00	0	-999	|	orig=" inHg|Local time: 2100|QC flag: missing|Image File: YorkFactory_USSS-314_M1958_1879-01-01_OBS-2.jpg
1879	01	27	07	00	0	-999	|	orig=" inHg|Local time: 0700|QC flag: missing|Image File: YorkFactory_USSS-314_M1958_1879-01-01_OBS-2.jpg
1879	01	27	14	00	0	-999	|	orig=" inHg|Local time: 1400|QC flag: missing|Image File: YorkFactory_USSS-314_M1958_1879-01-01_OBS-2.jpg
1879	01	27	21	00	0	-999	|	orig=" inHg|Local time: 2100|QC flag: missing|Image File: YorkFactory_USSS-314_M1958_1879-01-01_OBS-2.jpg
1879	01	28	07	00	0	-999	|	orig=" inHg|Local time: 0700|QC flag: missing|Image File: YorkFactory_USSS-314_M1958_1879-01-01_OBS-2.jpg
1879	01	28	14	00	0	-999	|	orig=" inHg|Local time: 1400|QC flag: missing|Image File: YorkFactory_USSS-314_M1958_1879-01-01_OBS-2.jpg
1879	01	28	21	00	0	-999	|	orig=" inHg|Local time: 2100|QC flag: missing|Image File: YorkFactory_USSS-314_M1958_1879-01-01_OBS-2.jpg
1879	01	29	07	00	0	-999	|	orig=" inHg|Local time: 0700|QC flag: missing|Image File: YorkFactory_USSS-314_M1958_1879-01-01_OBS-2.jpg
1879	01	29	14	00	0	-999	|	orig=" inHg|Local time: 1400|QC flag: missing|Image File: YorkFactory_USSS-314_M1958_1879-01-01_OBS-2.jpg
1879	01	29	21	00	0	-999	|	orig=" inHg|Local time: 2100|QC flag: missing|Image File: YorkFactory_USSS-314_M1958_1879-01-01_OBS-2.jpg
1879	01	30	07	00	0	-999	|	orig=" inHg|Local time: 0700|QC flag: missing|Image File: YorkFactory_USSS-314_M1958_1879-01-01_OBS-2.jpg
1879	01	30	14	00	0	-999	|	orig=" inHg|Local time: 1400|QC flag: missing|Image File: YorkFactory_USSS-314_M1958_1879-01-01_OBS-2.jpg
1879	01	30	21	00	0	-999	|	orig=" inHg|Local time: 2100|QC flag: missing|Image File: YorkFactory_USSS-314_M1958_1879-01-01_OBS-2.jpg
1879	01	31	07	00	0	-999	|	orig=" inHg|Local time: 0700|QC flag: missing|Image File: YorkFactory_USSS-314_M1958_1879-01-01_OBS-2.jpg
1879	01	31	14	00	0	-999	|	orig=" inHg|Local time: 1400|QC flag: missing|Image File: YorkFactory_USSS-314_M1958_1879-01-01_OBS-2.jpg
1879	01	31	21	00	0	-999	|	orig=" inHg|Local time: 2100|QC flag: missing|Image File: YorkFactory_USSS-314_M1958_1879-01-01_OBS-2.jpg
1879	02	01	07	00	0	-999	|	orig=Retracted inHg|Local time: 0700|QC flag: missing|Image File: YorkFactory_USSS-314_M1958_1879-02-01_OBS-2.jpg
1879	02	01	14	00	0	-999	|	orig=Retracted inHg|Local time: 1400|QC flag: missing|Image File: YorkFactory_USSS-314_M1958_1879-02-01_OBS-2.jpg
1879	02	01	21	00	0	-999	|	orig=Retracted inHg|Local time: 2100|QC flag: missing|Image File: YorkFactory_USSS-314_M1958_1879-02-01_OBS-2.jpg
1879	02	02	07	00	0	-999	|	orig=Retracted inHg|Local time: 0700|QC flag: missing|Image File: YorkFactory_USSS-314_M1958_1879-02-01_OBS-2.jpg
1879	02	02	14	00	0	-999	|	orig=Retracted inHg|Local time: 1400|QC flag: missing|Image File: YorkFactory_USSS-314_M1958_1879-02-01_OBS-2.jpg
1879	02	02	21	00	0	-999	|	orig=Retracted inHg|Local time: 2100|QC flag: missing|Image File: YorkFactory_USSS-314_M1958_1879-02-01_OBS-2.jpg
1879	02	03	07	00	0	-999	|	orig=Retracted inHg|Local time: 0700|QC flag: missing|Image File: YorkFactory_USSS-314_M1958_1879-02-01_OBS-2.jpg
1879	02	03	14	00	0	-999	|	orig=Retracted inHg|Local time: 1400|QC flag: missing|Image File: YorkFactory_USSS-314_M1958_1879-02-01_OBS-2.jpg
1879	02	03	21	00	0	-999	|	orig=Retracted inHg|Local time: 2100|QC flag: missing|Image File: YorkFactory_USSS-314_M1958_1879-02-01_OBS-2.jpg
1879	02	04	07	00	0	-999	|	orig=Retracted inHg|Local time: 0700|QC flag: missing|Image File: YorkFactory_USSS-314_M1958_1879-02-01_OBS-2.jpg
1879	02	04	14	00	0	-999	|	orig=Retracted inHg|Local time: 1400|QC flag: missing|Image File: YorkFactory_USSS-314_M1958_1879-02-01_OBS-2.jpg
1879	02	04	21	00	0	-999	|	orig=Retracted inHg|Local time: 2100|QC flag: missing|Image File: YorkFactory_USSS-314_M1958_1879-02-01_OBS-2.jpg
1879	02	05	07	00	0	-999	|	orig=Retracted inHg|Local time: 0700|QC flag: missing|Image File: YorkFactory_USSS-314_M1958_1879-02-01_OBS-2.jpg
1879	02	05	14	00	0	-999	|	orig=Retracted inHg|Local time: 1400|QC flag: missing|Image File: YorkFactory_USSS-314_M1958_1879-02-01_OBS-2.jpg
1879	02	05	21	00	0	-999	|	orig=Retracted inHg|Local time: 2100|QC flag: missing|Image File: YorkFactory_USSS-314_M1958_1879-02-01_OBS-2.jpg
1879	02	06	07	00	0	-999	|	orig=Retracted inHg|Local time: 0700|QC flag: missing|Image File: YorkFactory_USSS-314_M1958_1879-02-01_OBS-2.jpg
1879	02	06	14	00	0	-999	|	orig=Retracted inHg|Local time: 1400|QC flag: missing|Image File: YorkFactory_USSS-314_M1958_1879-02-01_OBS-2.jpg
1879	02	06	21	00	0	-999	|	orig=Retracted inHg|Local time: 2100|QC flag: missing|Image File: YorkFactory_USSS-314_M1958_1879-02-01_OBS-2.jpg
1879	02	07	07	00	0	-999	|	orig=Retracted inHg|Local time: 0700|QC flag: missing|Image File: YorkFactory_USSS-314_M1958_1879-02-01_OBS-2.jpg
1879	02	07	14	00	0	-999	|	orig=Retracted inHg|Local time: 1400|QC flag: missing|Image File: YorkFactory_USSS-314_M1958_1879-02-01_OBS-2.jpg
1879	02	07	21	00	0	-999	|	orig=Retracted inHg|Local time: 2100|QC flag: missing|Image File: YorkFactory_USSS-314_M1958_1879-02-01_OBS-2.jpg
1879	02	08	07	00	0	-999	|	orig=Retracted inHg|Local time: 0700|QC flag: missing|Image File: YorkFactory_USSS-314_M1958_1879-02-01_OBS-2.jpg
1879	02	08	14	00	0	-999	|	orig=Retracted inHg|Local time: 1400|QC flag: missing|Image File: YorkFactory_USSS-314_M1958_1879-02-01_OBS-2.jpg
1879	02	08	21	00	0	-999	|	orig=Retracted inHg|Local time: 2100|QC flag: missing|Image File: YorkFactory_USSS-314_M1958_1879-02-01_OBS-2.jpg
1879	02	09	07	00	0	-999	|	orig=Retracted inHg|Local time: 0700|QC flag: missing|Image File: YorkFactory_USSS-314_M1958_1879-02-01_OBS-2.jpg
1879	02	09	14	00	0	-999	|	orig=Retracted inHg|Local time: 1400|QC flag: missing|Image File: YorkFactory_USSS-314_M1958_1879-02-01_OBS-2.jpg
1879	02	09	21	00	0	-999	|	orig=Retracted inHg|Local time: 2100|QC flag: missing|Image File: YorkFactory_USSS-314_M1958_1879-02-01_OBS-2.jpg
1879	02	10	07	00	0	-999	|	orig=Retracted inHg|Local time: 0700|QC flag: missing|Image File: YorkFactory_USSS-314_M1958_1879-02-01_OBS-2.jpg
1879	02	10	14	00	0	-999	|	orig=Retracted inHg|Local time: 1400|QC flag: missing|Image File: YorkFactory_USSS-314_M1958_1879-02-01_OBS-2.jpg
1879	02	10	21	00	0	-999	|	orig=Retracted inHg|Local time: 2100|QC flag: missing|Image File: YorkFactory_USSS-314_M1958_1879-02-01_OBS-2.jpg
1879	02	11	07	00	0	-999	|	orig=Retracted inHg|Local time: 0700|QC flag: missing|Image File: YorkFactory_USSS-314_M1958_1879-02-01_OBS-2.jpg
1879	02	11	14	00	0	-999	|	orig=Retracted inHg|Local time: 1400|QC flag: missing|Image File: YorkFactory_USSS-314_M1958_1879-02-01_OBS-2.jpg
1879	02	11	21	00	0	-999	|	orig=Retracted inHg|Local time: 2100|QC flag: missing|Image File: YorkFactory_USSS-314_M1958_1879-02-01_OBS-2.jpg
1879	02	12	07	00	0	-999	|	orig=Retracted inHg|Local time: 0700|QC flag: missing|Image File: YorkFactory_USSS-314_M1958_1879-02-01_OBS-2.jpg
1879	02	12	14	00	0	0.41	|	orig=0.012 inHg|Local time: 1400|QC flag: low value|Image File: YorkFactory_USSS-314_M1958_1879-02-01_OBS-2.jpg
1879	02	12	21	00	0	-999	|	orig=Retracted inHg|Local time: 2100|QC flag: missing|Image File: YorkFactory_USSS-314_M1958_1879-02-01_OBS-2.jpg
1879	02	13	07	00	0	-999	|	orig=Retracted inHg|Local time: 0700|QC flag: missing|Image File: YorkFactory_USSS-314_M1958_1879-02-01_OBS-2.jpg
1879	02	13	14	00	0	-999	|	orig=Retracted inHg|Local time: 1400|QC flag: missing|Image File: YorkFactory_USSS-314_M1958_1879-02-01_OBS-2.jpg
1879	02	13	21	00	0	-999	|	orig=Retracted inHg|Local time: 2100|QC flag: missing|Image File: YorkFactory_USSS-314_M1958_1879-02-01_OBS-2.jpg
1879	02	14	07	00	0	-999	|	orig=Retracted inHg|Local time: 0700|QC flag: missing|Image File: YorkFactory_USSS-314_M1958_1879-02-01_OBS-2.jpg
1879	02	14	14	00	0	-999	|	orig=Retracted inHg|Local time: 1400|QC flag: missing|Image File: YorkFactory_USSS-314_M1958_1879-02-01_OBS-2.jpg
1879	02	14	21	00	0	-999	|	orig=Retracted inHg|Local time: 2100|QC flag: missing|Image File: YorkFactory_USSS-314_M1958_1879-02-01_OBS-2.jpg
1879	02	15	07	00	0	-999	|	orig=Retracted inHg|Local time: 0700|QC flag: missing|Image File: YorkFactory_USSS-314_M1958_1879-02-01_OBS-2.jpg
1879	02	15	14	00	0	-999	|	orig=Retracted inHg|Local time: 1400|QC flag: missing|Image File: YorkFactory_USSS-314_M1958_1879-02-01_OBS-2.jpg
1879	02	15	21	00	0	-999	|	orig=Retracted inHg|Local time: 2100|QC flag: missing|Image File: YorkFactory_USSS-314_M1958_1879-02-01_OBS-2.jpg
1879	02	16	07	00	0	-999	|	orig=Retracted inHg|Local time: 0700|QC flag: missing|Image File: YorkFactory_USSS-314_M1958_1879-02-01_OBS-2.jpg
1879	02	16	14	00	0	-999	|	orig=Retracted inHg|Local time: 1400|QC flag: missing|Image File: YorkFactory_USSS-314_M1958_1879-02-01_OBS-2.jpg
1879	02	16	21	00	0	-999	|	orig=Retracted inHg|Local time: 2100|QC flag: missing|Image File: YorkFactory_USSS-314_M1958_1879-02-01_OBS-2.jpg
1879	02	17	07	00	0	-999	|	orig=Retracted inHg|Local time: 0700|QC flag: missing|Image File: YorkFactory_USSS-314_M1958_1879-02-01_OBS-2.jpg
1879	02	17	14	00	0	-999	|	orig=Retracted inHg|Local time: 1400|QC flag: missing|Image File: YorkFactory_USSS-314_M1958_1879-02-01_OBS-2.jpg
1879	02	17	21	00	0	-999	|	orig=Retracted inHg|Local time: 2100|QC flag: missing|Image File: YorkFactory_USSS-314_M1958_1879-02-01_OBS-2.jpg
1879	02	18	07	00	0	-999	|	orig=Retracted inHg|Local time: 0700|QC flag: missing|Image File: YorkFactory_USSS-314_M1958_1879-02-01_OBS-2.jpg
1879	02	18	14	00	0	-999	|	orig=Retracted inHg|Local time: 1400|QC flag: missing|Image File: YorkFactory_USSS-314_M1958_1879-02-01_OBS-2.jpg
1879	02	18	21	00	0	-999	|	orig=Retracted inHg|Local time: 2100|QC flag: missing|Image File: YorkFactory_USSS-314_M1958_1879-02-01_OBS-2.jpg
1879	02	19	07	00	0	-999	|	orig=Retracted inHg|Local time: 0700|QC flag: missing|Image File: YorkFactory_USSS-314_M1958_1879-02-01_OBS-2.jpg
1879	02	19	14	00	0	-999	|	orig=Retracted inHg|Local time: 1400|QC flag: missing|Image File: YorkFactory_USSS-314_M1958_1879-02-01_OBS-2.jpg
1879	02	19	21	00	0	0.51	|	orig=0.015 inHg|Local time: 2100|QC flag: low value|Image File: YorkFactory_USSS-314_M1958_1879-02-01_OBS-2.jpg
1879	02	20	07	00	0	-999	|	orig=Retracted inHg|Local time: 0700|QC flag: missing|Image File: YorkFactory_USSS-314_M1958_1879-02-01_OBS-2.jpg
1879	02	20	14	00	0	1.05	|	orig=0.031 inHg|Local time: 1400|QC flag: low value|Image File: YorkFactory_USSS-314_M1958_1879-02-01_OBS-2.jpg
1879	02	20	21	00	0	0.51	|	orig=0.015 inHg|Local time: 2100|QC flag: low value|Image File: YorkFactory_USSS-314_M1958_1879-02-01_OBS-2.jpg
1879	02	21	07	00	0	-999	|	orig=Retracted inHg|Local time: 0700|QC flag: missing|Image File: YorkFactory_USSS-314_M1958_1879-02-01_OBS-2.jpg
1879	02	21	14	00	0	-999	|	orig=Retracted inHg|Local time: 1400|QC flag: missing|Image File: YorkFactory_USSS-314_M1958_1879-02-01_OBS-2.jpg
1879	02	21	21	00	0	-999	|	orig=Retracted inHg|Local time: 2100|QC flag: missing|Image File: YorkFactory_USSS-314_M1958_1879-02-01_OBS-2.jpg
1879	02	22	07	00	0	-999	|	orig=Retracted inHg|Local time: 0700|QC flag: missing|Image File: YorkFactory_USSS-314_M1958_1879-02-01_OBS-2.jpg
1879	02	22	14	00	0	-999	|	orig=Retracted inHg|Local time: 1400|QC flag: missing|Image File: YorkFactory_USSS-314_M1958_1879-02-01_OBS-2.jpg
1879	02	22	21	00	0	0.68	|	orig=0.020 inHg|Local time: 2100|QC flag: low value|Image File: YorkFactory_USSS-314_M1958_1879-02-01_OBS-2.jpg
1879	02	23	07	00	0	0.91	|	orig=0.027 inHg|Local time: 0700|QC flag: low value|Image File: YorkFactory_USSS-314_M1958_1879-02-01_OBS-2.jpg
1879	02	23	14	00	0	0.47	|	orig=0.014 inHg|Local time: 1400|QC flag: low value|Image File: YorkFactory_USSS-314_M1958_1879-02-01_OBS-2.jpg
1879	02	23	21	00	0	-999	|	orig=Retracted inHg|Local time: 2100|QC flag: missing|Image File: YorkFactory_USSS-314_M1958_1879-02-01_OBS-2.jpg
1879	02	24	07	00	0	-999	|	orig=Retracted inHg|Local time: 0700|QC flag: missing|Image File: YorkFactory_USSS-314_M1958_1879-02-01_OBS-2.jpg
1879	02	24	14	00	0	-999	|	orig=Retracted inHg|Local time: 1400|QC flag: missing|Image File: YorkFactory_USSS-314_M1958_1879-02-01_OBS-2.jpg
1879	02	24	21	00	0	-999	|	orig=Retracted inHg|Local time: 2100|QC flag: missing|Image File: YorkFactory_USSS-314_M1958_1879-02-01_OBS-2.jpg
1879	02	25	07	00	0	-999	|	orig=Retracted inHg|Local time: 0700|QC flag: missing|Image File: YorkFactory_USSS-314_M1958_1879-02-01_OBS-2.jpg
1879	02	25	14	00	0	-999	|	orig=Retracted inHg|Local time: 1400|QC flag: missing|Image File: YorkFactory_USSS-314_M1958_1879-02-01_OBS-2.jpg
1879	02	25	21	00	0	-999	|	orig=Retracted inHg|Local time: 2100|QC flag: missing|Image File: YorkFactory_USSS-314_M1958_1879-02-01_OBS-2.jpg
1879	02	26	07	00	0	-999	|	orig=Retracted inHg|Local time: 0700|QC flag: missing|Image File: YorkFactory_USSS-314_M1958_1879-02-01_OBS-2.jpg
1879	02	26	14	00	0	-999	|	orig=Retracted inHg|Local time: 1400|QC flag: missing|Image File: YorkFactory_USSS-314_M1958_1879-02-01_OBS-2.jpg
1879	02	26	21	00	0	-999	|	orig=Retracted inHg|Local time: 2100|QC flag: missing|Image File: YorkFactory_USSS-314_M1958_1879-02-01_OBS-2.jpg
1879	02	27	07	00	0	-999	|	orig=Retracted inHg|Local time: 0700|QC flag: missing|Image File: YorkFactory_USSS-314_M1958_1879-02-01_OBS-2.jpg
1879	02	27	14	00	0	-999	|	orig=Retracted inHg|Local time: 1400|QC flag: missing|Image File: YorkFactory_USSS-314_M1958_1879-02-01_OBS-2.jpg
1879	02	27	21	00	0	-999	|	orig=Retracted inHg|Local time: 2100|QC flag: missing|Image File: YorkFactory_USSS-314_M1958_1879-02-01_OBS-2.jpg
1879	02	28	07	00	0	-999	|	orig=Retracted inHg|Local time: 0700|QC flag: missing|Image File: YorkFactory_USSS-314_M1958_1879-02-01_OBS-2.jpg
1879	02	28	14	00	0	0.54	|	orig=0.016 inHg|Local time: 1400|QC flag: low value|Image File: YorkFactory_USSS-314_M1958_1879-02-01_OBS-2.jpg
1879	02	28	21	00	0	0.41	|	orig=0.012 inHg|Local time: 2100|QC flag: low value|Image File: YorkFactory_USSS-314_M1958_1879-02-01_OBS-2.jpg
1879	06	01	07	00	0	11.14	|	orig=0.329 inHg|Local time: 0700|QC flag: none|Image File: YorkFactory_USSS-314_M1958_1879-06-01_OBS-2.jpg
1879	06	01	14	00	0	15.24	|	orig=0.450 inHg|Local time: 1400|QC flag: none|Image File: YorkFactory_USSS-314_M1958_1879-06-01_OBS-2.jpg
1879	06	01	21	00	0	13.48	|	orig=0.398 inHg|Local time: 2100|QC flag: none|Image File: YorkFactory_USSS-314_M1958_1879-06-01_OBS-2.jpg
1879	06	02	07	00	0	10.70	|	orig=0.316 inHg|Local time: 0700|QC flag: none|Image File: YorkFactory_USSS-314_M1958_1879-06-01_OBS-2.jpg
1879	06	02	14	00	0	10.19	|	orig=0.301 inHg|Local time: 1400|QC flag: none|Image File: YorkFactory_USSS-314_M1958_1879-06-01_OBS-2.jpg
1879	06	02	21	00	0	11.34	|	orig=0.335 inHg|Local time: 2100|QC flag: none|Image File: YorkFactory_USSS-314_M1958_1879-06-01_OBS-2.jpg
1879	06	03	07	00	0	11.55	|	orig=0.341 inHg|Local time: 0700|QC flag: none|Image File: YorkFactory_USSS-314_M1958_1879-06-01_OBS-2.jpg
1879	06	03	14	00	0	11.99	|	orig=0.354 inHg|Local time: 1400|QC flag: none|Image File: YorkFactory_USSS-314_M1958_1879-06-01_OBS-2.jpg
1879	06	03	21	00	0	12.46	|	orig=0.368 inHg|Local time: 2100|QC flag: none|Image File: YorkFactory_USSS-314_M1958_1879-06-01_OBS-2.jpg
1879	06	04	07	00	0	11.14	|	orig=0.329 inHg|Local time: 0700|QC flag: none|Image File: YorkFactory_USSS-314_M1958_1879-06-01_OBS-2.jpg
1879	06	04	14	00	0	13.17	|	orig=0.389 inHg|Local time: 1400|QC flag: none|Image File: YorkFactory_USSS-314_M1958_1879-06-01_OBS-2.jpg
1879	06	04	21	00	0	14.16	|	orig=0.418 inHg|Local time: 2100|QC flag: none|Image File: YorkFactory_USSS-314_M1958_1879-06-01_OBS-2.jpg
1879	06	05	07	00	0	15.10	|	orig=0.446 inHg|Local time: 0700|QC flag: none|Image File: YorkFactory_USSS-314_M1958_1879-06-01_OBS-2.jpg
1879	06	05	14	00	0	10.26	|	orig=0.303 inHg|Local time: 1400|QC flag: none|Image File: YorkFactory_USSS-314_M1958_1879-06-01_OBS-2.jpg
1879	06	05	21	00	0	7.55	|	orig=0.223 inHg|Local time: 2100|QC flag: none|Image File: YorkFactory_USSS-314_M1958_1879-06-01_OBS-2.jpg
1879	06	06	07	00	0	6.94	|	orig=0.205 inHg|Local time: 0700|QC flag: none|Image File: YorkFactory_USSS-314_M1958_1879-06-01_OBS-2.jpg
1879	06	06	14	00	0	7.86	|	orig=0.232 inHg|Local time: 1400|QC flag: none|Image File: YorkFactory_USSS-314_M1958_1879-06-01_OBS-2.jpg
1879	06	06	21	00	0	7.25	|	orig=0.214 inHg|Local time: 2100|QC flag: none|Image File: YorkFactory_USSS-314_M1958_1879-06-01_OBS-2.jpg
1879	06	07	07	00	0	6.67	|	orig=0.197 inHg|Local time: 0700|QC flag: low value|Image File: YorkFactory_USSS-314_M1958_1879-06-01_OBS-2.jpg
1879	06	07	14	00	0	19.34	|	orig=0.571 inHg|Local time: 1400|QC flag: none|Image File: YorkFactory_USSS-314_M1958_1879-06-01_OBS-2.jpg
1879	06	07	21	00	0	16.32	|	orig=0.482 inHg|Local time: 2100|QC flag: none|Image File: YorkFactory_USSS-314_M1958_1879-06-01_OBS-2.jpg
1879	06	08	07	00	0	16.32	|	orig=0.482 inHg|Local time: 0700|QC flag: none|Image File: YorkFactory_USSS-314_M1958_1879-06-01_OBS-2.jpg
1879	06	08	14	00	0	18.15	|	orig=0.536 inHg|Local time: 1400|QC flag: none|Image File: YorkFactory_USSS-314_M1958_1879-06-01_OBS-2.jpg
1879	06	08	21	00	0	21.33	|	orig=0.630 inHg|Local time: 2100|QC flag: none|Image File: YorkFactory_USSS-314_M1958_1879-06-01_OBS-2.jpg
1879	06	09	07	00	0	15.95	|	orig=0.471 inHg|Local time: 0700|QC flag: none|Image File: YorkFactory_USSS-314_M1958_1879-06-01_OBS-2.jpg
1879	06	09	14	00	0	22.72	|	orig=0.671 inHg|Local time: 1400|QC flag: none|Image File: YorkFactory_USSS-314_M1958_1879-06-01_OBS-2.jpg
1879	06	09	21	00	0	19.54	|	orig=0.577 inHg|Local time: 2100|QC flag: none|Image File: YorkFactory_USSS-314_M1958_1879-06-01_OBS-2.jpg
1879	06	10	07	00	0	16.86	|	orig=0.498 inHg|Local time: 0700|QC flag: none|Image File: YorkFactory_USSS-314_M1958_1879-06-01_OBS-2.jpg
1879	06	10	14	00	0	15.04	|	orig=0.444 inHg|Local time: 1400|QC flag: none|Image File: YorkFactory_USSS-314_M1958_1879-06-01_OBS-2.jpg
1879	06	10	21	00	0	11.55	|	orig=0.341 inHg|Local time: 2100|QC flag: none|Image File: YorkFactory_USSS-314_M1958_1879-06-01_OBS-2.jpg
1879	06	11	07	00	0	11.34	|	orig=0.335 inHg|Local time: 0700|QC flag: none|Image File: YorkFactory_USSS-314_M1958_1879-06-01_OBS-2.jpg
1879	06	11	14	00	0	10.70	|	orig=0.316 inHg|Local time: 1400|QC flag: none|Image File: YorkFactory_USSS-314_M1958_1879-06-01_OBS-2.jpg
1879	06	11	21	00	0	6.94	|	orig=0.205 inHg|Local time: 2100|QC flag: none|Image File: YorkFactory_USSS-314_M1958_1879-06-01_OBS-2.jpg
1879	06	12	07	00	0	6.67	|	orig=0.197 inHg|Local time: 0700|QC flag: low value|Image File: YorkFactory_USSS-314_M1958_1879-06-01_OBS-2.jpg
1879	06	12	14	00	0	7.86	|	orig=0.232 inHg|Local time: 1400|QC flag: none|Image File: YorkFactory_USSS-314_M1958_1879-06-01_OBS-2.jpg
1879	06	12	21	00	0	6.94	|	orig=0.205 inHg|Local time: 2100|QC flag: none|Image File: YorkFactory_USSS-314_M1958_1879-06-01_OBS-2.jpg
1879	06	13	07	00	0	6.16	|	orig=0.182 inHg|Local time: 0700|QC flag: low value|Image File: YorkFactory_USSS-314_M1958_1879-06-01_OBS-2.jpg
1879	06	13	14	00	0	7.62	|	orig=0.225 inHg|Local time: 1400|QC flag: none|Image File: YorkFactory_USSS-314_M1958_1879-06-01_OBS-2.jpg
1879	06	13	21	00	0	8.50	|	orig=0.251 inHg|Local time: 2100|QC flag: none|Image File: YorkFactory_USSS-314_M1958_1879-06-01_OBS-2.jpg
1879	06	14	07	00	0	9.31	|	orig=0.275 inHg|Local time: 0700|QC flag: none|Image File: YorkFactory_USSS-314_M1958_1879-06-01_OBS-2.jpg
1879	06	14	14	00	0	10.46	|	orig=0.309 inHg|Local time: 1400|QC flag: none|Image File: YorkFactory_USSS-314_M1958_1879-06-01_OBS-2.jpg
1879	06	14	21	00	0	10.67	|	orig=0.315 inHg|Local time: 2100|QC flag: none|Image File: YorkFactory_USSS-314_M1958_1879-06-01_OBS-2.jpg
1879	06	15	07	00	0	11.34	|	orig=0.335 inHg|Local time: 0700|QC flag: none|Image File: YorkFactory_USSS-314_M1958_1879-06-01_OBS-2.jpg
1879	06	15	14	00	0	14.29	|	orig=0.422 inHg|Local time: 1400|QC flag: none|Image File: YorkFactory_USSS-314_M1958_1879-06-01_OBS-2.jpg
1879	06	15	21	00	0	12.97	|	orig=0.383 inHg|Local time: 2100|QC flag: none|Image File: YorkFactory_USSS-314_M1958_1879-06-01_OBS-2.jpg
1879	06	16	07	00	0	12.22	|	orig=0.361 inHg|Local time: 0700|QC flag: none|Image File: YorkFactory_USSS-314_M1958_1879-06-01_OBS-2.jpg
1879	06	16	14	00	0	15.95	|	orig=0.471 inHg|Local time: 1400|QC flag: none|Image File: YorkFactory_USSS-314_M1958_1879-06-01_OBS-2.jpg
1879	06	16	21	00	0	16.63	|	orig=0.491 inHg|Local time: 2100|QC flag: none|Image File: YorkFactory_USSS-314_M1958_1879-06-01_OBS-2.jpg
1879	06	17	07	00	0	17.51	|	orig=0.517 inHg|Local time: 0700|QC flag: none|Image File: YorkFactory_USSS-314_M1958_1879-06-01_OBS-2.jpg
1879	06	17	14	00	0	15.24	|	orig=0.450 inHg|Local time: 1400|QC flag: none|Image File: YorkFactory_USSS-314_M1958_1879-06-01_OBS-2.jpg
1879	06	17	21	00	0	17.68	|	orig=522 inHg|Local time: 2100|QC flag: none|Image File: YorkFactory_USSS-314_M1958_1879-06-01_OBS-2.jpg
1879	06	18	07	00	0	16.86	|	orig=0.498 inHg|Local time: 0700|QC flag: none|Image File: YorkFactory_USSS-314_M1958_1879-06-01_OBS-2.jpg
1879	06	18	14	00	0	20.59	|	orig=0.608 inHg|Local time: 1400|QC flag: none|Image File: YorkFactory_USSS-314_M1958_1879-06-01_OBS-2.jpg
1879	06	18	21	00	0	19.78	|	orig=0.584 inHg|Local time: 2100|QC flag: none|Image File: YorkFactory_USSS-314_M1958_1879-06-01_OBS-2.jpg
1879	06	19	07	00	0	12.94	|	orig=0.382 inHg|Local time: 0700|QC flag: none|Image File: YorkFactory_USSS-314_M1958_1879-06-01_OBS-2.jpg
1879	06	19	14	00	0	12.46	|	orig=0.368 inHg|Local time: 1400|QC flag: none|Image File: YorkFactory_USSS-314_M1958_1879-06-01_OBS-2.jpg
1879	06	19	21	00	0	12.46	|	orig=0.368 inHg|Local time: 2100|QC flag: none|Image File: YorkFactory_USSS-314_M1958_1879-06-01_OBS-2.jpg
1879	06	20	07	00	0	14.49	|	orig=0.428 inHg|Local time: 0700|QC flag: none|Image File: YorkFactory_USSS-314_M1958_1879-06-01_OBS-2.jpg
1879	06	20	14	00	0	18.42	|	orig=0.544 inHg|Local time: 1400|QC flag: none|Image File: YorkFactory_USSS-314_M1958_1879-06-01_OBS-2.jpg
1879	06	20	21	00	0	18.35	|	orig=0.542 inHg|Local time: 2100|QC flag: none|Image File: YorkFactory_USSS-314_M1958_1879-06-01_OBS-2.jpg
1879	06	21	07	00	0	14.22	|	orig=0.420 inHg|Local time: 0700|QC flag: none|Image File: YorkFactory_USSS-314_M1958_1879-06-01_OBS-2.jpg
1879	06	21	14	00	0	13.85	|	orig=0.409 inHg|Local time: 1400|QC flag: none|Image File: YorkFactory_USSS-314_M1958_1879-06-01_OBS-2.jpg
1879	06	21	21	00	0	16.02	|	orig=0.473 inHg|Local time: 2100|QC flag: none|Image File: YorkFactory_USSS-314_M1958_1879-06-01_OBS-2.jpg
1879	06	22	07	00	0	12.22	|	orig=0.361 inHg|Local time: 0700|QC flag: none|Image File: YorkFactory_USSS-314_M1958_1879-06-01_OBS-2.jpg
1879	06	22	14	00	0	14.16	|	orig=0.418 inHg|Local time: 1400|QC flag: none|Image File: YorkFactory_USSS-314_M1958_1879-06-01_OBS-2.jpg
1879	06	22	21	00	0	16.02	|	orig=0.473 inHg|Local time: 2100|QC flag: none|Image File: YorkFactory_USSS-314_M1958_1879-06-01_OBS-2.jpg
1879	06	23	07	00	0	12.94	|	orig=0.382 inHg|Local time: 0700|QC flag: none|Image File: YorkFactory_USSS-314_M1958_1879-06-01_OBS-2.jpg
1879	06	23	14	00	0	24.38	|	orig=0.720 inHg|Local time: 1400|QC flag: none|Image File: YorkFactory_USSS-314_M1958_1879-06-01_OBS-2.jpg
1879	06	23	21	00	0	18.83	|	orig=0.556 inHg|Local time: 2100|QC flag: none|Image File: YorkFactory_USSS-314_M1958_1879-06-01_OBS-2.jpg
1879	06	24	07	00	0	14.97	|	orig=0.442 inHg|Local time: 0700|QC flag: none|Image File: YorkFactory_USSS-314_M1958_1879-06-01_OBS-2.jpg
1879	06	24	14	00	0	16.86	|	orig=0.498 inHg|Local time: 1400|QC flag: none|Image File: YorkFactory_USSS-314_M1958_1879-06-01_OBS-2.jpg
1879	06	24	21	00	0	15.51	|	orig=0.458 inHg|Local time: 2100|QC flag: none|Image File: YorkFactory_USSS-314_M1958_1879-06-01_OBS-2.jpg
1879	06	25	07	00	0	16.25	|	orig=0.480 inHg|Local time: 0700|QC flag: none|Image File: YorkFactory_USSS-314_M1958_1879-06-01_OBS-2.jpg
1879	06	25	14	00	0	18.66	|	orig=0.551 inHg|Local time: 1400|QC flag: none|Image File: YorkFactory_USSS-314_M1958_1879-06-01_OBS-2.jpg
1879	06	25	21	00	0	17.00	|	orig=0.502 inHg|Local time: 2100|QC flag: none|Image File: YorkFactory_USSS-314_M1958_1879-06-01_OBS-2.jpg
1879	06	26	07	00	0	14.09	|	orig=0.416 inHg|Local time: 0700|QC flag: none|Image File: YorkFactory_USSS-314_M1958_1879-06-01_OBS-2.jpg
1879	06	26	14	00	0	18.76	|	orig=0.554 inHg|Local time: 1400|QC flag: none|Image File: YorkFactory_USSS-314_M1958_1879-06-01_OBS-2.jpg
1879	06	26	21	00	0	18.35	|	orig=0.542 inHg|Local time: 2100|QC flag: none|Image File: YorkFactory_USSS-314_M1958_1879-06-01_OBS-2.jpg
1879	06	27	07	00	0	14.53	|	orig=0.429 inHg|Local time: 0700|QC flag: none|Image File: YorkFactory_USSS-314_M1958_1879-06-01_OBS-2.jpg
1879	06	27	14	00	0	17.47	|	orig=0.516 inHg|Local time: 1400|QC flag: none|Image File: YorkFactory_USSS-314_M1958_1879-06-01_OBS-2.jpg
1879	06	27	21	00	0	16.02	|	orig=0.473 inHg|Local time: 2100|QC flag: none|Image File: YorkFactory_USSS-314_M1958_1879-06-01_OBS-2.jpg
1879	06	28	07	00	0	13.48	|	orig=0.398 inHg|Local time: 0700|QC flag: none|Image File: YorkFactory_USSS-314_M1958_1879-06-01_OBS-2.jpg
1879	06	28	14	00	0	17.00	|	orig=0.502 inHg|Local time: 1400|QC flag: none|Image File: YorkFactory_USSS-314_M1958_1879-06-01_OBS-2.jpg
1879	06	28	21	00	0	17.91	|	orig=0.529 inHg|Local time: 2100|QC flag: none|Image File: YorkFactory_USSS-314_M1958_1879-06-01_OBS-2.jpg
1879	06	29	07	00	0	11.55	|	orig=0.341 inHg|Local time: 0700|QC flag: none|Image File: YorkFactory_USSS-314_M1958_1879-06-01_OBS-2.jpg
1879	06	29	14	00	0	16.42	|	orig=0.485 inHg|Local time: 1400|QC flag: none|Image File: YorkFactory_USSS-314_M1958_1879-06-01_OBS-2.jpg
1879	06	29	21	00	0	17.30	|	orig=0.511 inHg|Local time: 2100|QC flag: none|Image File: YorkFactory_USSS-314_M1958_1879-06-01_OBS-2.jpg
1879	06	30	07	00	0	14.43	|	orig=0.426 inHg|Local time: 0700|QC flag: none|Image File: YorkFactory_USSS-314_M1958_1879-06-01_OBS-2.jpg
1879	06	30	14	00	0	21.27	|	orig=0.628 inHg|Local time: 1400|QC flag: none|Image File: YorkFactory_USSS-314_M1958_1879-06-01_OBS-2.jpg
1879	06	30	21	00	0	17.68	|	orig=0.522 inHg|Local time: 2100|QC flag: none|Image File: YorkFactory_USSS-314_M1958_1879-06-01_OBS-2.jpg
1879	07	01	07	00	0	17.30	|	orig=511 inHg|Local time: 0700|QC flag: none|Image File: YorkFactory_USSS-314_M1958_1879-07-01_OBS-2.jpg
1879	07	01	14	00	0	15.81	|	orig=467 inHg|Local time: 1400|QC flag: none|Image File: YorkFactory_USSS-314_M1958_1879-07-01_OBS-2.jpg
1879	07	01	21	00	0	18.15	|	orig=536 inHg|Local time: 2100|QC flag: none|Image File: YorkFactory_USSS-314_M1958_1879-07-01_OBS-2.jpg
1879	07	02	07	00	0	17.64	|	orig=521 inHg|Local time: 0700|QC flag: none|Image File: YorkFactory_USSS-314_M1958_1879-07-01_OBS-2.jpg
1879	07	02	14	00	0	17.03	|	orig=503 inHg|Local time: 1400|QC flag: none|Image File: YorkFactory_USSS-314_M1958_1879-07-01_OBS-2.jpg
1879	07	02	21	00	0	17.71	|	orig=523 inHg|Local time: 2100|QC flag: none|Image File: YorkFactory_USSS-314_M1958_1879-07-01_OBS-2.jpg
1879	07	03	07	00	0	18.05	|	orig=533 inHg|Local time: 0700|QC flag: none|Image File: YorkFactory_USSS-314_M1958_1879-07-01_OBS-2.jpg
1879	07	03	14	00	0	15.51	|	orig=458 inHg|Local time: 1400|QC flag: none|Image File: YorkFactory_USSS-314_M1958_1879-07-01_OBS-2.jpg
1879	07	03	21	00	0	18.15	|	orig=536 inHg|Local time: 2100|QC flag: none|Image File: YorkFactory_USSS-314_M1958_1879-07-01_OBS-2.jpg
1879	07	04	07	00	0	15.54	|	orig=459 inHg|Local time: 0700|QC flag: none|Image File: YorkFactory_USSS-314_M1958_1879-07-01_OBS-2.jpg
1879	07	04	14	00	0	17.03	|	orig=503 inHg|Local time: 1400|QC flag: none|Image File: YorkFactory_USSS-314_M1958_1879-07-01_OBS-2.jpg
1879	07	04	21	00	0	16.49	|	orig=487 inHg|Local time: 2100|QC flag: none|Image File: YorkFactory_USSS-314_M1958_1879-07-01_OBS-2.jpg
1879	07	05	07	00	0	13.17	|	orig=389 inHg|Local time: 0700|QC flag: none|Image File: YorkFactory_USSS-314_M1958_1879-07-01_OBS-2.jpg
1879	07	05	14	00	0	17.68	|	orig=522 inHg|Local time: 1400|QC flag: none|Image File: YorkFactory_USSS-314_M1958_1879-07-01_OBS-2.jpg
1879	07	05	21	00	0	15.88	|	orig=469 inHg|Local time: 2100|QC flag: none|Image File: YorkFactory_USSS-314_M1958_1879-07-01_OBS-2.jpg
1879	07	06	07	00	0	14.53	|	orig=429 inHg|Local time: 0700|QC flag: none|Image File: YorkFactory_USSS-314_M1958_1879-07-01_OBS-2.jpg
1879	07	06	14	00	0	19.57	|	orig=578 inHg|Local time: 1400|QC flag: none|Image File: YorkFactory_USSS-314_M1958_1879-07-01_OBS-2.jpg
1879	07	06	21	00	0	16.63	|	orig=491 inHg|Local time: 2100|QC flag: none|Image File: YorkFactory_USSS-314_M1958_1879-07-01_OBS-2.jpg
1879	07	07	07	00	0	13.41	|	orig=396 inHg|Local time: 0700|QC flag: none|Image File: YorkFactory_USSS-314_M1958_1879-07-01_OBS-2.jpg
1879	07	07	14	00	0	15.51	|	orig=458 inHg|Local time: 1400|QC flag: none|Image File: YorkFactory_USSS-314_M1958_1879-07-01_OBS-2.jpg
1879	07	07	21	00	0	17.10	|	orig=505 inHg|Local time: 2100|QC flag: none|Image File: YorkFactory_USSS-314_M1958_1879-07-01_OBS-2.jpg
1879	07	08	07	00	0	13.11	|	orig=387 inHg|Local time: 0700|QC flag: none|Image File: YorkFactory_USSS-314_M1958_1879-07-01_OBS-2.jpg
1879	07	08	14	00	0	16.80	|	orig=496 inHg|Local time: 1400|QC flag: none|Image File: YorkFactory_USSS-314_M1958_1879-07-01_OBS-2.jpg
1879	07	08	21	00	0	12.56	|	orig=371 inHg|Local time: 2100|QC flag: none|Image File: YorkFactory_USSS-314_M1958_1879-07-01_OBS-2.jpg
1879	07	09	07	00	0	11.99	|	orig=354 inHg|Local time: 0700|QC flag: none|Image File: YorkFactory_USSS-314_M1958_1879-07-01_OBS-2.jpg
1879	07	09	14	00	0	14.32	|	orig=423 inHg|Local time: 1400|QC flag: none|Image File: YorkFactory_USSS-314_M1958_1879-07-01_OBS-2.jpg
1879	07	09	21	00	0	16.63	|	orig=491 inHg|Local time: 2100|QC flag: none|Image File: YorkFactory_USSS-314_M1958_1879-07-01_OBS-2.jpg
1879	07	10	07	00	0	15.04	|	orig=444 inHg|Local time: 0700|QC flag: none|Image File: YorkFactory_USSS-314_M1958_1879-07-01_OBS-2.jpg
1879	07	10	14	00	0	14.97	|	orig=442 inHg|Local time: 1400|QC flag: none|Image File: YorkFactory_USSS-314_M1958_1879-07-01_OBS-2.jpg
1879	07	10	21	00	0	17.91	|	orig=529 inHg|Local time: 2100|QC flag: none|Image File: YorkFactory_USSS-314_M1958_1879-07-01_OBS-2.jpg
1879	07	11	07	00	0	14.97	|	orig=442 inHg|Local time: 0700|QC flag: none|Image File: YorkFactory_USSS-314_M1958_1879-07-01_OBS-2.jpg
1879	07	11	14	00	0	15.95	|	orig=471 inHg|Local time: 1400|QC flag: none|Image File: YorkFactory_USSS-314_M1958_1879-07-01_OBS-2.jpg
1879	07	11	21	00	0	16.25	|	orig=480 inHg|Local time: 2100|QC flag: none|Image File: YorkFactory_USSS-314_M1958_1879-07-01_OBS-2.jpg
1879	07	12	07	00	0	14.43	|	orig=426 inHg|Local time: 0700|QC flag: none|Image File: YorkFactory_USSS-314_M1958_1879-07-01_OBS-2.jpg
1879	07	12	14	00	0	15.51	|	orig=458 inHg|Local time: 1400|QC flag: none|Image File: YorkFactory_USSS-314_M1958_1879-07-01_OBS-2.jpg
1879	07	12	21	00	0	16.32	|	orig=482 inHg|Local time: 2100|QC flag: none|Image File: YorkFactory_USSS-314_M1958_1879-07-01_OBS-2.jpg
1879	07	13	07	00	0	11.14	|	orig=329 inHg|Local time: 0700|QC flag: none|Image File: YorkFactory_USSS-314_M1958_1879-07-01_OBS-2.jpg
1879	07	13	14	00	0	12.02	|	orig=355 inHg|Local time: 1400|QC flag: none|Image File: YorkFactory_USSS-314_M1958_1879-07-01_OBS-2.jpg
1879	07	13	21	00	0	11.34	|	orig=335 inHg|Local time: 2100|QC flag: none|Image File: YorkFactory_USSS-314_M1958_1879-07-01_OBS-2.jpg
1879	07	14	07	00	0	10.50	|	orig=310 inHg|Local time: 0700|QC flag: none|Image File: YorkFactory_USSS-314_M1958_1879-07-01_OBS-2.jpg
1879	07	14	14	00	0	12.22	|	orig=361 inHg|Local time: 1400|QC flag: none|Image File: YorkFactory_USSS-314_M1958_1879-07-01_OBS-2.jpg
1879	07	14	21	00	0	12.22	|	orig=361 inHg|Local time: 2100|QC flag: none|Image File: YorkFactory_USSS-314_M1958_1879-07-01_OBS-2.jpg
1879	07	15	07	00	0	12.46	|	orig=368 inHg|Local time: 0700|QC flag: none|Image File: YorkFactory_USSS-314_M1958_1879-07-01_OBS-2.jpg
1879	07	15	14	00	0	19.67	|	orig=581 inHg|Local time: 1400|QC flag: none|Image File: YorkFactory_USSS-314_M1958_1879-07-01_OBS-2.jpg
1879	07	15	21	00	0	18.59	|	orig=549 inHg|Local time: 2100|QC flag: none|Image File: YorkFactory_USSS-314_M1958_1879-07-01_OBS-2.jpg
1879	07	16	07	00	0	14.49	|	orig=428 inHg|Local time: 0700|QC flag: none|Image File: YorkFactory_USSS-314_M1958_1879-07-01_OBS-2.jpg
1879	07	16	14	00	0	16.19	|	orig=478 inHg|Local time: 1400|QC flag: none|Image File: YorkFactory_USSS-314_M1958_1879-07-01_OBS-2.jpg
1879	07	16	21	00	0	13.55	|	orig=400 inHg|Local time: 2100|QC flag: none|Image File: YorkFactory_USSS-314_M1958_1879-07-01_OBS-2.jpg
1879	07	17	07	00	0	12.46	|	orig=368 inHg|Local time: 0700|QC flag: none|Image File: YorkFactory_USSS-314_M1958_1879-07-01_OBS-2.jpg
1879	07	17	14	00	0	16.25	|	orig=480 inHg|Local time: 1400|QC flag: none|Image File: YorkFactory_USSS-314_M1958_1879-07-01_OBS-2.jpg
1879	07	17	21	00	0	15.04	|	orig=444 inHg|Local time: 2100|QC flag: none|Image File: YorkFactory_USSS-314_M1958_1879-07-01_OBS-2.jpg
1879	07	18	07	00	0	15.68	|	orig=463 inHg|Local time: 0700|QC flag: none|Image File: YorkFactory_USSS-314_M1958_1879-07-01_OBS-2.jpg
1879	07	18	14	00	0	22.21	|	orig=656 inHg|Local time: 1400|QC flag: none|Image File: YorkFactory_USSS-314_M1958_1879-07-01_OBS-2.jpg
1879	07	18	21	00	0	15.24	|	orig=450 inHg|Local time: 2100|QC flag: none|Image File: YorkFactory_USSS-314_M1958_1879-07-01_OBS-2.jpg
1879	07	19	07	00	0	15.44	|	orig=456 inHg|Local time: 0700|QC flag: none|Image File: YorkFactory_USSS-314_M1958_1879-07-01_OBS-2.jpg
1879	07	19	14	00	0	21.57	|	orig=637 inHg|Local time: 1400|QC flag: none|Image File: YorkFactory_USSS-314_M1958_1879-07-01_OBS-2.jpg
1879	07	19	21	00	0	16.15	|	orig=477 inHg|Local time: 2100|QC flag: none|Image File: YorkFactory_USSS-314_M1958_1879-07-01_OBS-2.jpg
1879	07	20	07	00	0	16.80	|	orig=496 inHg|Local time: 0700|QC flag: none|Image File: YorkFactory_USSS-314_M1958_1879-07-01_OBS-2.jpg
1879	07	20	14	00	0	16.73	|	orig=494 inHg|Local time: 1400|QC flag: none|Image File: YorkFactory_USSS-314_M1958_1879-07-01_OBS-2.jpg
1879	07	20	21	00	0	15.95	|	orig=471 inHg|Local time: 2100|QC flag: none|Image File: YorkFactory_USSS-314_M1958_1879-07-01_OBS-2.jpg
1879	07	21	07	00	0	15.54	|	orig=459 inHg|Local time: 0700|QC flag: none|Image File: YorkFactory_USSS-314_M1958_1879-07-01_OBS-2.jpg
1879	07	21	14	00	0	15.75	|	orig=465 inHg|Local time: 1400|QC flag: none|Image File: YorkFactory_USSS-314_M1958_1879-07-01_OBS-2.jpg
1879	07	21	21	00	0	15.68	|	orig=463 inHg|Local time: 2100|QC flag: none|Image File: YorkFactory_USSS-314_M1958_1879-07-01_OBS-2.jpg
1879	07	22	07	00	0	14.97	|	orig=442 inHg|Local time: 0700|QC flag: none|Image File: YorkFactory_USSS-314_M1958_1879-07-01_OBS-2.jpg
1879	07	22	14	00	0	17.24	|	orig=509 inHg|Local time: 1400|QC flag: none|Image File: YorkFactory_USSS-314_M1958_1879-07-01_OBS-2.jpg
1879	07	22	21	00	0	15.10	|	orig=446 inHg|Local time: 2100|QC flag: none|Image File: YorkFactory_USSS-314_M1958_1879-07-01_OBS-2.jpg
1879	07	23	07	00	0	14.43	|	orig=426 inHg|Local time: 0700|QC flag: none|Image File: YorkFactory_USSS-314_M1958_1879-07-01_OBS-2.jpg
1879	07	23	14	00	0	17.91	|	orig=529 inHg|Local time: 1400|QC flag: none|Image File: YorkFactory_USSS-314_M1958_1879-07-01_OBS-2.jpg
1879	07	23	21	00	0	15.88	|	orig=469 inHg|Local time: 2100|QC flag: none|Image File: YorkFactory_USSS-314_M1958_1879-07-01_OBS-2.jpg
1879	07	24	07	00	0	14.05	|	orig=415 inHg|Local time: 0700|QC flag: none|Image File: YorkFactory_USSS-314_M1958_1879-07-01_OBS-2.jpg
1879	07	24	14	00	0	20.72	|	orig=612 inHg|Local time: 1400|QC flag: none|Image File: YorkFactory_USSS-314_M1958_1879-07-01_OBS-2.jpg
1879	07	24	21	00	0	15.31	|	orig=452 inHg|Local time: 2100|QC flag: none|Image File: YorkFactory_USSS-314_M1958_1879-07-01_OBS-2.jpg
1879	07	25	07	00	0	13.92	|	orig=411 inHg|Local time: 0700|QC flag: none|Image File: YorkFactory_USSS-314_M1958_1879-07-01_OBS-2.jpg
1879	07	25	14	00	0	15.51	|	orig=458 inHg|Local time: 1400|QC flag: none|Image File: YorkFactory_USSS-314_M1958_1879-07-01_OBS-2.jpg
1879	07	25	21	00	0	15.10	|	orig=446 inHg|Local time: 2100|QC flag: none|Image File: YorkFactory_USSS-314_M1958_1879-07-01_OBS-2.jpg
1879	07	26	07	00	0	11.45	|	orig=338 inHg|Local time: 0700|QC flag: none|Image File: YorkFactory_USSS-314_M1958_1879-07-01_OBS-2.jpg
1879	07	26	14	00	0	15.95	|	orig=471 inHg|Local time: 1400|QC flag: none|Image File: YorkFactory_USSS-314_M1958_1879-07-01_OBS-2.jpg
1879	07	26	21	00	0	14.76	|	orig=436 inHg|Local time: 2100|QC flag: none|Image File: YorkFactory_USSS-314_M1958_1879-07-01_OBS-2.jpg
1879	07	27	07	00	0	10.70	|	orig=316 inHg|Local time: 0700|QC flag: none|Image File: YorkFactory_USSS-314_M1958_1879-07-01_OBS-2.jpg
1879	07	27	14	00	0	11.55	|	orig=341 inHg|Local time: 1400|QC flag: none|Image File: YorkFactory_USSS-314_M1958_1879-07-01_OBS-2.jpg
1879	07	27	21	00	0	11.14	|	orig=329 inHg|Local time: 2100|QC flag: none|Image File: YorkFactory_USSS-314_M1958_1879-07-01_OBS-2.jpg
1879	07	28	07	00	0	10.29	|	orig=304 inHg|Local time: 0700|QC flag: none|Image File: YorkFactory_USSS-314_M1958_1879-07-01_OBS-2.jpg
1879	07	28	14	00	0	13.99	|	orig=413 inHg|Local time: 1400|QC flag: none|Image File: YorkFactory_USSS-314_M1958_1879-07-01_OBS-2.jpg
1879	07	28	21	00	0	12.22	|	orig=361 inHg|Local time: 2100|QC flag: none|Image File: YorkFactory_USSS-314_M1958_1879-07-01_OBS-2.jpg
1879	07	29	07	00	0	11.14	|	orig=329 inHg|Local time: 0700|QC flag: none|Image File: YorkFactory_USSS-314_M1958_1879-07-01_OBS-2.jpg
1879	07	29	14	00	0	15.31	|	orig=452 inHg|Local time: 1400|QC flag: none|Image File: YorkFactory_USSS-314_M1958_1879-07-01_OBS-2.jpg
1879	07	29	21	00	0	12.09	|	orig=357 inHg|Local time: 2100|QC flag: none|Image File: YorkFactory_USSS-314_M1958_1879-07-01_OBS-2.jpg
1879	07	30	07	00	0	11.34	|	orig=335 inHg|Local time: 0700|QC flag: none|Image File: YorkFactory_USSS-314_M1958_1879-07-01_OBS-2.jpg
1879	07	30	14	00	0	14.09	|	orig=416 inHg|Local time: 1400|QC flag: none|Image File: YorkFactory_USSS-314_M1958_1879-07-01_OBS-2.jpg
1879	07	30	21	00	0	12.46	|	orig=368 inHg|Local time: 2100|QC flag: none|Image File: YorkFactory_USSS-314_M1958_1879-07-01_OBS-2.jpg
1879	07	31	07	00	0	10.70	|	orig=316 inHg|Local time: 0700|QC flag: none|Image File: YorkFactory_USSS-314_M1958_1879-07-01_OBS-2.jpg
1879	07	31	14	00	0	11.38	|	orig=336 inHg|Local time: 1400|QC flag: none|Image File: YorkFactory_USSS-314_M1958_1879-07-01_OBS-2.jpg
1879	07	31	21	00	0	11.55	|	orig=341 inHg|Local time: 2100|QC flag: none|Image File: YorkFactory_USSS-314_M1958_1879-07-01_OBS-2.jpg
1879	08	01	07	00	0	11.14	|	orig=0.329 inHg|Local time: 0700|QC flag: none|Image File: YorkFactory_USSS-314_M1958_1879-08-01_OBS-2.jpg
1879	08	01	14	00	0	16.19	|	orig=0.478 inHg|Local time: 1400|QC flag: none|Image File: YorkFactory_USSS-314_M1958_1879-08-01_OBS-2.jpg
1879	08	01	21	00	0	14.43	|	orig=0.426 inHg|Local time: 2100|QC flag: none|Image File: YorkFactory_USSS-314_M1958_1879-08-01_OBS-2.jpg
1879	08	02	07	00	0	11.78	|	orig=0.348 inHg|Local time: 0700|QC flag: none|Image File: YorkFactory_USSS-314_M1958_1879-08-01_OBS-2.jpg
1879	08	02	14	00	0	15.44	|	orig=0.456 inHg|Local time: 1400|QC flag: none|Image File: YorkFactory_USSS-314_M1958_1879-08-01_OBS-2.jpg
1879	08	02	21	00	0	15.81	|	orig=0.467 inHg|Local time: 2100|QC flag: none|Image File: YorkFactory_USSS-314_M1958_1879-08-01_OBS-2.jpg
1879	08	03	07	00	0	12.02	|	orig=0.355 inHg|Local time: 0700|QC flag: none|Image File: YorkFactory_USSS-314_M1958_1879-08-01_OBS-2.jpg
1879	08	03	14	00	0	13.24	|	orig=0.391 inHg|Local time: 1400|QC flag: none|Image File: YorkFactory_USSS-314_M1958_1879-08-01_OBS-2.jpg
1879	08	03	21	00	0	12.56	|	orig=0.371 inHg|Local time: 2100|QC flag: none|Image File: YorkFactory_USSS-314_M1958_1879-08-01_OBS-2.jpg
1879	08	04	07	00	0	12.46	|	orig=0.368 inHg|Local time: 0700|QC flag: none|Image File: YorkFactory_USSS-314_M1958_1879-08-01_OBS-2.jpg
1879	08	04	14	00	0	11.89	|	orig=0.351 inHg|Local time: 1400|QC flag: none|Image File: YorkFactory_USSS-314_M1958_1879-08-01_OBS-2.jpg
1879	08	04	21	00	0	10.67	|	orig=0.315 inHg|Local time: 2100|QC flag: none|Image File: YorkFactory_USSS-314_M1958_1879-08-01_OBS-2.jpg
1879	08	05	07	00	0	9.58	|	orig=0.283 inHg|Local time: 0700|QC flag: none|Image File: YorkFactory_USSS-314_M1958_1879-08-01_OBS-2.jpg
1879	08	05	14	00	0	9.55	|	orig=0.282 inHg|Local time: 1400|QC flag: none|Image File: YorkFactory_USSS-314_M1958_1879-08-01_OBS-2.jpg
1879	08	05	21	00	0	8.50	|	orig=0.251 inHg|Local time: 2100|QC flag: none|Image File: YorkFactory_USSS-314_M1958_1879-08-01_OBS-2.jpg
1879	08	06	07	00	0	8.80	|	orig=0.260 inHg|Local time: 0700|QC flag: none|Image File: YorkFactory_USSS-314_M1958_1879-08-01_OBS-2.jpg
1879	08	06	14	00	0	14.53	|	orig=0.429 inHg|Local time: 1400|QC flag: none|Image File: YorkFactory_USSS-314_M1958_1879-08-01_OBS-2.jpg
1879	08	06	21	00	0	11.55	|	orig=0.341 inHg|Local time: 2100|QC flag: none|Image File: YorkFactory_USSS-314_M1958_1879-08-01_OBS-2.jpg
1879	08	07	07	00	0	9.18	|	orig=0.271 inHg|Local time: 0700|QC flag: none|Image File: YorkFactory_USSS-314_M1958_1879-08-01_OBS-2.jpg
1879	08	07	14	00	0	14.76	|	orig=0.436 inHg|Local time: 1400|QC flag: none|Image File: YorkFactory_USSS-314_M1958_1879-08-01_OBS-2.jpg
1879	08	07	21	00	0	11.34	|	orig=0.335 inHg|Local time: 2100|QC flag: none|Image File: YorkFactory_USSS-314_M1958_1879-08-01_OBS-2.jpg
1879	08	08	07	00	0	9.55	|	orig=0.282 inHg|Local time: 0700|QC flag: none|Image File: YorkFactory_USSS-314_M1958_1879-08-01_OBS-2.jpg
1879	08	08	14	00	0	14.22	|	orig=0.420 inHg|Local time: 1400|QC flag: none|Image File: YorkFactory_USSS-314_M1958_1879-08-01_OBS-2.jpg
1879	08	08	21	00	0	7.62	|	orig=0.225 inHg|Local time: 2100|QC flag: none|Image File: YorkFactory_USSS-314_M1958_1879-08-01_OBS-2.jpg
1879	08	09	07	00	0	8.50	|	orig=0.251 inHg|Local time: 0700|QC flag: none|Image File: YorkFactory_USSS-314_M1958_1879-08-01_OBS-2.jpg
1879	08	09	14	00	0	12.97	|	orig=0.383 inHg|Local time: 1400|QC flag: none|Image File: YorkFactory_USSS-314_M1958_1879-08-01_OBS-2.jpg
1879	08	09	21	00	0	10.70	|	orig=0.316 inHg|Local time: 2100|QC flag: none|Image File: YorkFactory_USSS-314_M1958_1879-08-01_OBS-2.jpg
1879	08	10	07	00	0	8.80	|	orig=0.260 inHg|Local time: 0700|QC flag: none|Image File: YorkFactory_USSS-314_M1958_1879-08-01_OBS-2.jpg
1879	08	10	14	00	0	14.97	|	orig=0.442 inHg|Local time: 1400|QC flag: none|Image File: YorkFactory_USSS-314_M1958_1879-08-01_OBS-2.jpg
1879	08	10	21	00	0	11.14	|	orig=0.329 inHg|Local time: 2100|QC flag: none|Image File: YorkFactory_USSS-314_M1958_1879-08-01_OBS-2.jpg
1879	08	11	07	00	0	8.67	|	orig=0.256 inHg|Local time: 0700|QC flag: none|Image File: YorkFactory_USSS-314_M1958_1879-08-01_OBS-2.jpg
1879	08	11	14	00	0	14.53	|	orig=0.429 inHg|Local time: 1400|QC flag: none|Image File: YorkFactory_USSS-314_M1958_1879-08-01_OBS-2.jpg
1879	08	11	21	00	0	11.99	|	orig=0.354 inHg|Local time: 2100|QC flag: none|Image File: YorkFactory_USSS-314_M1958_1879-08-01_OBS-2.jpg
1879	08	12	07	00	0	10.29	|	orig=0.304 inHg|Local time: 0700|QC flag: none|Image File: YorkFactory_USSS-314_M1958_1879-08-01_OBS-2.jpg
1879	08	12	14	00	0	15.68	|	orig=0.463 inHg|Local time: 1400|QC flag: none|Image File: YorkFactory_USSS-314_M1958_1879-08-01_OBS-2.jpg
1879	08	12	21	00	0	13.14	|	orig=0.388 inHg|Local time: 2100|QC flag: none|Image File: YorkFactory_USSS-314_M1958_1879-08-01_OBS-2.jpg
1879	08	13	07	00	0	8.16	|	orig=0.241 inHg|Local time: 0700|QC flag: none|Image File: YorkFactory_USSS-314_M1958_1879-08-01_OBS-2.jpg
1879	08	13	14	00	0	15.31	|	orig=0.452 inHg|Local time: 1400|QC flag: none|Image File: YorkFactory_USSS-314_M1958_1879-08-01_OBS-2.jpg
1879	08	13	21	00	0	12.46	|	orig=0.368 inHg|Local time: 2100|QC flag: none|Image File: YorkFactory_USSS-314_M1958_1879-08-01_OBS-2.jpg
1879	08	14	07	00	0	9.55	|	orig=0.282 inHg|Local time: 0700|QC flag: none|Image File: YorkFactory_USSS-314_M1958_1879-08-01_OBS-2.jpg
1879	08	14	14	00	0	12.97	|	orig=0.383 inHg|Local time: 1400|QC flag: none|Image File: YorkFactory_USSS-314_M1958_1879-08-01_OBS-2.jpg
1879	08	14	21	00	0	11.55	|	orig=0.341 inHg|Local time: 2100|QC flag: none|Image File: YorkFactory_USSS-314_M1958_1879-08-01_OBS-2.jpg
1879	08	15	07	00	0	7.86	|	orig=0.232 inHg|Local time: 0700|QC flag: none|Image File: YorkFactory_USSS-314_M1958_1879-08-01_OBS-2.jpg
1879	08	15	14	00	0	11.34	|	orig=0.335 inHg|Local time: 1400|QC flag: none|Image File: YorkFactory_USSS-314_M1958_1879-08-01_OBS-2.jpg
1879	08	15	21	00	0	9.18	|	orig=0.271 inHg|Local time: 2100|QC flag: none|Image File: YorkFactory_USSS-314_M1958_1879-08-01_OBS-2.jpg
1879	08	16	07	00	0	7.55	|	orig=0.223 inHg|Local time: 0700|QC flag: none|Image File: YorkFactory_USSS-314_M1958_1879-08-01_OBS-2.jpg
1879	08	16	14	00	0	10.29	|	orig=0.304 inHg|Local time: 1400|QC flag: none|Image File: YorkFactory_USSS-314_M1958_1879-08-01_OBS-2.jpg
1879	08	16	21	00	0	8.64	|	orig=0.255 inHg|Local time: 2100|QC flag: none|Image File: YorkFactory_USSS-314_M1958_1879-08-01_OBS-2.jpg
1879	08	17	07	00	0	9.62	|	orig=0.284 inHg|Local time: 0700|QC flag: none|Image File: YorkFactory_USSS-314_M1958_1879-08-01_OBS-2.jpg
1879	08	17	14	00	0	20.49	|	orig=0.605 inHg|Local time: 1400|QC flag: none|Image File: YorkFactory_USSS-314_M1958_1879-08-01_OBS-2.jpg
1879	08	17	21	00	0	17.68	|	orig=0.522 inHg|Local time: 2100|QC flag: none|Image File: YorkFactory_USSS-314_M1958_1879-08-01_OBS-2.jpg
1879	08	18	07	00	0	12.06	|	orig=0.356 inHg|Local time: 0700|QC flag: none|Image File: YorkFactory_USSS-314_M1958_1879-08-01_OBS-2.jpg
1879	08	18	14	00	0	22.72	|	orig=0.671 inHg|Local time: 1400|QC flag: none|Image File: YorkFactory_USSS-314_M1958_1879-08-01_OBS-2.jpg
1879	08	18	21	00	0	17.27	|	orig=0.510 inHg|Local time: 2100|QC flag: none|Image File: YorkFactory_USSS-314_M1958_1879-08-01_OBS-2.jpg
1879	08	19	07	00	0	14.53	|	orig=0.429 inHg|Local time: 0700|QC flag: none|Image File: YorkFactory_USSS-314_M1958_1879-08-01_OBS-2.jpg
1879	08	19	14	00	0	17.47	|	orig=0.516 inHg|Local time: 1400|QC flag: none|Image File: YorkFactory_USSS-314_M1958_1879-08-01_OBS-2.jpg
1879	08	19	21	00	0	14.43	|	orig=0.426 inHg|Local time: 2100|QC flag: none|Image File: YorkFactory_USSS-314_M1958_1879-08-01_OBS-2.jpg
1879	08	20	07	00	0	13.41	|	orig=0.396 inHg|Local time: 0700|QC flag: none|Image File: YorkFactory_USSS-314_M1958_1879-08-01_OBS-2.jpg
1879	08	20	14	00	0	15.20	|	orig=0.449 inHg|Local time: 1400|QC flag: none|Image File: YorkFactory_USSS-314_M1958_1879-08-01_OBS-2.jpg
1879	08	20	21	00	0	13.68	|	orig=0.404 inHg|Local time: 2100|QC flag: none|Image File: YorkFactory_USSS-314_M1958_1879-08-01_OBS-2.jpg
1879	08	21	07	00	0	12.46	|	orig=0.368 inHg|Local time: 0700|QC flag: none|Image File: YorkFactory_USSS-314_M1958_1879-08-01_OBS-2.jpg
1879	08	21	14	00	0	16.02	|	orig=0.473 inHg|Local time: 1400|QC flag: none|Image File: YorkFactory_USSS-314_M1958_1879-08-01_OBS-2.jpg
1879	08	21	21	00	0	12.70	|	orig=0.375 inHg|Local time: 2100|QC flag: none|Image File: YorkFactory_USSS-314_M1958_1879-08-01_OBS-2.jpg
1879	08	22	07	00	0	12.22	|	orig=0.361 inHg|Local time: 0700|QC flag: none|Image File: YorkFactory_USSS-314_M1958_1879-08-01_OBS-2.jpg
1879	08	22	14	00	0	16.49	|	orig=0.487 inHg|Local time: 1400|QC flag: none|Image File: YorkFactory_USSS-314_M1958_1879-08-01_OBS-2.jpg
1879	08	22	21	00	0	12.46	|	orig=0.368 inHg|Local time: 2100|QC flag: none|Image File: YorkFactory_USSS-314_M1958_1879-08-01_OBS-2.jpg
1879	08	23	07	00	0	10.70	|	orig=0.316 inHg|Local time: 0700|QC flag: none|Image File: YorkFactory_USSS-314_M1958_1879-08-01_OBS-2.jpg
1879	08	23	14	00	0	16.12	|	orig=0.476 inHg|Local time: 1400|QC flag: none|Image File: YorkFactory_USSS-314_M1958_1879-08-01_OBS-2.jpg
1879	08	23	21	00	0	11.99	|	orig=0.354 inHg|Local time: 2100|QC flag: none|Image File: YorkFactory_USSS-314_M1958_1879-08-01_OBS-2.jpg
1879	08	24	07	00	0	9.55	|	orig=0.282 inHg|Local time: 0700|QC flag: none|Image File: YorkFactory_USSS-314_M1958_1879-08-01_OBS-2.jpg
1879	08	24	14	00	0	11.75	|	orig=0.347 inHg|Local time: 1400|QC flag: none|Image File: YorkFactory_USSS-314_M1958_1879-08-01_OBS-2.jpg
1879	08	24	21	00	0	9.18	|	orig=0.271 inHg|Local time: 2100|QC flag: none|Image File: YorkFactory_USSS-314_M1958_1879-08-01_OBS-2.jpg
1879	08	25	07	00	0	8.50	|	orig=0.251 inHg|Local time: 0700|QC flag: none|Image File: YorkFactory_USSS-314_M1958_1879-08-01_OBS-2.jpg
1879	08	25	14	00	0	12.22	|	orig=0.361 inHg|Local time: 1400|QC flag: none|Image File: YorkFactory_USSS-314_M1958_1879-08-01_OBS-2.jpg
1879	08	25	21	00	0	9.92	|	orig=0.293 inHg|Local time: 2100|QC flag: none|Image File: YorkFactory_USSS-314_M1958_1879-08-01_OBS-2.jpg
1879	08	26	07	00	0	8.16	|	orig=0.241 inHg|Local time: 0700|QC flag: none|Image File: YorkFactory_USSS-314_M1958_1879-08-01_OBS-2.jpg
1879	08	26	14	00	0	13.17	|	orig=0.389 inHg|Local time: 1400|QC flag: none|Image File: YorkFactory_USSS-314_M1958_1879-08-01_OBS-2.jpg
1879	08	26	21	00	0	11.34	|	orig=0.335 inHg|Local time: 2100|QC flag: none|Image File: YorkFactory_USSS-314_M1958_1879-08-01_OBS-2.jpg
1879	08	27	07	00	0	8.03	|	orig=0.237 inHg|Local time: 0700|QC flag: none|Image File: YorkFactory_USSS-314_M1958_1879-08-01_OBS-2.jpg
1879	08	27	14	00	0	11.55	|	orig=0.341 inHg|Local time: 1400|QC flag: none|Image File: YorkFactory_USSS-314_M1958_1879-08-01_OBS-2.jpg
1879	08	27	21	00	0	10.70	|	orig=0.316 inHg|Local time: 2100|QC flag: none|Image File: YorkFactory_USSS-314_M1958_1879-08-01_OBS-2.jpg
1879	08	28	07	00	0	7.89	|	orig=0.233 inHg|Local time: 0700|QC flag: none|Image File: YorkFactory_USSS-314_M1958_1879-08-01_OBS-2.jpg
1879	08	28	14	00	0	13.92	|	orig=0.411 inHg|Local time: 1400|QC flag: none|Image File: YorkFactory_USSS-314_M1958_1879-08-01_OBS-2.jpg
1879	08	28	21	00	0	12.46	|	orig=0.368 inHg|Local time: 2100|QC flag: none|Image File: YorkFactory_USSS-314_M1958_1879-08-01_OBS-2.jpg
1879	08	29	07	00	0	9.18	|	orig=0.271 inHg|Local time: 0700|QC flag: none|Image File: YorkFactory_USSS-314_M1958_1879-08-01_OBS-2.jpg
1879	08	29	14	00	0	14.97	|	orig=0.442 inHg|Local time: 1400|QC flag: none|Image File: YorkFactory_USSS-314_M1958_1879-08-01_OBS-2.jpg
1879	08	29	21	00	0	12.46	|	orig=0.368 inHg|Local time: 2100|QC flag: none|Image File: YorkFactory_USSS-314_M1958_1879-08-01_OBS-2.jpg
1879	08	30	07	00	0	8.80	|	orig=0.260 inHg|Local time: 0700|QC flag: none|Image File: YorkFactory_USSS-314_M1958_1879-08-01_OBS-2.jpg
1879	08	30	14	00	0	14.43	|	orig=0.426 inHg|Local time: 1400|QC flag: none|Image File: YorkFactory_USSS-314_M1958_1879-08-01_OBS-2.jpg
1879	08	30	21	00	0	11.99	|	orig=0.354 inHg|Local time: 2100|QC flag: none|Image File: YorkFactory_USSS-314_M1958_1879-08-01_OBS-2.jpg
1879	08	31	07	00	0	9.38	|	orig=0.277 inHg|Local time: 0700|QC flag: none|Image File: YorkFactory_USSS-314_M1958_1879-08-01_OBS-2.jpg
1879	08	31	14	00	0	15.88	|	orig=0.469 inHg|Local time: 1400|QC flag: none|Image File: YorkFactory_USSS-314_M1958_1879-08-01_OBS-2.jpg
1879	08	31	21	00	0	10.29	|	orig=0.304 inHg|Local time: 2100|QC flag: none|Image File: YorkFactory_USSS-314_M1958_1879-08-01_OBS-2.jpg
1879	09	01	07	00	0	8.80	|	orig=0.260 inHg|Local time: 0700|QC flag: none|Image File: YorkFactory_USSS-314_M1958_1879-09-01_OBS-2.jpg
1879	09	01	14	00	0	13.99	|	orig=0.413 inHg|Local time: 1400|QC flag: none|Image File: YorkFactory_USSS-314_M1958_1879-09-01_OBS-2.jpg
1879	09	01	21	00	0	11.31	|	orig=0.334 inHg|Local time: 2100|QC flag: none|Image File: YorkFactory_USSS-314_M1958_1879-09-01_OBS-2.jpg
1879	09	02	07	00	0	8.16	|	orig=0.241 inHg|Local time: 0700|QC flag: none|Image File: YorkFactory_USSS-314_M1958_1879-09-01_OBS-2.jpg
1879	09	02	14	00	0	15.68	|	orig=0.463 inHg|Local time: 1400|QC flag: none|Image File: YorkFactory_USSS-314_M1958_1879-09-01_OBS-2.jpg
1879	09	02	21	00	0	11.55	|	orig=0.341 inHg|Local time: 2100|QC flag: none|Image File: YorkFactory_USSS-314_M1958_1879-09-01_OBS-2.jpg
1879	09	03	07	00	0	7.62	|	orig=0.225 inHg|Local time: 0700|QC flag: none|Image File: YorkFactory_USSS-314_M1958_1879-09-01_OBS-2.jpg
1879	09	03	14	00	0	14.02	|	orig=0.414 inHg|Local time: 1400|QC flag: none|Image File: YorkFactory_USSS-314_M1958_1879-09-01_OBS-2.jpg
1879	09	03	21	00	0	10.70	|	orig=0.316 inHg|Local time: 2100|QC flag: none|Image File: YorkFactory_USSS-314_M1958_1879-09-01_OBS-2.jpg
1879	09	04	07	00	0	6.67	|	orig=0.197 inHg|Local time: 0700|QC flag: low value|Image File: YorkFactory_USSS-314_M1958_1879-09-01_OBS-2.jpg
1879	09	04	14	00	0	12.97	|	orig=0.383 inHg|Local time: 1400|QC flag: none|Image File: YorkFactory_USSS-314_M1958_1879-09-01_OBS-2.jpg
1879	09	04	21	00	0	10.29	|	orig=0.304 inHg|Local time: 2100|QC flag: none|Image File: YorkFactory_USSS-314_M1958_1879-09-01_OBS-2.jpg
1879	09	05	07	00	0	6.94	|	orig=0.205 inHg|Local time: 0700|QC flag: none|Image File: YorkFactory_USSS-314_M1958_1879-09-01_OBS-2.jpg
1879	09	05	14	00	0	12.97	|	orig=0.383 inHg|Local time: 1400|QC flag: none|Image File: YorkFactory_USSS-314_M1958_1879-09-01_OBS-2.jpg
1879	09	05	21	00	0	11.14	|	orig=0.329 inHg|Local time: 2100|QC flag: none|Image File: YorkFactory_USSS-314_M1958_1879-09-01_OBS-2.jpg
1879	09	06	07	00	0	7.55	|	orig=0.223 inHg|Local time: 0700|QC flag: none|Image File: YorkFactory_USSS-314_M1958_1879-09-01_OBS-2.jpg
1879	09	06	14	00	0	15.10	|	orig=0.446 inHg|Local time: 1400|QC flag: none|Image File: YorkFactory_USSS-314_M1958_1879-09-01_OBS-2.jpg
1879	09	06	21	00	0	11.11	|	orig=0.328 inHg|Local time: 2100|QC flag: none|Image File: YorkFactory_USSS-314_M1958_1879-09-01_OBS-2.jpg
1879	09	07	07	00	0	7.25	|	orig=0.214 inHg|Local time: 0700|QC flag: none|Image File: YorkFactory_USSS-314_M1958_1879-09-01_OBS-2.jpg
1879	09	07	14	00	0	13.99	|	orig=0.413 inHg|Local time: 1400|QC flag: none|Image File: YorkFactory_USSS-314_M1958_1879-09-01_OBS-2.jpg
1879	09	07	21	00	0	13.17	|	orig=0.389 inHg|Local time: 2100|QC flag: none|Image File: YorkFactory_USSS-314_M1958_1879-09-01_OBS-2.jpg
1879	09	08	07	00	0	7.55	|	orig=0.223 inHg|Local time: 0700|QC flag: none|Image File: YorkFactory_USSS-314_M1958_1879-09-01_OBS-2.jpg
1879	09	08	14	00	0	16.69	|	orig=0.493 inHg|Local time: 1400|QC flag: none|Image File: YorkFactory_USSS-314_M1958_1879-09-01_OBS-2.jpg
1879	09	08	21	00	0	12.94	|	orig=0.382 inHg|Local time: 2100|QC flag: none|Image File: YorkFactory_USSS-314_M1958_1879-09-01_OBS-2.jpg
1879	09	09	07	00	0	8.03	|	orig=0.237 inHg|Local time: 0700|QC flag: none|Image File: YorkFactory_USSS-314_M1958_1879-09-01_OBS-2.jpg
1879	09	09	14	00	0	15.88	|	orig=0.469 inHg|Local time: 1400|QC flag: none|Image File: YorkFactory_USSS-314_M1958_1879-09-01_OBS-2.jpg
1879	09	09	21	00	0	12.46	|	orig=0.368 inHg|Local time: 2100|QC flag: none|Image File: YorkFactory_USSS-314_M1958_1879-09-01_OBS-2.jpg
1879	09	10	07	00	0	10.29	|	orig=0.304 inHg|Local time: 0700|QC flag: none|Image File: YorkFactory_USSS-314_M1958_1879-09-01_OBS-2.jpg
1879	09	10	14	00	0	13.92	|	orig=0.411 inHg|Local time: 1400|QC flag: none|Image File: YorkFactory_USSS-314_M1958_1879-09-01_OBS-2.jpg
1879	09	10	21	00	0	11.99	|	orig=0.354 inHg|Local time: 2100|QC flag: none|Image File: YorkFactory_USSS-314_M1958_1879-09-01_OBS-2.jpg
1879	09	11	07	00	0	9.55	|	orig=0.282 inHg|Local time: 0700|QC flag: none|Image File: YorkFactory_USSS-314_M1958_1879-09-01_OBS-2.jpg
1879	09	11	14	00	0	13.99	|	orig=0.413 inHg|Local time: 1400|QC flag: none|Image File: YorkFactory_USSS-314_M1958_1879-09-01_OBS-2.jpg
1879	09	11	21	00	0	11.99	|	orig=0.354 inHg|Local time: 2100|QC flag: none|Image File: YorkFactory_USSS-314_M1958_1879-09-01_OBS-2.jpg
1879	09	12	07	00	0	8.50	|	orig=0.251 inHg|Local time: 0700|QC flag: none|Image File: YorkFactory_USSS-314_M1958_1879-09-01_OBS-2.jpg
1879	09	12	14	00	0	15.10	|	orig=0.446 inHg|Local time: 1400|QC flag: none|Image File: YorkFactory_USSS-314_M1958_1879-09-01_OBS-2.jpg
1879	09	12	21	00	0	12.46	|	orig=0.368 inHg|Local time: 2100|QC flag: none|Image File: YorkFactory_USSS-314_M1958_1879-09-01_OBS-2.jpg
1879	09	13	07	00	0	8.16	|	orig=0.241 inHg|Local time: 0700|QC flag: none|Image File: YorkFactory_USSS-314_M1958_1879-09-01_OBS-2.jpg
1879	09	13	14	00	0	11.99	|	orig=0.354 inHg|Local time: 1400|QC flag: none|Image File: YorkFactory_USSS-314_M1958_1879-09-01_OBS-2.jpg
1879	09	13	21	00	0	9.18	|	orig=0.271 inHg|Local time: 2100|QC flag: none|Image File: YorkFactory_USSS-314_M1958_1879-09-01_OBS-2.jpg
1879	09	14	07	00	0	6.67	|	orig=0.197 inHg|Local time: 0700|QC flag: low value|Image File: YorkFactory_USSS-314_M1958_1879-09-01_OBS-2.jpg
1879	09	14	14	00	0	10.80	|	orig=0.319 inHg|Local time: 1400|QC flag: none|Image File: YorkFactory_USSS-314_M1958_1879-09-01_OBS-2.jpg
1879	09	14	21	00	0	7.86	|	orig=0.232 inHg|Local time: 2100|QC flag: none|Image File: YorkFactory_USSS-314_M1958_1879-09-01_OBS-2.jpg
1879	09	15	07	00	0	6.40	|	orig=0.189 inHg|Local time: 0700|QC flag: low value|Image File: YorkFactory_USSS-314_M1958_1879-09-01_OBS-2.jpg
1879	09	15	14	00	0	9.48	|	orig=0.280 inHg|Local time: 1400|QC flag: none|Image File: YorkFactory_USSS-314_M1958_1879-09-01_OBS-2.jpg
1879	09	15	21	00	0	7.25	|	orig=0.214 inHg|Local time: 2100|QC flag: none|Image File: YorkFactory_USSS-314_M1958_1879-09-01_OBS-2.jpg
1879	09	16	07	00	0	5.93	|	orig=0.175 inHg|Local time: 0700|QC flag: low value|Image File: YorkFactory_USSS-314_M1958_1879-09-01_OBS-2.jpg
1879	09	16	14	00	0	10.43	|	orig=0.308 inHg|Local time: 1400|QC flag: none|Image File: YorkFactory_USSS-314_M1958_1879-09-01_OBS-2.jpg
1879	09	16	21	00	0	9.04	|	orig=0.267 inHg|Local time: 2100|QC flag: none|Image File: YorkFactory_USSS-314_M1958_1879-09-01_OBS-2.jpg
1879	09	17	07	00	0	6.64	|	orig=0.196 inHg|Local time: 0700|QC flag: low value|Image File: YorkFactory_USSS-314_M1958_1879-09-01_OBS-2.jpg
1879	09	17	14	00	0	11.34	|	orig=0.335 inHg|Local time: 1400|QC flag: none|Image File: YorkFactory_USSS-314_M1958_1879-09-01_OBS-2.jpg
1879	09	17	21	00	0	9.18	|	orig=0.271 inHg|Local time: 2100|QC flag: none|Image File: YorkFactory_USSS-314_M1958_1879-09-01_OBS-2.jpg
1879	09	18	07	00	0	8.57	|	orig=0.253 inHg|Local time: 0700|QC flag: none|Image File: YorkFactory_USSS-314_M1958_1879-09-01_OBS-2.jpg
1879	09	18	14	00	0	12.46	|	orig=0.368 inHg|Local time: 1400|QC flag: none|Image File: YorkFactory_USSS-314_M1958_1879-09-01_OBS-2.jpg
1879	09	18	21	00	0	9.55	|	orig=0.282 inHg|Local time: 2100|QC flag: none|Image File: YorkFactory_USSS-314_M1958_1879-09-01_OBS-2.jpg
1879	09	19	07	00	0	7.25	|	orig=0.214 inHg|Local time: 0700|QC flag: none|Image File: YorkFactory_USSS-314_M1958_1879-09-01_OBS-2.jpg
1879	09	19	14	00	0	11.78	|	orig=0.348 inHg|Local time: 1400|QC flag: none|Image File: YorkFactory_USSS-314_M1958_1879-09-01_OBS-2.jpg
1879	09	19	21	00	0	9.41	|	orig=0.278 inHg|Local time: 2100|QC flag: none|Image File: YorkFactory_USSS-314_M1958_1879-09-01_OBS-2.jpg
1879	09	20	07	00	0	6.94	|	orig=0.205 inHg|Local time: 0700|QC flag: none|Image File: YorkFactory_USSS-314_M1958_1879-09-01_OBS-2.jpg
1879	09	20	14	00	0	10.67	|	orig=0.315 inHg|Local time: 1400|QC flag: none|Image File: YorkFactory_USSS-314_M1958_1879-09-01_OBS-2.jpg
1879	09	20	21	00	0	8.64	|	orig=0.255 inHg|Local time: 2100|QC flag: none|Image File: YorkFactory_USSS-314_M1958_1879-09-01_OBS-2.jpg
1879	09	21	07	00	0	6.67	|	orig=0.197 inHg|Local time: 0700|QC flag: low value|Image File: YorkFactory_USSS-314_M1958_1879-09-01_OBS-2.jpg
1879	09	21	14	00	0	9.18	|	orig=0.271 inHg|Local time: 1400|QC flag: none|Image File: YorkFactory_USSS-314_M1958_1879-09-01_OBS-2.jpg
1879	09	21	21	00	0	8.80	|	orig=0.260 inHg|Local time: 2100|QC flag: none|Image File: YorkFactory_USSS-314_M1958_1879-09-01_OBS-2.jpg
1879	09	22	07	00	0	8.16	|	orig=0.241 inHg|Local time: 0700|QC flag: none|Image File: YorkFactory_USSS-314_M1958_1879-09-01_OBS-2.jpg
1879	09	22	14	00	0	12.50	|	orig=0.369 inHg|Local time: 1400|QC flag: none|Image File: YorkFactory_USSS-314_M1958_1879-09-01_OBS-2.jpg
1879	09	22	21	00	0	11.34	|	orig=0.335 inHg|Local time: 2100|QC flag: none|Image File: YorkFactory_USSS-314_M1958_1879-09-01_OBS-2.jpg
1879	09	23	07	00	0	10.70	|	orig=0.316 inHg|Local time: 0700|QC flag: none|Image File: YorkFactory_USSS-314_M1958_1879-09-01_OBS-2.jpg
1879	09	23	14	00	0	14.09	|	orig=0.416 inHg|Local time: 1400|QC flag: none|Image File: YorkFactory_USSS-314_M1958_1879-09-01_OBS-2.jpg
1879	09	23	21	00	0	12.22	|	orig=0.361 inHg|Local time: 2100|QC flag: none|Image File: YorkFactory_USSS-314_M1958_1879-09-01_OBS-2.jpg
1879	09	24	07	00	0	9.18	|	orig=0.271 inHg|Local time: 0700|QC flag: none|Image File: YorkFactory_USSS-314_M1958_1879-09-01_OBS-2.jpg
1879	09	24	14	00	0	8.80	|	orig=0.260 inHg|Local time: 1400|QC flag: none|Image File: YorkFactory_USSS-314_M1958_1879-09-01_OBS-2.jpg
1879	09	24	21	00	0	11.24	|	orig=0.332 inHg|Local time: 2100|QC flag: none|Image File: YorkFactory_USSS-314_M1958_1879-09-01_OBS-2.jpg
1879	09	25	07	00	0	6.40	|	orig=0.189 inHg|Local time: 0700|QC flag: low value|Image File: YorkFactory_USSS-314_M1958_1879-09-01_OBS-2.jpg
1879	09	25	14	00	0	7.75	|	orig=0.229 inHg|Local time: 1400|QC flag: none|Image File: YorkFactory_USSS-314_M1958_1879-09-01_OBS-2.jpg
1879	09	25	21	00	0	6.64	|	orig=0.196 inHg|Local time: 2100|QC flag: low value|Image File: YorkFactory_USSS-314_M1958_1879-09-01_OBS-2.jpg
1879	09	26	07	00	0	6.06	|	orig=0.179 inHg|Local time: 0700|QC flag: low value|Image File: YorkFactory_USSS-314_M1958_1879-09-01_OBS-2.jpg
1879	09	26	14	00	0	7.55	|	orig=0.223 inHg|Local time: 1400|QC flag: none|Image File: YorkFactory_USSS-314_M1958_1879-09-01_OBS-2.jpg
1879	09	26	21	00	0	6.40	|	orig=0.189 inHg|Local time: 2100|QC flag: low value|Image File: YorkFactory_USSS-314_M1958_1879-09-01_OBS-2.jpg
1879	09	27	07	00	0	6.16	|	orig=0.182 inHg|Local time: 0700|QC flag: low value|Image File: YorkFactory_USSS-314_M1958_1879-09-01_OBS-2.jpg
1879	09	27	14	00	0	7.38	|	orig=0.218 inHg|Local time: 1400|QC flag: none|Image File: YorkFactory_USSS-314_M1958_1879-09-01_OBS-2.jpg
1879	09	27	21	00	0	6.67	|	orig=0.197 inHg|Local time: 2100|QC flag: low value|Image File: YorkFactory_USSS-314_M1958_1879-09-01_OBS-2.jpg
1879	09	28	07	00	0	6.67	|	orig=0.197 inHg|Local time: 0700|QC flag: low value|Image File: YorkFactory_USSS-314_M1958_1879-09-01_OBS-2.jpg
1879	09	28	14	00	0	7.62	|	orig=0.225 inHg|Local time: 1400|QC flag: none|Image File: YorkFactory_USSS-314_M1958_1879-09-01_OBS-2.jpg
1879	09	28	21	00	0	6.40	|	orig=0.189 inHg|Local time: 2100|QC flag: low value|Image File: YorkFactory_USSS-314_M1958_1879-09-01_OBS-2.jpg
1879	09	29	07	00	0	6.06	|	orig=0.179 inHg|Local time: 0700|QC flag: low value|Image File: YorkFactory_USSS-314_M1958_1879-09-01_OBS-2.jpg
1879	09	29	14	00	0	8.50	|	orig=0.251 inHg|Local time: 1400|QC flag: none|Image File: YorkFactory_USSS-314_M1958_1879-09-01_OBS-2.jpg
1879	09	29	21	00	0	6.54	|	orig=0.193 inHg|Local time: 2100|QC flag: low value|Image File: YorkFactory_USSS-314_M1958_1879-09-01_OBS-2.jpg
1879	09	30	07	00	0	5.93	|	orig=0.175 inHg|Local time: 0700|QC flag: low value|Image File: YorkFactory_USSS-314_M1958_1879-09-01_OBS-2.jpg
1879	09	30	14	00	0	7.25	|	orig=0.214 inHg|Local time: 1400|QC flag: none|Image File: YorkFactory_USSS-314_M1958_1879-09-01_OBS-2.jpg
1879	09	30	21	00	0	6.94	|	orig=0.205 inHg|Local time: 2100|QC flag: none|Image File: YorkFactory_USSS-314_M1958_1879-09-01_OBS-2.jpg
1879	10	01	07	00	0	7.62	|	orig=225 inHg|Local time: 0700|QC flag: none|Image File: YorkFactory_USSS-314_M1958_1879-10-01_OBS-2.jpg
1879	10	01	14	00	0	9.58	|	orig=283 inHg|Local time: 1400|QC flag: none|Image File: YorkFactory_USSS-314_M1958_1879-10-01_OBS-2.jpg
1879	10	01	21	00	0	8.87	|	orig=262 inHg|Local time: 2100|QC flag: none|Image File: YorkFactory_USSS-314_M1958_1879-10-01_OBS-2.jpg
1879	10	02	07	00	0	8.53	|	orig=252 inHg|Local time: 0700|QC flag: none|Image File: YorkFactory_USSS-314_M1958_1879-10-01_OBS-2.jpg
1879	10	02	14	00	0	8.70	|	orig=257 inHg|Local time: 1400|QC flag: none|Image File: YorkFactory_USSS-314_M1958_1879-10-01_OBS-2.jpg
1879	10	02	21	00	0	7.75	|	orig=229 inHg|Local time: 2100|QC flag: none|Image File: YorkFactory_USSS-314_M1958_1879-10-01_OBS-2.jpg
1879	10	03	07	00	0	7.75	|	orig=229 inHg|Local time: 0700|QC flag: none|Image File: YorkFactory_USSS-314_M1958_1879-10-01_OBS-2.jpg
1879	10	03	14	00	0	6.67	|	orig=197 inHg|Local time: 1400|QC flag: low value|Image File: YorkFactory_USSS-314_M1958_1879-10-01_OBS-2.jpg
1879	10	03	21	00	0	6.40	|	orig=189 inHg|Local time: 2100|QC flag: low value|Image File: YorkFactory_USSS-314_M1958_1879-10-01_OBS-2.jpg
1879	10	04	07	00	0	6.06	|	orig=179 inHg|Local time: 0700|QC flag: low value|Image File: YorkFactory_USSS-314_M1958_1879-10-01_OBS-2.jpg
1879	10	04	14	00	0	8.16	|	orig=241 inHg|Local time: 1400|QC flag: none|Image File: YorkFactory_USSS-314_M1958_1879-10-01_OBS-2.jpg
1879	10	04	21	00	0	3.86	|	orig=114 inHg|Local time: 2100|QC flag: low value|Image File: YorkFactory_USSS-314_M1958_1879-10-01_OBS-2.jpg
1879	10	05	07	00	0	5.69	|	orig=168 inHg|Local time: 0700|QC flag: low value|Image File: YorkFactory_USSS-314_M1958_1879-10-01_OBS-2.jpg
1879	10	05	14	00	0	6.54	|	orig=193 inHg|Local time: 1400|QC flag: low value|Image File: YorkFactory_USSS-314_M1958_1879-10-01_OBS-2.jpg
1879	10	05	21	00	0	6.40	|	orig=189 inHg|Local time: 2100|QC flag: low value|Image File: YorkFactory_USSS-314_M1958_1879-10-01_OBS-2.jpg
1879	10	06	07	00	0	5.59	|	orig=165 inHg|Local time: 0700|QC flag: low value|Image File: YorkFactory_USSS-314_M1958_1879-10-01_OBS-2.jpg
1879	10	06	14	00	0	6.94	|	orig=205 inHg|Local time: 1400|QC flag: none|Image File: YorkFactory_USSS-314_M1958_1879-10-01_OBS-2.jpg
1879	10	06	21	00	0	6.40	|	orig=189 inHg|Local time: 2100|QC flag: low value|Image File: YorkFactory_USSS-314_M1958_1879-10-01_OBS-2.jpg
1879	10	07	07	00	0	5.45	|	orig=161 inHg|Local time: 0700|QC flag: low value|Image File: YorkFactory_USSS-314_M1958_1879-10-01_OBS-2.jpg
1879	10	07	14	00	0	7.18	|	orig=212 inHg|Local time: 1400|QC flag: none|Image File: YorkFactory_USSS-314_M1958_1879-10-01_OBS-2.jpg
1879	10	07	21	00	0	6.91	|	orig=204 inHg|Local time: 2100|QC flag: none|Image File: YorkFactory_USSS-314_M1958_1879-10-01_OBS-2.jpg
1879	10	08	07	00	0	5.22	|	orig=154 inHg|Local time: 0700|QC flag: low value|Image File: YorkFactory_USSS-314_M1958_1879-10-01_OBS-2.jpg
1879	10	08	14	00	0	7.25	|	orig=214 inHg|Local time: 1400|QC flag: none|Image File: YorkFactory_USSS-314_M1958_1879-10-01_OBS-2.jpg
1879	10	08	21	00	0	6.54	|	orig=193 inHg|Local time: 2100|QC flag: low value|Image File: YorkFactory_USSS-314_M1958_1879-10-01_OBS-2.jpg
1879	10	09	07	00	0	5.01	|	orig=148 inHg|Local time: 0700|QC flag: low value|Image File: YorkFactory_USSS-314_M1958_1879-10-01_OBS-2.jpg
1879	10	09	14	00	0	6.67	|	orig=197 inHg|Local time: 1400|QC flag: low value|Image File: YorkFactory_USSS-314_M1958_1879-10-01_OBS-2.jpg
1879	10	09	21	00	0	6.16	|	orig=182 inHg|Local time: 2100|QC flag: low value|Image File: YorkFactory_USSS-314_M1958_1879-10-01_OBS-2.jpg
1879	10	10	07	00	0	4.57	|	orig=135 inHg|Local time: 0700|QC flag: low value|Image File: YorkFactory_USSS-314_M1958_1879-10-01_OBS-2.jpg
1879	10	10	14	00	0	6.77	|	orig=200 inHg|Local time: 1400|QC flag: None|Image File: YorkFactory_USSS-314_M1958_1879-10-01_OBS-2.jpg
1879	10	10	21	00	0	6.16	|	orig=182 inHg|Local time: 2100|QC flag: low value|Image File: YorkFactory_USSS-314_M1958_1879-10-01_OBS-2.jpg
1879	10	11	07	00	0	4.37	|	orig=129 inHg|Local time: 0700|QC flag: low value|Image File: YorkFactory_USSS-314_M1958_1879-10-01_OBS-2.jpg
1879	10	11	14	00	0	6.67	|	orig=197 inHg|Local time: 1400|QC flag: low value|Image File: YorkFactory_USSS-314_M1958_1879-10-01_OBS-2.jpg
1879	10	11	21	00	0	6.16	|	orig=182 inHg|Local time: 2100|QC flag: low value|Image File: YorkFactory_USSS-314_M1958_1879-10-01_OBS-2.jpg
1879	10	12	07	00	0	4.17	|	orig=123 inHg|Local time: 0700|QC flag: low value|Image File: YorkFactory_USSS-314_M1958_1879-10-01_OBS-2.jpg
1879	10	12	14	00	0	5.22	|	orig=154 inHg|Local time: 1400|QC flag: low value|Image File: YorkFactory_USSS-314_M1958_1879-10-01_OBS-2.jpg
1879	10	12	21	00	0	5.01	|	orig=148 inHg|Local time: 2100|QC flag: low value|Image File: YorkFactory_USSS-314_M1958_1879-10-01_OBS-2.jpg
1879	10	13	07	00	0	3.79	|	orig=112 inHg|Local time: 0700|QC flag: low value|Image File: YorkFactory_USSS-314_M1958_1879-10-01_OBS-2.jpg
1879	10	13	14	00	0	5.69	|	orig=168 inHg|Local time: 1400|QC flag: low value|Image File: YorkFactory_USSS-314_M1958_1879-10-01_OBS-2.jpg
1879	10	13	21	00	0	5.45	|	orig=161 inHg|Local time: 2100|QC flag: low value|Image File: YorkFactory_USSS-314_M1958_1879-10-01_OBS-2.jpg
1879	10	14	07	00	0	4.77	|	orig=141 inHg|Local time: 0700|QC flag: low value|Image File: YorkFactory_USSS-314_M1958_1879-10-01_OBS-2.jpg
1879	10	14	14	00	0	6.40	|	orig=189 inHg|Local time: 1400|QC flag: low value|Image File: YorkFactory_USSS-314_M1958_1879-10-01_OBS-2.jpg
1879	10	14	21	00	0	5.93	|	orig=175 inHg|Local time: 2100|QC flag: low value|Image File: YorkFactory_USSS-314_M1958_1879-10-01_OBS-2.jpg
1879	10	15	07	00	0	5.01	|	orig=148 inHg|Local time: 0700|QC flag: low value|Image File: YorkFactory_USSS-314_M1958_1879-10-01_OBS-2.jpg
1879	10	15	14	00	0	6.67	|	orig=197 inHg|Local time: 1400|QC flag: low value|Image File: YorkFactory_USSS-314_M1958_1879-10-01_OBS-2.jpg
1879	10	15	21	00	0	5.93	|	orig=175 inHg|Local time: 2100|QC flag: low value|Image File: YorkFactory_USSS-314_M1958_1879-10-01_OBS-2.jpg
1879	10	16	07	00	0	4.77	|	orig=141 inHg|Local time: 0700|QC flag: low value|Image File: YorkFactory_USSS-314_M1958_1879-10-01_OBS-2.jpg
1879	10	16	14	00	0	6.94	|	orig=205 inHg|Local time: 1400|QC flag: none|Image File: YorkFactory_USSS-314_M1958_1879-10-01_OBS-2.jpg
1879	10	16	21	00	0	6.40	|	orig=189 inHg|Local time: 2100|QC flag: low value|Image File: YorkFactory_USSS-314_M1958_1879-10-01_OBS-2.jpg
1879	10	17	07	00	0	4.57	|	orig=135 inHg|Local time: 0700|QC flag: low value|Image File: YorkFactory_USSS-314_M1958_1879-10-01_OBS-2.jpg
1879	10	17	14	00	0	6.67	|	orig=197 inHg|Local time: 1400|QC flag: low value|Image File: YorkFactory_USSS-314_M1958_1879-10-01_OBS-2.jpg
1879	10	17	21	00	0	6.16	|	orig=182 inHg|Local time: 2100|QC flag: low value|Image File: YorkFactory_USSS-314_M1958_1879-10-01_OBS-2.jpg
1879	10	18	07	00	0	4.91	|	orig=145 inHg|Local time: 0700|QC flag: low value|Image File: YorkFactory_USSS-314_M1958_1879-10-01_OBS-2.jpg
1879	10	18	14	00	0	6.94	|	orig=205 inHg|Local time: 1400|QC flag: none|Image File: YorkFactory_USSS-314_M1958_1879-10-01_OBS-2.jpg
1879	10	18	21	00	0	6.16	|	orig=182 inHg|Local time: 2100|QC flag: low value|Image File: YorkFactory_USSS-314_M1958_1879-10-01_OBS-2.jpg
1879	10	19	07	00	0	4.57	|	orig=135 inHg|Local time: 0700|QC flag: low value|Image File: YorkFactory_USSS-314_M1958_1879-10-01_OBS-2.jpg
1879	10	19	14	00	0	5.93	|	orig=175 inHg|Local time: 1400|QC flag: low value|Image File: YorkFactory_USSS-314_M1958_1879-10-01_OBS-2.jpg
1879	10	19	21	00	0	5.69	|	orig=168 inHg|Local time: 2100|QC flag: low value|Image File: YorkFactory_USSS-314_M1958_1879-10-01_OBS-2.jpg
1879	10	20	07	00	0	4.77	|	orig=141 inHg|Local time: 0700|QC flag: low value|Image File: YorkFactory_USSS-314_M1958_1879-10-01_OBS-2.jpg
1879	10	20	14	00	0	6.77	|	orig=200 inHg|Local time: 1400|QC flag: None|Image File: YorkFactory_USSS-314_M1958_1879-10-01_OBS-2.jpg
1879	10	20	21	00	0	6.50	|	orig=192 inHg|Local time: 2100|QC flag: low value|Image File: YorkFactory_USSS-314_M1958_1879-10-01_OBS-2.jpg
1879	10	21	07	00	0	5.22	|	orig=154 inHg|Local time: 0700|QC flag: low value|Image File: YorkFactory_USSS-314_M1958_1879-10-01_OBS-2.jpg
1879	10	21	14	00	0	6.94	|	orig=205 inHg|Local time: 1400|QC flag: none|Image File: YorkFactory_USSS-314_M1958_1879-10-01_OBS-2.jpg
1879	10	21	21	00	0	6.91	|	orig=204 inHg|Local time: 2100|QC flag: none|Image File: YorkFactory_USSS-314_M1958_1879-10-01_OBS-2.jpg
1879	10	22	07	00	0	5.45	|	orig=161 inHg|Local time: 0700|QC flag: low value|Image File: YorkFactory_USSS-314_M1958_1879-10-01_OBS-2.jpg
1879	10	22	14	00	0	7.55	|	orig=223 inHg|Local time: 1400|QC flag: none|Image File: YorkFactory_USSS-314_M1958_1879-10-01_OBS-2.jpg
1879	10	22	21	00	0	6.67	|	orig=197 inHg|Local time: 2100|QC flag: low value|Image File: YorkFactory_USSS-314_M1958_1879-10-01_OBS-2.jpg
1879	10	23	07	00	0	5.69	|	orig=168 inHg|Local time: 0700|QC flag: low value|Image File: YorkFactory_USSS-314_M1958_1879-10-01_OBS-2.jpg
1879	10	23	14	00	0	6.40	|	orig=189 inHg|Local time: 1400|QC flag: low value|Image File: YorkFactory_USSS-314_M1958_1879-10-01_OBS-2.jpg
1879	10	23	21	00	0	5.93	|	orig=175 inHg|Local time: 2100|QC flag: low value|Image File: YorkFactory_USSS-314_M1958_1879-10-01_OBS-2.jpg
1879	10	24	07	00	0	5.01	|	orig=148 inHg|Local time: 0700|QC flag: low value|Image File: YorkFactory_USSS-314_M1958_1879-10-01_OBS-2.jpg
1879	10	24	14	00	0	5.69	|	orig=168 inHg|Local time: 1400|QC flag: low value|Image File: YorkFactory_USSS-314_M1958_1879-10-01_OBS-2.jpg
1879	10	24	21	00	0	5.22	|	orig=154 inHg|Local time: 2100|QC flag: low value|Image File: YorkFactory_USSS-314_M1958_1879-10-01_OBS-2.jpg
1879	10	25	07	00	0	4.37	|	orig=129 inHg|Local time: 0700|QC flag: low value|Image File: YorkFactory_USSS-314_M1958_1879-10-01_OBS-2.jpg
1879	10	25	14	00	0	5.22	|	orig=154 inHg|Local time: 1400|QC flag: low value|Image File: YorkFactory_USSS-314_M1958_1879-10-01_OBS-2.jpg
1879	10	25	21	00	0	5.01	|	orig=148 inHg|Local time: 2100|QC flag: low value|Image File: YorkFactory_USSS-314_M1958_1879-10-01_OBS-2.jpg
1879	10	26	07	00	0	2.98	|	orig=088 inHg|Local time: 0700|QC flag: low value|Image File: YorkFactory_USSS-314_M1958_1879-10-01_OBS-2.jpg
1879	10	26	14	00	0	4.88	|	orig=144 inHg|Local time: 1400|QC flag: low value|Image File: YorkFactory_USSS-314_M1958_1879-10-01_OBS-2.jpg
1879	10	26	21	00	0	4.27	|	orig=126 inHg|Local time: 2100|QC flag: low value|Image File: YorkFactory_USSS-314_M1958_1879-10-01_OBS-2.jpg
1879	10	27	07	00	0	2.64	|	orig=078 inHg|Local time: 0700|QC flag: low value|Image File: YorkFactory_USSS-314_M1958_1879-10-01_OBS-2.jpg
1879	10	27	14	00	0	4.17	|	orig=123 inHg|Local time: 1400|QC flag: low value|Image File: YorkFactory_USSS-314_M1958_1879-10-01_OBS-2.jpg
1879	10	27	21	00	0	3.15	|	orig=093 inHg|Local time: 2100|QC flag: low value|Image File: YorkFactory_USSS-314_M1958_1879-10-01_OBS-2.jpg
1879	10	28	07	00	0	2.71	|	orig=080 inHg|Local time: 0700|QC flag: low value|Image File: YorkFactory_USSS-314_M1958_1879-10-01_OBS-2.jpg
1879	10	28	14	00	0	4.37	|	orig=129 inHg|Local time: 1400|QC flag: low value|Image File: YorkFactory_USSS-314_M1958_1879-10-01_OBS-2.jpg
1879	10	28	21	00	0	2.98	|	orig=088 inHg|Local time: 2100|QC flag: low value|Image File: YorkFactory_USSS-314_M1958_1879-10-01_OBS-2.jpg
1879	10	29	07	00	0	2.84	|	orig=084 inHg|Local time: 0700|QC flag: low value|Image File: YorkFactory_USSS-314_M1958_1879-10-01_OBS-2.jpg
1879	10	29	14	00	0	2.24	|	orig=066 inHg|Local time: 1400|QC flag: low value|Image File: YorkFactory_USSS-314_M1958_1879-10-01_OBS-2.jpg
1879	10	29	21	00	0	2.20	|	orig=065 inHg|Local time: 2100|QC flag: low value|Image File: YorkFactory_USSS-314_M1958_1879-10-01_OBS-2.jpg
1879	10	30	07	00	0	2.00	|	orig=059 inHg|Local time: 0700|QC flag: low value|Image File: YorkFactory_USSS-314_M1958_1879-10-01_OBS-2.jpg
1879	10	30	14	00	0	4.17	|	orig=123 inHg|Local time: 1400|QC flag: low value|Image File: YorkFactory_USSS-314_M1958_1879-10-01_OBS-2.jpg
1879	10	30	21	00	0	2.84	|	orig=084 inHg|Local time: 2100|QC flag: low value|Image File: YorkFactory_USSS-314_M1958_1879-10-01_OBS-2.jpg
1879	10	31	07	00	0	2.44	|	orig=072 inHg|Local time: 0700|QC flag: low value|Image File: YorkFactory_USSS-314_M1958_1879-10-01_OBS-2.jpg
1879	10	31	14	00	0	2.10	|	orig=062 inHg|Local time: 1400|QC flag: low value|Image File: YorkFactory_USSS-314_M1958_1879-10-01_OBS-2.jpg
1879	10	31	21	00	0	1.29	|	orig=038 inHg|Local time: 2100|QC flag: low value|Image File: YorkFactory_USSS-314_M1958_1879-10-01_OBS-2.jpg
1879	11	01	07	00	0	1.39	|	orig=041 inHg|Local time: 0700|QC flag: low value|Image File: YorkFactory_USSS-314_M1958_1879-11-01_OBS-2.jpg
1879	11	01	14	00	0	1.49	|	orig=044 inHg|Local time: 1400|QC flag: low value|Image File: YorkFactory_USSS-314_M1958_1879-11-01_OBS-2.jpg
1879	11	01	21	00	0	1.32	|	orig=039 inHg|Local time: 2100|QC flag: low value|Image File: YorkFactory_USSS-314_M1958_1879-11-01_OBS-2.jpg
1879	11	02	07	00	0	0.91	|	orig=027 inHg|Local time: 0700|QC flag: low value|Image File: YorkFactory_USSS-314_M1958_1879-11-01_OBS-2.jpg
1879	11	02	14	00	0	2.34	|	orig=069 inHg|Local time: 1400|QC flag: low value|Image File: YorkFactory_USSS-314_M1958_1879-11-01_OBS-2.jpg
1879	11	02	21	00	0	2.10	|	orig=062 inHg|Local time: 2100|QC flag: low value|Image File: YorkFactory_USSS-314_M1958_1879-11-01_OBS-2.jpg
1879	11	03	07	00	0	1.66	|	orig=049 inHg|Local time: 0700|QC flag: low value|Image File: YorkFactory_USSS-314_M1958_1879-11-01_OBS-2.jpg
1879	11	03	14	00	0	2.44	|	orig=072 inHg|Local time: 1400|QC flag: low value|Image File: YorkFactory_USSS-314_M1958_1879-11-01_OBS-2.jpg
1879	11	03	21	00	0	2.84	|	orig=084 inHg|Local time: 2100|QC flag: low value|Image File: YorkFactory_USSS-314_M1958_1879-11-01_OBS-2.jpg
1879	11	04	07	00	0	2.57	|	orig=076 inHg|Local time: 0700|QC flag: low value|Image File: YorkFactory_USSS-314_M1958_1879-11-01_OBS-2.jpg
1879	11	04	14	00	0	4.00	|	orig=118 inHg|Local time: 1400|QC flag: low value|Image File: YorkFactory_USSS-314_M1958_1879-11-01_OBS-2.jpg
1879	11	04	21	00	0	3.45	|	orig=102 inHg|Local time: 2100|QC flag: low value|Image File: YorkFactory_USSS-314_M1958_1879-11-01_OBS-2.jpg
1879	11	05	07	00	0	3.79	|	orig=112 inHg|Local time: 0700|QC flag: low value|Image File: YorkFactory_USSS-314_M1958_1879-11-01_OBS-2.jpg
1879	11	05	14	00	0	3.89	|	orig=115 inHg|Local time: 1400|QC flag: low value|Image File: YorkFactory_USSS-314_M1958_1879-11-01_OBS-2.jpg
1879	11	05	21	00	0	3.45	|	orig=102 inHg|Local time: 2100|QC flag: low value|Image File: YorkFactory_USSS-314_M1958_1879-11-01_OBS-2.jpg
1879	11	06	07	00	0	2.98	|	orig=088 inHg|Local time: 0700|QC flag: low value|Image File: YorkFactory_USSS-314_M1958_1879-11-01_OBS-2.jpg
1879	11	06	14	00	0	5.22	|	orig=154 inHg|Local time: 1400|QC flag: low value|Image File: YorkFactory_USSS-314_M1958_1879-11-01_OBS-2.jpg
1879	11	06	21	00	0	4.37	|	orig=129 inHg|Local time: 2100|QC flag: low value|Image File: YorkFactory_USSS-314_M1958_1879-11-01_OBS-2.jpg
1879	11	07	07	00	0	4.17	|	orig=123 inHg|Local time: 0700|QC flag: low value|Image File: YorkFactory_USSS-314_M1958_1879-11-01_OBS-2.jpg
1879	11	07	14	00	0	6.16	|	orig=182 inHg|Local time: 1400|QC flag: low value|Image File: YorkFactory_USSS-314_M1958_1879-11-01_OBS-2.jpg
1879	11	07	21	00	0	5.45	|	orig=161 inHg|Local time: 2100|QC flag: low value|Image File: YorkFactory_USSS-314_M1958_1879-11-01_OBS-2.jpg
1879	11	08	07	00	0	2.98	|	orig=088 inHg|Local time: 0700|QC flag: low value|Image File: YorkFactory_USSS-314_M1958_1879-11-01_OBS-2.jpg
1879	11	08	14	00	0	4.17	|	orig=123 inHg|Local time: 1400|QC flag: low value|Image File: YorkFactory_USSS-314_M1958_1879-11-01_OBS-2.jpg
1879	11	08	21	00	0	2.57	|	orig=076 inHg|Local time: 2100|QC flag: low value|Image File: YorkFactory_USSS-314_M1958_1879-11-01_OBS-2.jpg
1879	11	09	07	00	0	2.10	|	orig=062 inHg|Local time: 0700|QC flag: low value|Image File: YorkFactory_USSS-314_M1958_1879-11-01_OBS-2.jpg
1879	11	09	14	00	0	3.28	|	orig=.097 inHg|Local time: 1400|QC flag: low value|Image File: YorkFactory_USSS-314_M1958_1879-11-01_OBS-2.jpg
1879	11	09	21	00	0	3.15	|	orig=093 inHg|Local time: 2100|QC flag: low value|Image File: YorkFactory_USSS-314_M1958_1879-11-01_OBS-2.jpg
1879	11	10	07	00	0	2.84	|	orig=084 inHg|Local time: 0700|QC flag: low value|Image File: YorkFactory_USSS-314_M1958_1879-11-01_OBS-2.jpg
1879	11	10	14	00	0	4.77	|	orig=141 inHg|Local time: 1400|QC flag: low value|Image File: YorkFactory_USSS-314_M1958_1879-11-01_OBS-2.jpg
1879	11	10	21	00	0	4.17	|	orig=123 inHg|Local time: 2100|QC flag: low value|Image File: YorkFactory_USSS-314_M1958_1879-11-01_OBS-2.jpg
1879	11	11	07	00	0	2.57	|	orig=076 inHg|Local time: 0700|QC flag: low value|Image File: YorkFactory_USSS-314_M1958_1879-11-01_OBS-2.jpg
1879	11	11	14	00	0	5.22	|	orig=154 inHg|Local time: 1400|QC flag: low value|Image File: YorkFactory_USSS-314_M1958_1879-11-01_OBS-2.jpg
1879	11	11	21	00	0	5.01	|	orig=148 inHg|Local time: 2100|QC flag: low value|Image File: YorkFactory_USSS-314_M1958_1879-11-01_OBS-2.jpg
1879	11	12	07	00	0	3.62	|	orig=107 inHg|Local time: 0700|QC flag: low value|Image File: YorkFactory_USSS-314_M1958_1879-11-01_OBS-2.jpg
1879	11	12	14	00	0	5.22	|	orig=154 inHg|Local time: 1400|QC flag: low value|Image File: YorkFactory_USSS-314_M1958_1879-11-01_OBS-2.jpg
1879	11	12	21	00	0	4.77	|	orig=141 inHg|Local time: 2100|QC flag: low value|Image File: YorkFactory_USSS-314_M1958_1879-11-01_OBS-2.jpg
1879	11	13	07	00	0	3.79	|	orig=112 inHg|Local time: 0700|QC flag: low value|Image File: YorkFactory_USSS-314_M1958_1879-11-01_OBS-2.jpg
1879	11	13	14	00	0	6.23	|	orig=184 inHg|Local time: 1400|QC flag: low value|Image File: YorkFactory_USSS-314_M1958_1879-11-01_OBS-2.jpg
1879	11	13	21	00	0	3.89	|	orig=115 inHg|Local time: 2100|QC flag: low value|Image File: YorkFactory_USSS-314_M1958_1879-11-01_OBS-2.jpg
1879	11	14	07	00	0	2.47	|	orig=073 inHg|Local time: 0700|QC flag: low value|Image File: YorkFactory_USSS-314_M1958_1879-11-01_OBS-2.jpg
1879	11	14	14	00	0	2.71	|	orig=080 inHg|Local time: 1400|QC flag: low value|Image File: YorkFactory_USSS-314_M1958_1879-11-01_OBS-2.jpg
1879	11	14	21	00	0	2.24	|	orig=066 inHg|Local time: 2100|QC flag: low value|Image File: YorkFactory_USSS-314_M1958_1879-11-01_OBS-2.jpg
1879	11	15	07	00	0	1.73	|	orig=051 inHg|Local time: 0700|QC flag: low value|Image File: YorkFactory_USSS-314_M1958_1879-11-01_OBS-2.jpg
1879	11	15	14	00	0	2.00	|	orig=059 inHg|Local time: 1400|QC flag: low value|Image File: YorkFactory_USSS-314_M1958_1879-11-01_OBS-2.jpg
1879	11	15	21	00	0	1.83	|	orig=054 inHg|Local time: 2100|QC flag: low value|Image File: YorkFactory_USSS-314_M1958_1879-11-01_OBS-2.jpg
1879	11	16	07	00	0	1.35	|	orig=040 inHg|Local time: 0700|QC flag: low value|Image File: YorkFactory_USSS-314_M1958_1879-11-01_OBS-2.jpg
1879	11	16	14	00	0	1.73	|	orig=051 inHg|Local time: 1400|QC flag: low value|Image File: YorkFactory_USSS-314_M1958_1879-11-01_OBS-2.jpg
1879	11	16	21	00	0	1.56	|	orig=046 inHg|Local time: 2100|QC flag: low value|Image File: YorkFactory_USSS-314_M1958_1879-11-01_OBS-2.jpg
1879	11	17	07	00	0	0.91	|	orig=027 inHg|Local time: 0700|QC flag: low value|Image File: YorkFactory_USSS-314_M1958_1879-11-01_OBS-2.jpg
1879	11	17	14	00	0	1.56	|	orig=046 inHg|Local time: 1400|QC flag: low value|Image File: YorkFactory_USSS-314_M1958_1879-11-01_OBS-2.jpg
1879	11	17	21	00	0	1.25	|	orig=037 inHg|Local time: 2100|QC flag: low value|Image File: YorkFactory_USSS-314_M1958_1879-11-01_OBS-2.jpg
1879	11	18	07	00	0	0.81	|	orig=024 inHg|Local time: 0700|QC flag: low value|Image File: YorkFactory_USSS-314_M1958_1879-11-01_OBS-2.jpg
1879	11	18	14	00	0	1.73	|	orig=051 inHg|Local time: 1400|QC flag: low value|Image File: YorkFactory_USSS-314_M1958_1879-11-01_OBS-2.jpg
1879	11	18	21	00	0	1.35	|	orig=040 inHg|Local time: 2100|QC flag: low value|Image File: YorkFactory_USSS-314_M1958_1879-11-01_OBS-2.jpg
1879	11	19	07	00	0	1.02	|	orig=030 inHg|Local time: 0700|QC flag: low value|Image File: YorkFactory_USSS-314_M1958_1879-11-01_OBS-2.jpg
1879	11	19	14	00	0	2.00	|	orig=059 inHg|Local time: 1400|QC flag: low value|Image File: YorkFactory_USSS-314_M1958_1879-11-01_OBS-2.jpg
1879	11	19	21	00	0	1.32	|	orig=039 inHg|Local time: 2100|QC flag: low value|Image File: YorkFactory_USSS-314_M1958_1879-11-01_OBS-2.jpg
1879	11	20	07	00	0	0.71	|	orig=021 inHg|Local time: 0700|QC flag: low value|Image File: YorkFactory_USSS-314_M1958_1879-11-01_OBS-2.jpg
1879	11	20	14	00	0	1.15	|	orig=034 inHg|Local time: 1400|QC flag: low value|Image File: YorkFactory_USSS-314_M1958_1879-11-01_OBS-2.jpg
1879	11	20	21	00	0	0.81	|	orig=024 inHg|Local time: 2100|QC flag: low value|Image File: YorkFactory_USSS-314_M1958_1879-11-01_OBS-2.jpg
1879	11	21	07	00	0	0.47	|	orig=014 inHg|Local time: 0700|QC flag: low value|Image File: YorkFactory_USSS-314_M1958_1879-11-01_OBS-2.jpg
1879	11	21	14	00	0	0.64	|	orig=019 inHg|Local time: 1400|QC flag: low value|Image File: YorkFactory_USSS-314_M1958_1879-11-01_OBS-2.jpg
1879	11	21	21	00	0	0.91	|	orig=027 inHg|Local time: 2100|QC flag: low value|Image File: YorkFactory_USSS-314_M1958_1879-11-01_OBS-2.jpg
1879	11	22	07	00	0	0.81	|	orig=024 inHg|Local time: 0700|QC flag: low value|Image File: YorkFactory_USSS-314_M1958_1879-11-01_OBS-2.jpg
1879	11	22	14	00	0	1.08	|	orig=032 inHg|Local time: 1400|QC flag: low value|Image File: YorkFactory_USSS-314_M1958_1879-11-01_OBS-2.jpg
1879	11	22	21	00	0	0.98	|	orig=029 inHg|Local time: 2100|QC flag: low value|Image File: YorkFactory_USSS-314_M1958_1879-11-01_OBS-2.jpg
1879	11	23	07	00	0	0.91	|	orig=027 inHg|Local time: 0700|QC flag: low value|Image File: YorkFactory_USSS-314_M1958_1879-11-01_OBS-2.jpg
1879	11	23	14	00	0	1.22	|	orig=036 inHg|Local time: 1400|QC flag: low value|Image File: YorkFactory_USSS-314_M1958_1879-11-01_OBS-2.jpg
1879	11	23	21	00	0	0.98	|	orig=029 inHg|Local time: 2100|QC flag: low value|Image File: YorkFactory_USSS-314_M1958_1879-11-01_OBS-2.jpg
1879	11	24	07	00	0	0.81	|	orig=024 inHg|Local time: 0700|QC flag: low value|Image File: YorkFactory_USSS-314_M1958_1879-11-01_OBS-2.jpg
1879	11	24	14	00	0	1.25	|	orig=037 inHg|Local time: 1400|QC flag: low value|Image File: YorkFactory_USSS-314_M1958_1879-11-01_OBS-2.jpg
1879	11	24	21	00	0	1.08	|	orig=032 inHg|Local time: 2100|QC flag: low value|Image File: YorkFactory_USSS-314_M1958_1879-11-01_OBS-2.jpg
1879	11	25	07	00	0	0.71	|	orig=021 inHg|Local time: 0700|QC flag: low value|Image File: YorkFactory_USSS-314_M1958_1879-11-01_OBS-2.jpg
1879	11	25	14	00	0	1.22	|	orig=036 inHg|Local time: 1400|QC flag: low value|Image File: YorkFactory_USSS-314_M1958_1879-11-01_OBS-2.jpg
1879	11	25	21	00	0	0.91	|	orig=027 inHg|Local time: 2100|QC flag: low value|Image File: YorkFactory_USSS-314_M1958_1879-11-01_OBS-2.jpg
1879	11	26	07	00	0	0.64	|	orig=019 inHg|Local time: 0700|QC flag: low value|Image File: YorkFactory_USSS-314_M1958_1879-11-01_OBS-2.jpg
1879	11	26	14	00	0	1.08	|	orig=032 inHg|Local time: 1400|QC flag: low value|Image File: YorkFactory_USSS-314_M1958_1879-11-01_OBS-2.jpg
1879	11	26	21	00	0	1.02	|	orig=030 inHg|Local time: 2100|QC flag: low value|Image File: YorkFactory_USSS-314_M1958_1879-11-01_OBS-2.jpg
1879	11	27	07	00	0	0.81	|	orig=024 inHg|Local time: 0700|QC flag: low value|Image File: YorkFactory_USSS-314_M1958_1879-11-01_OBS-2.jpg
1879	11	27	14	00	0	1.56	|	orig=046 inHg|Local time: 1400|QC flag: low value|Image File: YorkFactory_USSS-314_M1958_1879-11-01_OBS-2.jpg
1879	11	27	21	00	0	1.02	|	orig=030 inHg|Local time: 2100|QC flag: low value|Image File: YorkFactory_USSS-314_M1958_1879-11-01_OBS-2.jpg
1879	11	28	07	00	0	1.02	|	orig=030 inHg|Local time: 0700|QC flag: low value|Image File: YorkFactory_USSS-314_M1958_1879-11-01_OBS-2.jpg
1879	11	28	14	00	0	1.32	|	orig=039 inHg|Local time: 1400|QC flag: low value|Image File: YorkFactory_USSS-314_M1958_1879-11-01_OBS-2.jpg
1879	11	28	21	00	0	1.15	|	orig=034 inHg|Local time: 2100|QC flag: low value|Image File: YorkFactory_USSS-314_M1958_1879-11-01_OBS-2.jpg
1879	11	29	07	00	0	0.98	|	orig=029 inHg|Local time: 0700|QC flag: low value|Image File: YorkFactory_USSS-314_M1958_1879-11-01_OBS-2.jpg
1879	11	29	14	00	0	2.34	|	orig=069 inHg|Local time: 1400|QC flag: low value|Image File: YorkFactory_USSS-314_M1958_1879-11-01_OBS-2.jpg
1879	11	29	21	00	0	1.35	|	orig=040 inHg|Local time: 2100|QC flag: low value|Image File: YorkFactory_USSS-314_M1958_1879-11-01_OBS-2.jpg
1879	11	30	07	00	0	1.35	|	orig=.040 inHg|Local time: 0700|QC flag: low value|Image File: YorkFactory_USSS-314_M1958_1879-11-01_OBS-2.jpg
1879	11	30	14	00	0	2.37	|	orig=070 inHg|Local time: 1400|QC flag: low value|Image File: YorkFactory_USSS-314_M1958_1879-11-01_OBS-2.jpg
1879	11	30	21	00	0	1.35	|	orig=040 inHg|Local time: 2100|QC flag: low value|Image File: YorkFactory_USSS-314_M1958_1879-11-01_OBS-2.jpg
1879	12	01	07	00	0	-999	|	orig=" inHg|Local time: 0700|QC flag: missing|Image File: YorkFactory_USSS-314_M1958_1879-12-01_OBS-2.jpg
1879	12	01	14	00	0	-999	|	orig=" inHg|Local time: 1400|QC flag: missing|Image File: YorkFactory_USSS-314_M1958_1879-12-01_OBS-2.jpg
1879	12	01	21	00	0	-999	|	orig=" inHg|Local time: 2100|QC flag: missing|Image File: YorkFactory_USSS-314_M1958_1879-12-01_OBS-2.jpg
1879	12	02	07	00	0	-999	|	orig=" inHg|Local time: 0700|QC flag: missing|Image File: YorkFactory_USSS-314_M1958_1879-12-01_OBS-2.jpg
1879	12	02	14	00	0	-999	|	orig=" inHg|Local time: 1400|QC flag: missing|Image File: YorkFactory_USSS-314_M1958_1879-12-01_OBS-2.jpg
1879	12	02	21	00	0	-999	|	orig=" inHg|Local time: 2100|QC flag: missing|Image File: YorkFactory_USSS-314_M1958_1879-12-01_OBS-2.jpg
1879	12	03	07	00	0	-999	|	orig=" inHg|Local time: 0700|QC flag: missing|Image File: YorkFactory_USSS-314_M1958_1879-12-01_OBS-2.jpg
1879	12	03	14	00	0	0.41	|	orig=0.012 inHg|Local time: 1400|QC flag: low value|Image File: YorkFactory_USSS-314_M1958_1879-12-01_OBS-2.jpg
1879	12	03	21	00	0	-999	|	orig=" inHg|Local time: 2100|QC flag: missing|Image File: YorkFactory_USSS-314_M1958_1879-12-01_OBS-2.jpg
1879	12	04	07	00	0	-999	|	orig=" inHg|Local time: 0700|QC flag: missing|Image File: YorkFactory_USSS-314_M1958_1879-12-01_OBS-2.jpg
1879	12	04	14	00	0	0.64	|	orig=0.019 inHg|Local time: 1400|QC flag: low value|Image File: YorkFactory_USSS-314_M1958_1879-12-01_OBS-2.jpg
1879	12	04	21	00	0	0.58	|	orig=0.017 inHg|Local time: 2100|QC flag: low value|Image File: YorkFactory_USSS-314_M1958_1879-12-01_OBS-2.jpg
1879	12	05	07	00	0	0.81	|	orig=0.024 inHg|Local time: 0700|QC flag: low value|Image File: YorkFactory_USSS-314_M1958_1879-12-01_OBS-2.jpg
1879	12	05	14	00	0	1.49	|	orig=0.044 inHg|Local time: 1400|QC flag: low value|Image File: YorkFactory_USSS-314_M1958_1879-12-01_OBS-2.jpg
1879	12	05	21	00	0	1.66	|	orig=0.049 inHg|Local time: 2100|QC flag: low value|Image File: YorkFactory_USSS-314_M1958_1879-12-01_OBS-2.jpg
1879	12	06	07	00	0	1.63	|	orig=0.048 inHg|Local time: 0700|QC flag: low value|Image File: YorkFactory_USSS-314_M1958_1879-12-01_OBS-2.jpg
1879	12	06	14	00	0	1.19	|	orig=0.035 inHg|Local time: 1400|QC flag: low value|Image File: YorkFactory_USSS-314_M1958_1879-12-01_OBS-2.jpg
1879	12	06	21	00	0	0.78	|	orig=0.023 inHg|Local time: 2100|QC flag: low value|Image File: YorkFactory_USSS-314_M1958_1879-12-01_OBS-2.jpg
1879	12	07	07	00	0	0.47	|	orig=0.014 inHg|Local time: 0700|QC flag: low value|Image File: YorkFactory_USSS-314_M1958_1879-12-01_OBS-2.jpg
1879	12	07	14	00	0	0.58	|	orig=0.017 inHg|Local time: 1400|QC flag: low value|Image File: YorkFactory_USSS-314_M1958_1879-12-01_OBS-2.jpg
1879	12	07	21	00	0	0.41	|	orig=0.012 inHg|Local time: 2100|QC flag: low value|Image File: YorkFactory_USSS-314_M1958_1879-12-01_OBS-2.jpg
1879	12	08	07	00	0	-999	|	orig=" inHg|Local time: 0700|QC flag: missing|Image File: YorkFactory_USSS-314_M1958_1879-12-01_OBS-2.jpg
1879	12	08	14	00	0	0.44	|	orig=0.013 inHg|Local time: 1400|QC flag: low value|Image File: YorkFactory_USSS-314_M1958_1879-12-01_OBS-2.jpg
1879	12	08	21	00	0	-999	|	orig=" inHg|Local time: 2100|QC flag: missing|Image File: YorkFactory_USSS-314_M1958_1879-12-01_OBS-2.jpg
1879	12	09	07	00	0	-999	|	orig=" inHg|Local time: 0700|QC flag: missing|Image File: YorkFactory_USSS-314_M1958_1879-12-01_OBS-2.jpg
1879	12	09	14	00	0	-999	|	orig=" inHg|Local time: 1400|QC flag: missing|Image File: YorkFactory_USSS-314_M1958_1879-12-01_OBS-2.jpg
1879	12	09	21	00	0	-999	|	orig=" inHg|Local time: 2100|QC flag: missing|Image File: YorkFactory_USSS-314_M1958_1879-12-01_OBS-2.jpg
1879	12	10	07	00	0	-999	|	orig=" inHg|Local time: 0700|QC flag: missing|Image File: YorkFactory_USSS-314_M1958_1879-12-01_OBS-2.jpg
1879	12	10	14	00	0	-999	|	orig=" inHg|Local time: 1400|QC flag: missing|Image File: YorkFactory_USSS-314_M1958_1879-12-01_OBS-2.jpg
1879	12	10	21	00	0	-999	|	orig=" inHg|Local time: 2100|QC flag: missing|Image File: YorkFactory_USSS-314_M1958_1879-12-01_OBS-2.jpg
1879	12	11	07	00	0	-999	|	orig=" inHg|Local time: 0700|QC flag: missing|Image File: YorkFactory_USSS-314_M1958_1879-12-01_OBS-2.jpg
1879	12	11	14	00	0	-999	|	orig=" inHg|Local time: 1400|QC flag: missing|Image File: YorkFactory_USSS-314_M1958_1879-12-01_OBS-2.jpg
1879	12	11	21	00	0	-999	|	orig=" inHg|Local time: 2100|QC flag: missing|Image File: YorkFactory_USSS-314_M1958_1879-12-01_OBS-2.jpg
1879	12	12	07	00	0	-999	|	orig=" inHg|Local time: 0700|QC flag: missing|Image File: YorkFactory_USSS-314_M1958_1879-12-01_OBS-2.jpg
1879	12	12	14	00	0	-999	|	orig=" inHg|Local time: 1400|QC flag: missing|Image File: YorkFactory_USSS-314_M1958_1879-12-01_OBS-2.jpg
1879	12	12	21	00	0	-999	|	orig=" inHg|Local time: 2100|QC flag: missing|Image File: YorkFactory_USSS-314_M1958_1879-12-01_OBS-2.jpg
1879	12	13	07	00	0	-999	|	orig=" inHg|Local time: 0700|QC flag: missing|Image File: YorkFactory_USSS-314_M1958_1879-12-01_OBS-2.jpg
1879	12	13	14	00	0	-999	|	orig=" inHg|Local time: 1400|QC flag: missing|Image File: YorkFactory_USSS-314_M1958_1879-12-01_OBS-2.jpg
1879	12	13	21	00	0	-999	|	orig=" inHg|Local time: 2100|QC flag: missing|Image File: YorkFactory_USSS-314_M1958_1879-12-01_OBS-2.jpg
1879	12	14	07	00	0	-999	|	orig=" inHg|Local time: 0700|QC flag: missing|Image File: YorkFactory_USSS-314_M1958_1879-12-01_OBS-2.jpg
1879	12	14	14	00	0	0.51	|	orig=0.015 inHg|Local time: 1400|QC flag: low value|Image File: YorkFactory_USSS-314_M1958_1879-12-01_OBS-2.jpg
1879	12	14	21	00	0	0.51	|	orig=0.015 inHg|Local time: 2100|QC flag: low value|Image File: YorkFactory_USSS-314_M1958_1879-12-01_OBS-2.jpg
1879	12	15	07	00	0	-999	|	orig=" inHg|Local time: 0700|QC flag: missing|Image File: YorkFactory_USSS-314_M1958_1879-12-01_OBS-2.jpg
1879	12	15	14	00	0	-999	|	orig=" inHg|Local time: 1400|QC flag: missing|Image File: YorkFactory_USSS-314_M1958_1879-12-01_OBS-2.jpg
1879	12	15	21	00	0	-999	|	orig=" inHg|Local time: 2100|QC flag: missing|Image File: YorkFactory_USSS-314_M1958_1879-12-01_OBS-2.jpg
1879	12	16	07	00	0	-999	|	orig=" inHg|Local time: 0700|QC flag: missing|Image File: YorkFactory_USSS-314_M1958_1879-12-01_OBS-2.jpg
1879	12	16	14	00	0	-999	|	orig=" inHg|Local time: 1400|QC flag: missing|Image File: YorkFactory_USSS-314_M1958_1879-12-01_OBS-2.jpg
1879	12	16	21	00	0	-999	|	orig=" inHg|Local time: 2100|QC flag: missing|Image File: YorkFactory_USSS-314_M1958_1879-12-01_OBS-2.jpg
1879	12	17	07	00	0	-999	|	orig=" inHg|Local time: 0700|QC flag: missing|Image File: YorkFactory_USSS-314_M1958_1879-12-01_OBS-2.jpg
1879	12	17	14	00	0	-999	|	orig=" inHg|Local time: 1400|QC flag: missing|Image File: YorkFactory_USSS-314_M1958_1879-12-01_OBS-2.jpg
1879	12	17	21	00	0	-999	|	orig=" inHg|Local time: 2100|QC flag: missing|Image File: YorkFactory_USSS-314_M1958_1879-12-01_OBS-2.jpg
1879	12	18	07	00	0	-999	|	orig=" inHg|Local time: 0700|QC flag: missing|Image File: YorkFactory_USSS-314_M1958_1879-12-01_OBS-2.jpg
1879	12	18	14	00	0	0.58	|	orig=0.017 inHg|Local time: 1400|QC flag: low value|Image File: YorkFactory_USSS-314_M1958_1879-12-01_OBS-2.jpg
1879	12	18	21	00	0	0.68	|	orig=0.020 inHg|Local time: 2100|QC flag: low value|Image File: YorkFactory_USSS-314_M1958_1879-12-01_OBS-2.jpg
1879	12	19	07	00	0	0.44	|	orig=0.013 inHg|Local time: 0700|QC flag: low value|Image File: YorkFactory_USSS-314_M1958_1879-12-01_OBS-2.jpg
1879	12	19	14	00	0	0.41	|	orig=0.012 inHg|Local time: 1400|QC flag: low value|Image File: YorkFactory_USSS-314_M1958_1879-12-01_OBS-2.jpg
1879	12	19	21	00	0	-999	|	orig=" inHg|Local time: 2100|QC flag: missing|Image File: YorkFactory_USSS-314_M1958_1879-12-01_OBS-2.jpg
1879	12	20	07	00	0	-999	|	orig=" inHg|Local time: 0700|QC flag: missing|Image File: YorkFactory_USSS-314_M1958_1879-12-01_OBS-2.jpg
1879	12	20	14	00	0	-999	|	orig=" inHg|Local time: 1400|QC flag: missing|Image File: YorkFactory_USSS-314_M1958_1879-12-01_OBS-2.jpg
1879	12	20	21	00	0	-999	|	orig=" inHg|Local time: 2100|QC flag: missing|Image File: YorkFactory_USSS-314_M1958_1879-12-01_OBS-2.jpg
1879	12	21	07	00	0	-999	|	orig=" inHg|Local time: 0700|QC flag: missing|Image File: YorkFactory_USSS-314_M1958_1879-12-01_OBS-2.jpg
1879	12	21	14	00	0	-999	|	orig=" inHg|Local time: 1400|QC flag: missing|Image File: YorkFactory_USSS-314_M1958_1879-12-01_OBS-2.jpg
1879	12	21	21	00	0	-999	|	orig=" inHg|Local time: 2100|QC flag: missing|Image File: YorkFactory_USSS-314_M1958_1879-12-01_OBS-2.jpg
1879	12	22	07	00	0	-999	|	orig=" inHg|Local time: 0700|QC flag: missing|Image File: YorkFactory_USSS-314_M1958_1879-12-01_OBS-2.jpg
1879	12	22	14	00	0	-999	|	orig=" inHg|Local time: 1400|QC flag: missing|Image File: YorkFactory_USSS-314_M1958_1879-12-01_OBS-2.jpg
1879	12	22	21	00	0	-999	|	orig=" inHg|Local time: 2100|QC flag: missing|Image File: YorkFactory_USSS-314_M1958_1879-12-01_OBS-2.jpg
1879	12	23	07	00	0	-999	|	orig=" inHg|Local time: 0700|QC flag: missing|Image File: YorkFactory_USSS-314_M1958_1879-12-01_OBS-2.jpg
1879	12	23	14	00	0	-999	|	orig=" inHg|Local time: 1400|QC flag: missing|Image File: YorkFactory_USSS-314_M1958_1879-12-01_OBS-2.jpg
1879	12	23	21	00	0	-999	|	orig=" inHg|Local time: 2100|QC flag: missing|Image File: YorkFactory_USSS-314_M1958_1879-12-01_OBS-2.jpg
1879	12	24	07	00	0	-999	|	orig=" inHg|Local time: 0700|QC flag: missing|Image File: YorkFactory_USSS-314_M1958_1879-12-01_OBS-2.jpg
1879	12	24	14	00	0	-999	|	orig=" inHg|Local time: 1400|QC flag: missing|Image File: YorkFactory_USSS-314_M1958_1879-12-01_OBS-2.jpg
1879	12	24	21	00	0	-999	|	orig=" inHg|Local time: 2100|QC flag: missing|Image File: YorkFactory_USSS-314_M1958_1879-12-01_OBS-2.jpg
1879	12	25	07	00	0	-999	|	orig=" inHg|Local time: 0700|QC flag: missing|Image File: YorkFactory_USSS-314_M1958_1879-12-01_OBS-2.jpg
1879	12	25	14	00	0	-999	|	orig=" inHg|Local time: 1400|QC flag: missing|Image File: YorkFactory_USSS-314_M1958_1879-12-01_OBS-2.jpg
1879	12	25	21	00	0	-999	|	orig=" inHg|Local time: 2100|QC flag: missing|Image File: YorkFactory_USSS-314_M1958_1879-12-01_OBS-2.jpg
1879	12	26	07	00	0	-999	|	orig=" inHg|Local time: 0700|QC flag: missing|Image File: YorkFactory_USSS-314_M1958_1879-12-01_OBS-2.jpg
1879	12	26	14	00	0	-999	|	orig=" inHg|Local time: 1400|QC flag: missing|Image File: YorkFactory_USSS-314_M1958_1879-12-01_OBS-2.jpg
1879	12	26	21	00	0	-999	|	orig=" inHg|Local time: 2100|QC flag: missing|Image File: YorkFactory_USSS-314_M1958_1879-12-01_OBS-2.jpg
1879	12	27	07	00	0	-999	|	orig=" inHg|Local time: 0700|QC flag: missing|Image File: YorkFactory_USSS-314_M1958_1879-12-01_OBS-2.jpg
1879	12	27	14	00	0	-999	|	orig=" inHg|Local time: 1400|QC flag: missing|Image File: YorkFactory_USSS-314_M1958_1879-12-01_OBS-2.jpg
1879	12	27	21	00	0	-999	|	orig=" inHg|Local time: 2100|QC flag: missing|Image File: YorkFactory_USSS-314_M1958_1879-12-01_OBS-2.jpg
1879	12	28	07	00	0	-999	|	orig=" inHg|Local time: 0700|QC flag: missing|Image File: YorkFactory_USSS-314_M1958_1879-12-01_OBS-2.jpg
1879	12	28	14	00	0	-999	|	orig=" inHg|Local time: 1400|QC flag: missing|Image File: YorkFactory_USSS-314_M1958_1879-12-01_OBS-2.jpg
1879	12	28	21	00	0	-999	|	orig=" inHg|Local time: 2100|QC flag: missing|Image File: YorkFactory_USSS-314_M1958_1879-12-01_OBS-2.jpg
1879	12	29	07	00	0	-999	|	orig=" inHg|Local time: 0700|QC flag: missing|Image File: YorkFactory_USSS-314_M1958_1879-12-01_OBS-2.jpg
1879	12	29	14	00	0	-999	|	orig=" inHg|Local time: 1400|QC flag: missing|Image File: YorkFactory_USSS-314_M1958_1879-12-01_OBS-2.jpg
1879	12	29	21	00	0	-999	|	orig=" inHg|Local time: 2100|QC flag: missing|Image File: YorkFactory_USSS-314_M1958_1879-12-01_OBS-2.jpg
1879	12	30	07	00	0	-999	|	orig=" inHg|Local time: 0700|QC flag: missing|Image File: YorkFactory_USSS-314_M1958_1879-12-01_OBS-2.jpg
1879	12	30	14	00	0	-999	|	orig=" inHg|Local time: 1400|QC flag: missing|Image File: YorkFactory_USSS-314_M1958_1879-12-01_OBS-2.jpg
1879	12	30	21	00	0	-999	|	orig=" inHg|Local time: 2100|QC flag: missing|Image File: YorkFactory_USSS-314_M1958_1879-12-01_OBS-2.jpg
1879	12	31	07	00	0	-999	|	orig=" inHg|Local time: 0700|QC flag: missing|Image File: YorkFactory_USSS-314_M1958_1879-12-01_OBS-2.jpg
1879	12	31	14	00	0	-999	|	orig=" inHg|Local time: 1400|QC flag: missing|Image File: YorkFactory_USSS-314_M1958_1879-12-01_OBS-2.jpg
1879	12	31	21	00	0	-999	|	orig=" inHg|Local time: 2100|QC flag: missing|Image File: YorkFactory_USSS-314_M1958_1879-12-01_OBS-2.jpg
1880	01	01	07	00	0	-999	|	orig=" inHg|Local time: 0700|QC flag: missing|Image File: YorkFactory_USSS-314_M1958_1880-01-01_OBS-2.jpg
1880	01	01	14	00	0	0.37	|	orig=0.011 inHg|Local time: 1400|QC flag: low value|Image File: YorkFactory_USSS-314_M1958_1880-01-01_OBS-2.jpg
1880	01	01	21	00	0	-999	|	orig=" inHg|Local time: 2100|QC flag: missing|Image File: YorkFactory_USSS-314_M1958_1880-01-01_OBS-2.jpg
1880	01	02	07	00	0	-999	|	orig=" inHg|Local time: 0700|QC flag: missing|Image File: YorkFactory_USSS-314_M1958_1880-01-01_OBS-2.jpg
1880	01	02	14	00	0	-999	|	orig=" inHg|Local time: 1400|QC flag: missing|Image File: YorkFactory_USSS-314_M1958_1880-01-01_OBS-2.jpg
1880	01	02	21	00	0	-999	|	orig=" inHg|Local time: 2100|QC flag: missing|Image File: YorkFactory_USSS-314_M1958_1880-01-01_OBS-2.jpg
1880	01	03	07	00	0	-999	|	orig=" inHg|Local time: 0700|QC flag: missing|Image File: YorkFactory_USSS-314_M1958_1880-01-01_OBS-2.jpg
1880	01	03	14	00	0	-999	|	orig=" inHg|Local time: 1400|QC flag: missing|Image File: YorkFactory_USSS-314_M1958_1880-01-01_OBS-2.jpg
1880	01	03	21	00	0	-999	|	orig=" inHg|Local time: 2100|QC flag: missing|Image File: YorkFactory_USSS-314_M1958_1880-01-01_OBS-2.jpg
1880	01	04	07	00	0	-999	|	orig=" inHg|Local time: 0700|QC flag: missing|Image File: YorkFactory_USSS-314_M1958_1880-01-01_OBS-2.jpg
1880	01	04	14	00	0	-999	|	orig=" inHg|Local time: 1400|QC flag: missing|Image File: YorkFactory_USSS-314_M1958_1880-01-01_OBS-2.jpg
1880	01	04	21	00	0	-999	|	orig=" inHg|Local time: 2100|QC flag: missing|Image File: YorkFactory_USSS-314_M1958_1880-01-01_OBS-2.jpg
1880	01	05	07	00	0	-999	|	orig=" inHg|Local time: 0700|QC flag: missing|Image File: YorkFactory_USSS-314_M1958_1880-01-01_OBS-2.jpg
1880	01	05	14	00	0	-999	|	orig=" inHg|Local time: 1400|QC flag: missing|Image File: YorkFactory_USSS-314_M1958_1880-01-01_OBS-2.jpg
1880	01	05	21	00	0	-999	|	orig=" inHg|Local time: 2100|QC flag: missing|Image File: YorkFactory_USSS-314_M1958_1880-01-01_OBS-2.jpg
1880	01	06	07	00	0	-999	|	orig=" inHg|Local time: 0700|QC flag: missing|Image File: YorkFactory_USSS-314_M1958_1880-01-01_OBS-2.jpg
1880	01	06	14	00	0	0.64	|	orig=0.019 inHg|Local time: 1400|QC flag: low value|Image File: YorkFactory_USSS-314_M1958_1880-01-01_OBS-2.jpg
1880	01	06	21	00	0	-999	|	orig=" inHg|Local time: 2100|QC flag: missing|Image File: YorkFactory_USSS-314_M1958_1880-01-01_OBS-2.jpg
1880	01	07	07	00	0	-999	|	orig=" inHg|Local time: 0700|QC flag: missing|Image File: YorkFactory_USSS-314_M1958_1880-01-01_OBS-2.jpg
1880	01	07	14	00	0	-999	|	orig=" inHg|Local time: 1400|QC flag: missing|Image File: YorkFactory_USSS-314_M1958_1880-01-01_OBS-2.jpg
1880	01	07	21	00	0	-999	|	orig=" inHg|Local time: 2100|QC flag: missing|Image File: YorkFactory_USSS-314_M1958_1880-01-01_OBS-2.jpg
1880	01	08	07	00	0	-999	|	orig=" inHg|Local time: 0700|QC flag: missing|Image File: YorkFactory_USSS-314_M1958_1880-01-01_OBS-2.jpg
1880	01	08	14	00	0	-999	|	orig=" inHg|Local time: 1400|QC flag: missing|Image File: YorkFactory_USSS-314_M1958_1880-01-01_OBS-2.jpg
1880	01	08	21	00	0	-999	|	orig=" inHg|Local time: 2100|QC flag: missing|Image File: YorkFactory_USSS-314_M1958_1880-01-01_OBS-2.jpg
1880	01	09	07	00	0	-999	|	orig=" inHg|Local time: 0700|QC flag: missing|Image File: YorkFactory_USSS-314_M1958_1880-01-01_OBS-2.jpg
1880	01	09	14	00	0	-999	|	orig=" inHg|Local time: 1400|QC flag: missing|Image File: YorkFactory_USSS-314_M1958_1880-01-01_OBS-2.jpg
1880	01	09	21	00	0	-999	|	orig=" inHg|Local time: 2100|QC flag: missing|Image File: YorkFactory_USSS-314_M1958_1880-01-01_OBS-2.jpg
1880	01	10	07	00	0	-999	|	orig=" inHg|Local time: 0700|QC flag: missing|Image File: YorkFactory_USSS-314_M1958_1880-01-01_OBS-2.jpg
1880	01	10	14	00	0	0.41	|	orig=0.012 inHg|Local time: 1400|QC flag: low value|Image File: YorkFactory_USSS-314_M1958_1880-01-01_OBS-2.jpg
1880	01	10	21	00	0	1.29	|	orig=0.038 inHg|Local time: 2100|QC flag: low value|Image File: YorkFactory_USSS-314_M1958_1880-01-01_OBS-2.jpg
1880	01	11	07	00	0	-999	|	orig=" inHg|Local time: 0700|QC flag: missing|Image File: YorkFactory_USSS-314_M1958_1880-01-01_OBS-2.jpg
1880	01	11	14	00	0	-999	|	orig=" inHg|Local time: 1400|QC flag: missing|Image File: YorkFactory_USSS-314_M1958_1880-01-01_OBS-2.jpg
1880	01	11	21	00	0	-999	|	orig=" inHg|Local time: 2100|QC flag: missing|Image File: YorkFactory_USSS-314_M1958_1880-01-01_OBS-2.jpg
1880	01	12	07	00	0	-999	|	orig=" inHg|Local time: 0700|QC flag: missing|Image File: YorkFactory_USSS-314_M1958_1880-01-01_OBS-2.jpg
1880	01	12	14	00	0	-999	|	orig=" inHg|Local time: 1400|QC flag: missing|Image File: YorkFactory_USSS-314_M1958_1880-01-01_OBS-2.jpg
1880	01	12	21	00	0	-999	|	orig=" inHg|Local time: 2100|QC flag: missing|Image File: YorkFactory_USSS-314_M1958_1880-01-01_OBS-2.jpg
1880	01	13	07	00	0	-999	|	orig=" inHg|Local time: 0700|QC flag: missing|Image File: YorkFactory_USSS-314_M1958_1880-01-01_OBS-2.jpg
1880	01	13	14	00	0	-999	|	orig=" inHg|Local time: 1400|QC flag: missing|Image File: YorkFactory_USSS-314_M1958_1880-01-01_OBS-2.jpg
1880	01	13	21	00	0	-999	|	orig=" inHg|Local time: 2100|QC flag: missing|Image File: YorkFactory_USSS-314_M1958_1880-01-01_OBS-2.jpg
1880	01	14	07	00	0	-999	|	orig=" inHg|Local time: 0700|QC flag: missing|Image File: YorkFactory_USSS-314_M1958_1880-01-01_OBS-2.jpg
1880	01	14	14	00	0	-999	|	orig=" inHg|Local time: 1400|QC flag: missing|Image File: YorkFactory_USSS-314_M1958_1880-01-01_OBS-2.jpg
1880	01	14	21	00	0	-999	|	orig=" inHg|Local time: 2100|QC flag: missing|Image File: YorkFactory_USSS-314_M1958_1880-01-01_OBS-2.jpg
1880	01	15	07	00	0	-999	|	orig=" inHg|Local time: 0700|QC flag: missing|Image File: YorkFactory_USSS-314_M1958_1880-01-01_OBS-2.jpg
1880	01	15	14	00	0	-999	|	orig=" inHg|Local time: 1400|QC flag: missing|Image File: YorkFactory_USSS-314_M1958_1880-01-01_OBS-2.jpg
1880	01	15	21	00	0	-999	|	orig=" inHg|Local time: 2100|QC flag: missing|Image File: YorkFactory_USSS-314_M1958_1880-01-01_OBS-2.jpg
1880	01	16	07	00	0	-999	|	orig=" inHg|Local time: 0700|QC flag: missing|Image File: YorkFactory_USSS-314_M1958_1880-01-01_OBS-2.jpg
1880	01	16	14	00	0	-999	|	orig=" inHg|Local time: 1400|QC flag: missing|Image File: YorkFactory_USSS-314_M1958_1880-01-01_OBS-2.jpg
1880	01	16	21	00	0	-999	|	orig=" inHg|Local time: 2100|QC flag: missing|Image File: YorkFactory_USSS-314_M1958_1880-01-01_OBS-2.jpg
1880	01	17	07	00	0	-999	|	orig=" inHg|Local time: 0700|QC flag: missing|Image File: YorkFactory_USSS-314_M1958_1880-01-01_OBS-2.jpg
1880	01	17	14	00	0	0.41	|	orig=0.012 inHg|Local time: 1400|QC flag: low value|Image File: YorkFactory_USSS-314_M1958_1880-01-01_OBS-2.jpg
1880	01	17	21	00	0	0.47	|	orig=0.014 inHg|Local time: 2100|QC flag: low value|Image File: YorkFactory_USSS-314_M1958_1880-01-01_OBS-2.jpg
1880	01	18	07	00	0	-999	|	orig=" inHg|Local time: 0700|QC flag: missing|Image File: YorkFactory_USSS-314_M1958_1880-01-01_OBS-2.jpg
1880	01	18	14	00	0	-999	|	orig=" inHg|Local time: 1400|QC flag: missing|Image File: YorkFactory_USSS-314_M1958_1880-01-01_OBS-2.jpg
1880	01	18	21	00	0	-999	|	orig=" inHg|Local time: 2100|QC flag: missing|Image File: YorkFactory_USSS-314_M1958_1880-01-01_OBS-2.jpg
1880	01	19	07	00	0	-999	|	orig=" inHg|Local time: 0700|QC flag: missing|Image File: YorkFactory_USSS-314_M1958_1880-01-01_OBS-2.jpg
1880	01	19	14	00	0	-999	|	orig=" inHg|Local time: 1400|QC flag: missing|Image File: YorkFactory_USSS-314_M1958_1880-01-01_OBS-2.jpg
1880	01	19	21	00	0	-999	|	orig=" inHg|Local time: 2100|QC flag: missing|Image File: YorkFactory_USSS-314_M1958_1880-01-01_OBS-2.jpg
1880	01	20	07	00	0	-999	|	orig=" inHg|Local time: 0700|QC flag: missing|Image File: YorkFactory_USSS-314_M1958_1880-01-01_OBS-2.jpg
1880	01	20	14	00	0	-999	|	orig=" inHg|Local time: 1400|QC flag: missing|Image File: YorkFactory_USSS-314_M1958_1880-01-01_OBS-2.jpg
1880	01	20	21	00	0	-999	|	orig=" inHg|Local time: 2100|QC flag: missing|Image File: YorkFactory_USSS-314_M1958_1880-01-01_OBS-2.jpg
1880	01	21	07	00	0	-999	|	orig=" inHg|Local time: 0700|QC flag: missing|Image File: YorkFactory_USSS-314_M1958_1880-01-01_OBS-2.jpg
1880	01	21	14	00	0	-999	|	orig=" inHg|Local time: 1400|QC flag: missing|Image File: YorkFactory_USSS-314_M1958_1880-01-01_OBS-2.jpg
1880	01	21	21	00	0	-999	|	orig=" inHg|Local time: 2100|QC flag: missing|Image File: YorkFactory_USSS-314_M1958_1880-01-01_OBS-2.jpg
1880	01	22	07	00	0	-999	|	orig=" inHg|Local time: 0700|QC flag: missing|Image File: YorkFactory_USSS-314_M1958_1880-01-01_OBS-2.jpg
1880	01	22	14	00	0	0.51	|	orig=0.015 inHg|Local time: 1400|QC flag: low value|Image File: YorkFactory_USSS-314_M1958_1880-01-01_OBS-2.jpg
1880	01	22	21	00	0	0.71	|	orig=0.021 inHg|Local time: 2100|QC flag: low value|Image File: YorkFactory_USSS-314_M1958_1880-01-01_OBS-2.jpg
1880	01	23	07	00	0	1.08	|	orig=0.032 inHg|Local time: 0700|QC flag: low value|Image File: YorkFactory_USSS-314_M1958_1880-01-01_OBS-2.jpg
1880	01	23	14	00	0	1.35	|	orig=0.040 inHg|Local time: 1400|QC flag: low value|Image File: YorkFactory_USSS-314_M1958_1880-01-01_OBS-2.jpg
1880	01	23	21	00	0	1.22	|	orig=0.036 inHg|Local time: 2100|QC flag: low value|Image File: YorkFactory_USSS-314_M1958_1880-01-01_OBS-2.jpg
1880	01	24	07	00	0	1.08	|	orig=0.032 inHg|Local time: 0700|QC flag: low value|Image File: YorkFactory_USSS-314_M1958_1880-01-01_OBS-2.jpg
1880	01	24	14	00	0	1.15	|	orig=0.034 inHg|Local time: 1400|QC flag: low value|Image File: YorkFactory_USSS-314_M1958_1880-01-01_OBS-2.jpg
1880	01	24	21	00	0	1.02	|	orig=0.030 inHg|Local time: 2100|QC flag: low value|Image File: YorkFactory_USSS-314_M1958_1880-01-01_OBS-2.jpg
1880	01	25	07	00	0	0.91	|	orig=0.027 inHg|Local time: 0700|QC flag: low value|Image File: YorkFactory_USSS-314_M1958_1880-01-01_OBS-2.jpg
1880	01	25	14	00	0	1.02	|	orig=0.030 inHg|Local time: 1400|QC flag: low value|Image File: YorkFactory_USSS-314_M1958_1880-01-01_OBS-2.jpg
1880	01	25	21	00	0	0.98	|	orig=0.029 inHg|Local time: 2100|QC flag: low value|Image File: YorkFactory_USSS-314_M1958_1880-01-01_OBS-2.jpg
1880	01	26	07	00	0	0.88	|	orig=0.026 inHg|Local time: 0700|QC flag: low value|Image File: YorkFactory_USSS-314_M1958_1880-01-01_OBS-2.jpg
1880	01	26	14	00	0	0.85	|	orig=0.025 inHg|Local time: 1400|QC flag: low value|Image File: YorkFactory_USSS-314_M1958_1880-01-01_OBS-2.jpg
1880	01	26	21	00	0	0.75	|	orig=0.022 inHg|Local time: 2100|QC flag: low value|Image File: YorkFactory_USSS-314_M1958_1880-01-01_OBS-2.jpg
1880	01	27	07	00	0	0.64	|	orig=0.019 inHg|Local time: 0700|QC flag: low value|Image File: YorkFactory_USSS-314_M1958_1880-01-01_OBS-2.jpg
1880	01	27	14	00	0	0.75	|	orig=0.022 inHg|Local time: 1400|QC flag: low value|Image File: YorkFactory_USSS-314_M1958_1880-01-01_OBS-2.jpg
1880	01	27	21	00	0	-999	|	orig=" inHg|Local time: 2100|QC flag: missing|Image File: YorkFactory_USSS-314_M1958_1880-01-01_OBS-2.jpg
1880	01	28	07	00	0	-999	|	orig=" inHg|Local time: 0700|QC flag: missing|Image File: YorkFactory_USSS-314_M1958_1880-01-01_OBS-2.jpg
1880	01	28	14	00	0	-999	|	orig=" inHg|Local time: 1400|QC flag: missing|Image File: YorkFactory_USSS-314_M1958_1880-01-01_OBS-2.jpg
1880	01	28	21	00	0	-999	|	orig=" inHg|Local time: 2100|QC flag: missing|Image File: YorkFactory_USSS-314_M1958_1880-01-01_OBS-2.jpg
1880	01	29	07	00	0	-999	|	orig=" inHg|Local time: 0700|QC flag: missing|Image File: YorkFactory_USSS-314_M1958_1880-01-01_OBS-2.jpg
1880	01	29	14	00	0	0.61	|	orig=0.018 inHg|Local time: 1400|QC flag: low value|Image File: YorkFactory_USSS-314_M1958_1880-01-01_OBS-2.jpg
1880	01	29	21	00	0	1.22	|	orig=0.036 inHg|Local time: 2100|QC flag: low value|Image File: YorkFactory_USSS-314_M1958_1880-01-01_OBS-2.jpg
1880	01	30	07	00	0	0.58	|	orig=0.017 inHg|Local time: 0700|QC flag: low value|Image File: YorkFactory_USSS-314_M1958_1880-01-01_OBS-2.jpg
1880	01	30	14	00	0	-999	|	orig=" inHg|Local time: 1400|QC flag: missing|Image File: YorkFactory_USSS-314_M1958_1880-01-01_OBS-2.jpg
1880	01	30	21	00	0	-999	|	orig=" inHg|Local time: 2100|QC flag: missing|Image File: YorkFactory_USSS-314_M1958_1880-01-01_OBS-2.jpg
1880	01	31	07	00	0	-999	|	orig=" inHg|Local time: 0700|QC flag: missing|Image File: YorkFactory_USSS-314_M1958_1880-01-01_OBS-2.jpg
1880	01	31	14	00	0	0.68	|	orig=0.020 inHg|Local time: 1400|QC flag: low value|Image File: YorkFactory_USSS-314_M1958_1880-01-01_OBS-2.jpg
1880	01	31	21	00	0	-999	|	orig=" inHg|Local time: 2100|QC flag: missing|Image File: YorkFactory_USSS-314_M1958_1880-01-01_OBS-2.jpg
1880	02	01	07	00	0	-999	|	orig=" inHg|Local time: 0700|QC flag: missing|Image File: YorkFactory_USSS-314_M1958_1880-02-01_OBS-2.jpg
1880	02	01	14	00	0	0.41	|	orig=012 inHg|Local time: 1400|QC flag: low value|Image File: YorkFactory_USSS-314_M1958_1880-02-01_OBS-2.jpg
1880	02	01	21	00	0	-999	|	orig=" inHg|Local time: 2100|QC flag: missing|Image File: YorkFactory_USSS-314_M1958_1880-02-01_OBS-2.jpg
1880	02	02	07	00	0	-999	|	orig=" inHg|Local time: 0700|QC flag: missing|Image File: YorkFactory_USSS-314_M1958_1880-02-01_OBS-2.jpg
1880	02	02	14	00	0	0.64	|	orig=019 inHg|Local time: 1400|QC flag: low value|Image File: YorkFactory_USSS-314_M1958_1880-02-01_OBS-2.jpg
1880	02	02	21	00	0	-999	|	orig=" inHg|Local time: 2100|QC flag: missing|Image File: YorkFactory_USSS-314_M1958_1880-02-01_OBS-2.jpg
1880	02	03	07	00	0	0.41	|	orig=012 inHg|Local time: 0700|QC flag: low value|Image File: YorkFactory_USSS-314_M1958_1880-02-01_OBS-2.jpg
1880	02	03	14	00	0	1.25	|	orig=037 inHg|Local time: 1400|QC flag: low value|Image File: YorkFactory_USSS-314_M1958_1880-02-01_OBS-2.jpg
1880	02	03	21	00	0	-999	|	orig=" inHg|Local time: 2100|QC flag: missing|Image File: YorkFactory_USSS-314_M1958_1880-02-01_OBS-2.jpg
1880	02	04	07	00	0	-999	|	orig=" inHg|Local time: 0700|QC flag: missing|Image File: YorkFactory_USSS-314_M1958_1880-02-01_OBS-2.jpg
1880	02	04	14	00	0	-999	|	orig=" inHg|Local time: 1400|QC flag: missing|Image File: YorkFactory_USSS-314_M1958_1880-02-01_OBS-2.jpg
1880	02	04	21	00	0	-999	|	orig=" inHg|Local time: 2100|QC flag: missing|Image File: YorkFactory_USSS-314_M1958_1880-02-01_OBS-2.jpg
1880	02	05	07	00	0	-999	|	orig=" inHg|Local time: 0700|QC flag: missing|Image File: YorkFactory_USSS-314_M1958_1880-02-01_OBS-2.jpg
1880	02	05	14	00	0	-999	|	orig=" inHg|Local time: 1400|QC flag: missing|Image File: YorkFactory_USSS-314_M1958_1880-02-01_OBS-2.jpg
1880	02	05	21	00	0	-999	|	orig=" inHg|Local time: 2100|QC flag: missing|Image File: YorkFactory_USSS-314_M1958_1880-02-01_OBS-2.jpg
1880	02	06	07	00	0	-999	|	orig=" inHg|Local time: 0700|QC flag: missing|Image File: YorkFactory_USSS-314_M1958_1880-02-01_OBS-2.jpg
1880	02	06	14	00	0	-999	|	orig=" inHg|Local time: 1400|QC flag: missing|Image File: YorkFactory_USSS-314_M1958_1880-02-01_OBS-2.jpg
1880	02	06	21	00	0	-999	|	orig=" inHg|Local time: 2100|QC flag: missing|Image File: YorkFactory_USSS-314_M1958_1880-02-01_OBS-2.jpg
1880	02	07	07	00	0	-999	|	orig=" inHg|Local time: 0700|QC flag: missing|Image File: YorkFactory_USSS-314_M1958_1880-02-01_OBS-2.jpg
1880	02	07	14	00	0	-999	|	orig=" inHg|Local time: 1400|QC flag: missing|Image File: YorkFactory_USSS-314_M1958_1880-02-01_OBS-2.jpg
1880	02	07	21	00	0	-999	|	orig=" inHg|Local time: 2100|QC flag: missing|Image File: YorkFactory_USSS-314_M1958_1880-02-01_OBS-2.jpg
1880	02	08	07	00	0	-999	|	orig=" inHg|Local time: 0700|QC flag: missing|Image File: YorkFactory_USSS-314_M1958_1880-02-01_OBS-2.jpg
1880	02	08	14	00	0	-999	|	orig=" inHg|Local time: 1400|QC flag: missing|Image File: YorkFactory_USSS-314_M1958_1880-02-01_OBS-2.jpg
1880	02	08	21	00	0	-999	|	orig=" inHg|Local time: 2100|QC flag: missing|Image File: YorkFactory_USSS-314_M1958_1880-02-01_OBS-2.jpg
1880	02	09	07	00	0	-999	|	orig=" inHg|Local time: 0700|QC flag: missing|Image File: YorkFactory_USSS-314_M1958_1880-02-01_OBS-2.jpg
1880	02	09	14	00	0	-999	|	orig=" inHg|Local time: 1400|QC flag: missing|Image File: YorkFactory_USSS-314_M1958_1880-02-01_OBS-2.jpg
1880	02	09	21	00	0	-999	|	orig=" inHg|Local time: 2100|QC flag: missing|Image File: YorkFactory_USSS-314_M1958_1880-02-01_OBS-2.jpg
1880	02	10	07	00	0	-999	|	orig=" inHg|Local time: 0700|QC flag: missing|Image File: YorkFactory_USSS-314_M1958_1880-02-01_OBS-2.jpg
1880	02	10	14	00	0	-999	|	orig=" inHg|Local time: 1400|QC flag: missing|Image File: YorkFactory_USSS-314_M1958_1880-02-01_OBS-2.jpg
1880	02	10	21	00	0	-999	|	orig=" inHg|Local time: 2100|QC flag: missing|Image File: YorkFactory_USSS-314_M1958_1880-02-01_OBS-2.jpg
1880	02	11	07	00	0	-999	|	orig=" inHg|Local time: 0700|QC flag: missing|Image File: YorkFactory_USSS-314_M1958_1880-02-01_OBS-2.jpg
1880	02	11	14	00	0	-999	|	orig=" inHg|Local time: 1400|QC flag: missing|Image File: YorkFactory_USSS-314_M1958_1880-02-01_OBS-2.jpg
1880	02	11	21	00	0	-999	|	orig=" inHg|Local time: 2100|QC flag: missing|Image File: YorkFactory_USSS-314_M1958_1880-02-01_OBS-2.jpg
1880	02	12	07	00	0	-999	|	orig=" inHg|Local time: 0700|QC flag: missing|Image File: YorkFactory_USSS-314_M1958_1880-02-01_OBS-2.jpg
1880	02	12	14	00	0	-999	|	orig=" inHg|Local time: 1400|QC flag: missing|Image File: YorkFactory_USSS-314_M1958_1880-02-01_OBS-2.jpg
1880	02	12	21	00	0	-999	|	orig=" inHg|Local time: 2100|QC flag: missing|Image File: YorkFactory_USSS-314_M1958_1880-02-01_OBS-2.jpg
1880	02	13	07	00	0	-999	|	orig=" inHg|Local time: 0700|QC flag: missing|Image File: YorkFactory_USSS-314_M1958_1880-02-01_OBS-2.jpg
1880	02	13	14	00	0	0.47	|	orig=014 inHg|Local time: 1400|QC flag: low value|Image File: YorkFactory_USSS-314_M1958_1880-02-01_OBS-2.jpg
1880	02	13	21	00	0	-999	|	orig=" inHg|Local time: 2100|QC flag: missing|Image File: YorkFactory_USSS-314_M1958_1880-02-01_OBS-2.jpg
1880	02	14	07	00	0	-999	|	orig=" inHg|Local time: 0700|QC flag: missing|Image File: YorkFactory_USSS-314_M1958_1880-02-01_OBS-2.jpg
1880	02	14	14	00	0	0.51	|	orig=015 inHg|Local time: 1400|QC flag: low value|Image File: YorkFactory_USSS-314_M1958_1880-02-01_OBS-2.jpg
1880	02	14	21	00	0	-999	|	orig=" inHg|Local time: 2100|QC flag: missing|Image File: YorkFactory_USSS-314_M1958_1880-02-01_OBS-2.jpg
1880	02	15	07	00	0	-999	|	orig=" inHg|Local time: 0700|QC flag: missing|Image File: YorkFactory_USSS-314_M1958_1880-02-01_OBS-2.jpg
1880	02	15	14	00	0	-999	|	orig=" inHg|Local time: 1400|QC flag: missing|Image File: YorkFactory_USSS-314_M1958_1880-02-01_OBS-2.jpg
1880	02	15	21	00	0	-999	|	orig=" inHg|Local time: 2100|QC flag: missing|Image File: YorkFactory_USSS-314_M1958_1880-02-01_OBS-2.jpg
1880	02	16	07	00	0	-999	|	orig=" inHg|Local time: 0700|QC flag: missing|Image File: YorkFactory_USSS-314_M1958_1880-02-01_OBS-2.jpg
1880	02	16	14	00	0	-999	|	orig=" inHg|Local time: 1400|QC flag: missing|Image File: YorkFactory_USSS-314_M1958_1880-02-01_OBS-2.jpg
1880	02	16	21	00	0	-999	|	orig=" inHg|Local time: 2100|QC flag: missing|Image File: YorkFactory_USSS-314_M1958_1880-02-01_OBS-2.jpg
1880	02	17	07	00	0	-999	|	orig=" inHg|Local time: 0700|QC flag: missing|Image File: YorkFactory_USSS-314_M1958_1880-02-01_OBS-2.jpg
1880	02	17	14	00	0	-999	|	orig=" inHg|Local time: 1400|QC flag: missing|Image File: YorkFactory_USSS-314_M1958_1880-02-01_OBS-2.jpg
1880	02	17	21	00	0	-999	|	orig=" inHg|Local time: 2100|QC flag: missing|Image File: YorkFactory_USSS-314_M1958_1880-02-01_OBS-2.jpg
1880	02	18	07	00	0	-999	|	orig=" inHg|Local time: 0700|QC flag: missing|Image File: YorkFactory_USSS-314_M1958_1880-02-01_OBS-2.jpg
1880	02	18	14	00	0	0.41	|	orig=012 inHg|Local time: 1400|QC flag: low value|Image File: YorkFactory_USSS-314_M1958_1880-02-01_OBS-2.jpg
1880	02	18	21	00	0	-999	|	orig=" inHg|Local time: 2100|QC flag: missing|Image File: YorkFactory_USSS-314_M1958_1880-02-01_OBS-2.jpg
1880	02	19	07	00	0	-999	|	orig=" inHg|Local time: 0700|QC flag: missing|Image File: YorkFactory_USSS-314_M1958_1880-02-01_OBS-2.jpg
1880	02	19	14	00	0	1.35	|	orig=040 inHg|Local time: 1400|QC flag: low value|Image File: YorkFactory_USSS-314_M1958_1880-02-01_OBS-2.jpg
1880	02	19	21	00	0	0.91	|	orig=027 inHg|Local time: 2100|QC flag: low value|Image File: YorkFactory_USSS-314_M1958_1880-02-01_OBS-2.jpg
1880	02	20	07	00	0	0.81	|	orig=024 inHg|Local time: 0700|QC flag: low value|Image File: YorkFactory_USSS-314_M1958_1880-02-01_OBS-2.jpg
1880	02	20	14	00	0	0.68	|	orig=020 inHg|Local time: 1400|QC flag: low value|Image File: YorkFactory_USSS-314_M1958_1880-02-01_OBS-2.jpg
1880	02	20	21	00	0	0.47	|	orig=014 inHg|Local time: 2100|QC flag: low value|Image File: YorkFactory_USSS-314_M1958_1880-02-01_OBS-2.jpg
1880	02	21	07	00	0	-999	|	orig=" inHg|Local time: 0700|QC flag: missing|Image File: YorkFactory_USSS-314_M1958_1880-02-01_OBS-2.jpg
1880	02	21	14	00	0	0.41	|	orig=012 inHg|Local time: 1400|QC flag: low value|Image File: YorkFactory_USSS-314_M1958_1880-02-01_OBS-2.jpg
1880	02	21	21	00	0	-999	|	orig=" inHg|Local time: 2100|QC flag: missing|Image File: YorkFactory_USSS-314_M1958_1880-02-01_OBS-2.jpg
1880	02	22	07	00	0	-999	|	orig=" inHg|Local time: 0700|QC flag: missing|Image File: YorkFactory_USSS-314_M1958_1880-02-01_OBS-2.jpg
1880	02	22	14	00	0	-999	|	orig=" inHg|Local time: 1400|QC flag: missing|Image File: YorkFactory_USSS-314_M1958_1880-02-01_OBS-2.jpg
1880	02	22	21	00	0	-999	|	orig=" inHg|Local time: 2100|QC flag: missing|Image File: YorkFactory_USSS-314_M1958_1880-02-01_OBS-2.jpg
1880	02	23	07	00	0	-999	|	orig=" inHg|Local time: 0700|QC flag: missing|Image File: YorkFactory_USSS-314_M1958_1880-02-01_OBS-2.jpg
1880	02	23	14	00	0	0.41	|	orig=012 inHg|Local time: 1400|QC flag: low value|Image File: YorkFactory_USSS-314_M1958_1880-02-01_OBS-2.jpg
1880	02	23	21	00	0	-999	|	orig=" inHg|Local time: 2100|QC flag: missing|Image File: YorkFactory_USSS-314_M1958_1880-02-01_OBS-2.jpg
1880	02	24	07	00	0	-999	|	orig=" inHg|Local time: 0700|QC flag: missing|Image File: YorkFactory_USSS-314_M1958_1880-02-01_OBS-2.jpg
1880	02	24	14	00	0	-999	|	orig=" inHg|Local time: 1400|QC flag: missing|Image File: YorkFactory_USSS-314_M1958_1880-02-01_OBS-2.jpg
1880	02	24	21	00	0	-999	|	orig=" inHg|Local time: 2100|QC flag: missing|Image File: YorkFactory_USSS-314_M1958_1880-02-01_OBS-2.jpg
1880	02	25	07	00	0	-999	|	orig=" inHg|Local time: 0700|QC flag: missing|Image File: YorkFactory_USSS-314_M1958_1880-02-01_OBS-2.jpg
1880	02	25	14	00	0	-999	|	orig=" inHg|Local time: 1400|QC flag: missing|Image File: YorkFactory_USSS-314_M1958_1880-02-01_OBS-2.jpg
1880	02	25	21	00	0	-999	|	orig=" inHg|Local time: 2100|QC flag: missing|Image File: YorkFactory_USSS-314_M1958_1880-02-01_OBS-2.jpg
1880	02	26	07	00	0	-999	|	orig=" inHg|Local time: 0700|QC flag: missing|Image File: YorkFactory_USSS-314_M1958_1880-02-01_OBS-2.jpg
1880	02	26	14	00	0	-999	|	orig=" inHg|Local time: 1400|QC flag: missing|Image File: YorkFactory_USSS-314_M1958_1880-02-01_OBS-2.jpg
1880	02	26	21	00	0	-999	|	orig=" inHg|Local time: 2100|QC flag: missing|Image File: YorkFactory_USSS-314_M1958_1880-02-01_OBS-2.jpg
1880	02	27	07	00	0	-999	|	orig=" inHg|Local time: 0700|QC flag: missing|Image File: YorkFactory_USSS-314_M1958_1880-02-01_OBS-2.jpg
1880	02	27	14	00	0	-999	|	orig=" inHg|Local time: 1400|QC flag: missing|Image File: YorkFactory_USSS-314_M1958_1880-02-01_OBS-2.jpg
1880	02	27	21	00	0	-999	|	orig=" inHg|Local time: 2100|QC flag: missing|Image File: YorkFactory_USSS-314_M1958_1880-02-01_OBS-2.jpg
1880	02	28	07	00	0	-999	|	orig=" inHg|Local time: 0700|QC flag: missing|Image File: YorkFactory_USSS-314_M1958_1880-02-01_OBS-2.jpg
1880	02	28	14	00	0	0.44	|	orig=013 inHg|Local time: 1400|QC flag: low value|Image File: YorkFactory_USSS-314_M1958_1880-02-01_OBS-2.jpg
1880	02	28	21	00	0	-999	|	orig=" inHg|Local time: 2100|QC flag: missing|Image File: YorkFactory_USSS-314_M1958_1880-02-01_OBS-2.jpg
1880	02	29	07	00	0	-999	|	orig=" inHg|Local time: 0700|QC flag: missing|Image File: YorkFactory_USSS-314_M1958_1880-02-01_OBS-2.jpg
1880	02	29	14	00	0	0.98	|	orig=029 inHg|Local time: 1400|QC flag: low value|Image File: YorkFactory_USSS-314_M1958_1880-02-01_OBS-2.jpg
1880	02	29	21	00	0	0.71	|	orig=021 inHg|Local time: 2100|QC flag: low value|Image File: YorkFactory_USSS-314_M1958_1880-02-01_OBS-2.jpg
1880	03	01	07	00	0	-999	|	orig=" inHg|Local time: 0700|QC flag: missing|Image File: YorkFactory_USSS-314_M1958_1880-03-01_OBS-2.jpg
1880	03	01	14	00	0	0.98	|	orig=029 inHg|Local time: 1400|QC flag: low value|Image File: YorkFactory_USSS-314_M1958_1880-03-01_OBS-2.jpg
1880	03	01	21	00	0	-999	|	orig=" inHg|Local time: 2100|QC flag: missing|Image File: YorkFactory_USSS-314_M1958_1880-03-01_OBS-2.jpg
1880	03	02	07	00	0	-999	|	orig=" inHg|Local time: 0700|QC flag: missing|Image File: YorkFactory_USSS-314_M1958_1880-03-01_OBS-2.jpg
1880	03	02	14	00	0	-999	|	orig=" inHg|Local time: 1400|QC flag: missing|Image File: YorkFactory_USSS-314_M1958_1880-03-01_OBS-2.jpg
1880	03	02	21	00	0	0.68	|	orig=020 inHg|Local time: 2100|QC flag: low value|Image File: YorkFactory_USSS-314_M1958_1880-03-01_OBS-2.jpg
1880	03	03	07	00	0	-999	|	orig=" inHg|Local time: 0700|QC flag: missing|Image File: YorkFactory_USSS-314_M1958_1880-03-01_OBS-2.jpg
1880	03	03	14	00	0	0.58	|	orig=017 inHg|Local time: 1400|QC flag: low value|Image File: YorkFactory_USSS-314_M1958_1880-03-01_OBS-2.jpg
1880	03	03	21	00	0	0.44	|	orig=013 inHg|Local time: 2100|QC flag: low value|Image File: YorkFactory_USSS-314_M1958_1880-03-01_OBS-2.jpg
1880	03	04	07	00	0	-999	|	orig=" inHg|Local time: 0700|QC flag: missing|Image File: YorkFactory_USSS-314_M1958_1880-03-01_OBS-2.jpg
1880	03	04	14	00	0	0.71	|	orig=021 inHg|Local time: 1400|QC flag: low value|Image File: YorkFactory_USSS-314_M1958_1880-03-01_OBS-2.jpg
1880	03	04	21	00	0	0.98	|	orig=029 inHg|Local time: 2100|QC flag: low value|Image File: YorkFactory_USSS-314_M1958_1880-03-01_OBS-2.jpg
1880	03	05	07	00	0	0.44	|	orig=013 inHg|Local time: 0700|QC flag: low value|Image File: YorkFactory_USSS-314_M1958_1880-03-01_OBS-2.jpg
1880	03	05	14	00	0	0.98	|	orig=029 inHg|Local time: 1400|QC flag: low value|Image File: YorkFactory_USSS-314_M1958_1880-03-01_OBS-2.jpg
1880	03	05	21	00	0	0.58	|	orig=017 inHg|Local time: 2100|QC flag: low value|Image File: YorkFactory_USSS-314_M1958_1880-03-01_OBS-2.jpg
1880	03	06	07	00	0	-999	|	orig=" inHg|Local time: 0700|QC flag: missing|Image File: YorkFactory_USSS-314_M1958_1880-03-01_OBS-2.jpg
1880	03	06	14	00	0	-999	|	orig=" inHg|Local time: 1400|QC flag: missing|Image File: YorkFactory_USSS-314_M1958_1880-03-01_OBS-2.jpg
1880	03	06	21	00	0	-999	|	orig=" inHg|Local time: 2100|QC flag: missing|Image File: YorkFactory_USSS-314_M1958_1880-03-01_OBS-2.jpg
1880	03	07	07	00	0	-999	|	orig=" inHg|Local time: 0700|QC flag: missing|Image File: YorkFactory_USSS-314_M1958_1880-03-01_OBS-2.jpg
1880	03	07	14	00	0	-999	|	orig=" inHg|Local time: 1400|QC flag: missing|Image File: YorkFactory_USSS-314_M1958_1880-03-01_OBS-2.jpg
1880	03	07	21	00	0	-999	|	orig=" inHg|Local time: 2100|QC flag: missing|Image File: YorkFactory_USSS-314_M1958_1880-03-01_OBS-2.jpg
1880	03	08	07	00	0	-999	|	orig=" inHg|Local time: 0700|QC flag: missing|Image File: YorkFactory_USSS-314_M1958_1880-03-01_OBS-2.jpg
1880	03	08	14	00	0	-999	|	orig=" inHg|Local time: 1400|QC flag: missing|Image File: YorkFactory_USSS-314_M1958_1880-03-01_OBS-2.jpg
1880	03	08	21	00	0	-999	|	orig=" inHg|Local time: 2100|QC flag: missing|Image File: YorkFactory_USSS-314_M1958_1880-03-01_OBS-2.jpg
1880	03	09	07	00	0	-999	|	orig=" inHg|Local time: 0700|QC flag: missing|Image File: YorkFactory_USSS-314_M1958_1880-03-01_OBS-2.jpg
1880	03	09	14	00	0	-999	|	orig=" inHg|Local time: 1400|QC flag: missing|Image File: YorkFactory_USSS-314_M1958_1880-03-01_OBS-2.jpg
1880	03	09	21	00	0	-999	|	orig=" inHg|Local time: 2100|QC flag: missing|Image File: YorkFactory_USSS-314_M1958_1880-03-01_OBS-2.jpg
1880	03	10	07	00	0	-999	|	orig=" inHg|Local time: 0700|QC flag: missing|Image File: YorkFactory_USSS-314_M1958_1880-03-01_OBS-2.jpg
1880	03	10	14	00	0	-999	|	orig=" inHg|Local time: 1400|QC flag: missing|Image File: YorkFactory_USSS-314_M1958_1880-03-01_OBS-2.jpg
1880	03	10	21	00	0	-999	|	orig=" inHg|Local time: 2100|QC flag: missing|Image File: YorkFactory_USSS-314_M1958_1880-03-01_OBS-2.jpg
1880	03	11	07	00	0	-999	|	orig=" inHg|Local time: 0700|QC flag: missing|Image File: YorkFactory_USSS-314_M1958_1880-03-01_OBS-2.jpg
1880	03	11	14	00	0	0.54	|	orig=016 inHg|Local time: 1400|QC flag: low value|Image File: YorkFactory_USSS-314_M1958_1880-03-01_OBS-2.jpg
1880	03	11	21	00	0	-999	|	orig=" inHg|Local time: 2100|QC flag: missing|Image File: YorkFactory_USSS-314_M1958_1880-03-01_OBS-2.jpg
1880	03	12	07	00	0	-999	|	orig=" inHg|Local time: 0700|QC flag: missing|Image File: YorkFactory_USSS-314_M1958_1880-03-01_OBS-2.jpg
1880	03	12	14	00	0	1.39	|	orig=041 inHg|Local time: 1400|QC flag: low value|Image File: YorkFactory_USSS-314_M1958_1880-03-01_OBS-2.jpg
1880	03	12	21	00	0	0.71	|	orig=021 inHg|Local time: 2100|QC flag: low value|Image File: YorkFactory_USSS-314_M1958_1880-03-01_OBS-2.jpg
1880	03	13	07	00	0	-999	|	orig=" inHg|Local time: 0700|QC flag: missing|Image File: YorkFactory_USSS-314_M1958_1880-03-01_OBS-2.jpg
1880	03	13	14	00	0	0.98	|	orig=029 inHg|Local time: 1400|QC flag: low value|Image File: YorkFactory_USSS-314_M1958_1880-03-01_OBS-2.jpg
1880	03	13	21	00	0	0.58	|	orig=017 inHg|Local time: 2100|QC flag: low value|Image File: YorkFactory_USSS-314_M1958_1880-03-01_OBS-2.jpg
1880	03	14	07	00	0	-999	|	orig=" inHg|Local time: 0700|QC flag: missing|Image File: YorkFactory_USSS-314_M1958_1880-03-01_OBS-2.jpg
1880	03	14	14	00	0	0.58	|	orig=017 inHg|Local time: 1400|QC flag: low value|Image File: YorkFactory_USSS-314_M1958_1880-03-01_OBS-2.jpg
1880	03	14	21	00	0	-999	|	orig=" inHg|Local time: 2100|QC flag: missing|Image File: YorkFactory_USSS-314_M1958_1880-03-01_OBS-2.jpg
1880	03	15	07	00	0	-999	|	orig=" inHg|Local time: 0700|QC flag: missing|Image File: YorkFactory_USSS-314_M1958_1880-03-01_OBS-2.jpg
1880	03	15	14	00	0	0.61	|	orig=018 inHg|Local time: 1400|QC flag: low value|Image File: YorkFactory_USSS-314_M1958_1880-03-01_OBS-2.jpg
1880	03	15	21	00	0	0.47	|	orig=014 inHg|Local time: 2100|QC flag: low value|Image File: YorkFactory_USSS-314_M1958_1880-03-01_OBS-2.jpg
1880	03	16	07	00	0	-999	|	orig=" inHg|Local time: 0700|QC flag: missing|Image File: YorkFactory_USSS-314_M1958_1880-03-01_OBS-2.jpg
1880	03	16	14	00	0	0.71	|	orig=021 inHg|Local time: 1400|QC flag: low value|Image File: YorkFactory_USSS-314_M1958_1880-03-01_OBS-2.jpg
1880	03	16	21	00	0	0.58	|	orig=017 inHg|Local time: 2100|QC flag: low value|Image File: YorkFactory_USSS-314_M1958_1880-03-01_OBS-2.jpg
1880	03	17	07	00	0	0.51	|	orig=015 inHg|Local time: 0700|QC flag: low value|Image File: YorkFactory_USSS-314_M1958_1880-03-01_OBS-2.jpg
1880	03	17	14	00	0	1.73	|	orig=051 inHg|Local time: 1400|QC flag: low value|Image File: YorkFactory_USSS-314_M1958_1880-03-01_OBS-2.jpg
1880	03	17	21	00	0	1.08	|	orig=032 inHg|Local time: 2100|QC flag: low value|Image File: YorkFactory_USSS-314_M1958_1880-03-01_OBS-2.jpg
1880	03	18	07	00	0	1.15	|	orig=034 inHg|Local time: 0700|QC flag: low value|Image File: YorkFactory_USSS-314_M1958_1880-03-01_OBS-2.jpg
1880	03	18	14	00	0	3.08	|	orig=091 inHg|Local time: 1400|QC flag: low value|Image File: YorkFactory_USSS-314_M1958_1880-03-01_OBS-2.jpg
1880	03	18	21	00	0	2.24	|	orig=066 inHg|Local time: 2100|QC flag: low value|Image File: YorkFactory_USSS-314_M1958_1880-03-01_OBS-2.jpg
1880	03	19	07	00	0	0.58	|	orig=017 inHg|Local time: 0700|QC flag: low value|Image File: YorkFactory_USSS-314_M1958_1880-03-01_OBS-2.jpg
1880	03	19	14	00	0	0.44	|	orig=013 inHg|Local time: 1400|QC flag: low value|Image File: YorkFactory_USSS-314_M1958_1880-03-01_OBS-2.jpg
1880	03	19	21	00	0	-999	|	orig=" inHg|Local time: 2100|QC flag: missing|Image File: YorkFactory_USSS-314_M1958_1880-03-01_OBS-2.jpg
1880	03	20	07	00	0	-999	|	orig=" inHg|Local time: 0700|QC flag: missing|Image File: YorkFactory_USSS-314_M1958_1880-03-01_OBS-2.jpg
1880	03	20	14	00	0	0.78	|	orig=023 inHg|Local time: 1400|QC flag: low value|Image File: YorkFactory_USSS-314_M1958_1880-03-01_OBS-2.jpg
1880	03	20	21	00	0	0.51	|	orig=015 inHg|Local time: 2100|QC flag: low value|Image File: YorkFactory_USSS-314_M1958_1880-03-01_OBS-2.jpg
1880	03	21	07	00	0	0.47	|	orig=014 inHg|Local time: 0700|QC flag: low value|Image File: YorkFactory_USSS-314_M1958_1880-03-01_OBS-2.jpg
1880	03	21	14	00	0	1.05	|	orig=031 inHg|Local time: 1400|QC flag: low value|Image File: YorkFactory_USSS-314_M1958_1880-03-01_OBS-2.jpg
1880	03	21	21	00	0	0.81	|	orig=024 inHg|Local time: 2100|QC flag: low value|Image File: YorkFactory_USSS-314_M1958_1880-03-01_OBS-2.jpg
1880	03	22	07	00	0	-999	|	orig=" inHg|Local time: 0700|QC flag: missing|Image File: YorkFactory_USSS-314_M1958_1880-03-01_OBS-2.jpg
1880	03	22	14	00	0	0.58	|	orig=017 inHg|Local time: 1400|QC flag: low value|Image File: YorkFactory_USSS-314_M1958_1880-03-01_OBS-2.jpg
1880	03	22	21	00	0	0.44	|	orig=013 inHg|Local time: 2100|QC flag: low value|Image File: YorkFactory_USSS-314_M1958_1880-03-01_OBS-2.jpg
1880	03	23	07	00	0	-999	|	orig=" inHg|Local time: 0700|QC flag: missing|Image File: YorkFactory_USSS-314_M1958_1880-03-01_OBS-2.jpg
1880	03	23	14	00	0	0.71	|	orig=021 inHg|Local time: 1400|QC flag: low value|Image File: YorkFactory_USSS-314_M1958_1880-03-01_OBS-2.jpg
1880	03	23	21	00	0	0.68	|	orig=020 inHg|Local time: 2100|QC flag: low value|Image File: YorkFactory_USSS-314_M1958_1880-03-01_OBS-2.jpg
1880	03	24	07	00	0	0.47	|	orig=014 inHg|Local time: 0700|QC flag: low value|Image File: YorkFactory_USSS-314_M1958_1880-03-01_OBS-2.jpg
1880	03	24	14	00	0	0.78	|	orig=023 inHg|Local time: 1400|QC flag: low value|Image File: YorkFactory_USSS-314_M1958_1880-03-01_OBS-2.jpg
1880	03	24	21	00	0	0.68	|	orig=020 inHg|Local time: 2100|QC flag: low value|Image File: YorkFactory_USSS-314_M1958_1880-03-01_OBS-2.jpg
1880	03	25	07	00	0	0.91	|	orig=027 inHg|Local time: 0700|QC flag: low value|Image File: YorkFactory_USSS-314_M1958_1880-03-01_OBS-2.jpg
1880	03	25	14	00	0	2.98	|	orig=088 inHg|Local time: 1400|QC flag: low value|Image File: YorkFactory_USSS-314_M1958_1880-03-01_OBS-2.jpg
1880	03	25	21	00	0	1.42	|	orig=042 inHg|Local time: 2100|QC flag: low value|Image File: YorkFactory_USSS-314_M1958_1880-03-01_OBS-2.jpg
1880	03	26	07	00	0	1.56	|	orig=046 inHg|Local time: 0700|QC flag: low value|Image File: YorkFactory_USSS-314_M1958_1880-03-01_OBS-2.jpg
1880	03	26	14	00	0	6.94	|	orig=205 inHg|Local time: 1400|QC flag: none|Image File: YorkFactory_USSS-314_M1958_1880-03-01_OBS-2.jpg
1880	03	26	21	00	0	5.93	|	orig=175 inHg|Local time: 2100|QC flag: low value|Image File: YorkFactory_USSS-314_M1958_1880-03-01_OBS-2.jpg
1880	03	27	07	00	0	4.77	|	orig=141 inHg|Local time: 0700|QC flag: low value|Image File: YorkFactory_USSS-314_M1958_1880-03-01_OBS-2.jpg
1880	03	27	14	00	0	5.22	|	orig=154 inHg|Local time: 1400|QC flag: low value|Image File: YorkFactory_USSS-314_M1958_1880-03-01_OBS-2.jpg
1880	03	27	21	00	0	3.45	|	orig=102 inHg|Local time: 2100|QC flag: low value|Image File: YorkFactory_USSS-314_M1958_1880-03-01_OBS-2.jpg
1880	03	28	07	00	0	2.57	|	orig=076 inHg|Local time: 0700|QC flag: low value|Image File: YorkFactory_USSS-314_M1958_1880-03-01_OBS-2.jpg
1880	03	28	14	00	0	3.79	|	orig=112 inHg|Local time: 1400|QC flag: low value|Image File: YorkFactory_USSS-314_M1958_1880-03-01_OBS-2.jpg
1880	03	28	21	00	0	2.34	|	orig=069 inHg|Local time: 2100|QC flag: low value|Image File: YorkFactory_USSS-314_M1958_1880-03-01_OBS-2.jpg
1880	03	29	07	00	0	1.22	|	orig=036 inHg|Local time: 0700|QC flag: low value|Image File: YorkFactory_USSS-314_M1958_1880-03-01_OBS-2.jpg
1880	03	29	14	00	0	2.84	|	orig=084 inHg|Local time: 1400|QC flag: low value|Image File: YorkFactory_USSS-314_M1958_1880-03-01_OBS-2.jpg
1880	03	29	21	00	0	2.10	|	orig=062 inHg|Local time: 2100|QC flag: low value|Image File: YorkFactory_USSS-314_M1958_1880-03-01_OBS-2.jpg
1880	03	30	07	00	0	0.91	|	orig=027 inHg|Local time: 0700|QC flag: low value|Image File: YorkFactory_USSS-314_M1958_1880-03-01_OBS-2.jpg
1880	03	30	14	00	0	2.34	|	orig=069 inHg|Local time: 1400|QC flag: low value|Image File: YorkFactory_USSS-314_M1958_1880-03-01_OBS-2.jpg
1880	03	30	21	00	0	1.49	|	orig=044 inHg|Local time: 2100|QC flag: low value|Image File: YorkFactory_USSS-314_M1958_1880-03-01_OBS-2.jpg
1880	03	31	07	00	0	1.35	|	orig=040 inHg|Local time: 0700|QC flag: low value|Image File: YorkFactory_USSS-314_M1958_1880-03-01_OBS-2.jpg
1880	03	31	14	00	0	2.84	|	orig=084 inHg|Local time: 1400|QC flag: low value|Image File: YorkFactory_USSS-314_M1958_1880-03-01_OBS-2.jpg
1880	03	31	21	00	0	2.44	|	orig=072 inHg|Local time: 2100|QC flag: low value|Image File: YorkFactory_USSS-314_M1958_1880-03-01_OBS-2.jpg
1880	04	01	07	00	0	1.35	|	orig=040 inHg|Local time: 0700|QC flag: low value|Image File: YorkFactory_USSS-314_M1958_1880-04-01_OBS-2.jpg
1880	04	01	14	00	0	1.96	|	orig=058 inHg|Local time: 1400|QC flag: low value|Image File: YorkFactory_USSS-314_M1958_1880-04-01_OBS-2.jpg
1880	04	01	21	00	0	1.56	|	orig=046 inHg|Local time: 2100|QC flag: low value|Image File: YorkFactory_USSS-314_M1958_1880-04-01_OBS-2.jpg
1880	04	02	07	00	0	1.15	|	orig=034 inHg|Local time: 0700|QC flag: low value|Image File: YorkFactory_USSS-314_M1958_1880-04-01_OBS-2.jpg
1880	04	02	14	00	0	1.93	|	orig=057 inHg|Local time: 1400|QC flag: low value|Image File: YorkFactory_USSS-314_M1958_1880-04-01_OBS-2.jpg
1880	04	02	21	00	0	1.56	|	orig=046 inHg|Local time: 2100|QC flag: low value|Image File: YorkFactory_USSS-314_M1958_1880-04-01_OBS-2.jpg
1880	04	03	07	00	0	1.56	|	orig=046 inHg|Local time: 0700|QC flag: low value|Image File: YorkFactory_USSS-314_M1958_1880-04-01_OBS-2.jpg
1880	04	03	14	00	0	1.83	|	orig=054 inHg|Local time: 1400|QC flag: low value|Image File: YorkFactory_USSS-314_M1958_1880-04-01_OBS-2.jpg
1880	04	03	21	00	0	1.08	|	orig=032 inHg|Local time: 2100|QC flag: low value|Image File: YorkFactory_USSS-314_M1958_1880-04-01_OBS-2.jpg
1880	04	04	07	00	0	0.71	|	orig=021 inHg|Local time: 0700|QC flag: low value|Image File: YorkFactory_USSS-314_M1958_1880-04-01_OBS-2.jpg
1880	04	04	14	00	0	2.24	|	orig=066 inHg|Local time: 1400|QC flag: low value|Image File: YorkFactory_USSS-314_M1958_1880-04-01_OBS-2.jpg
1880	04	04	21	00	0	1.22	|	orig=036 inHg|Local time: 2100|QC flag: low value|Image File: YorkFactory_USSS-314_M1958_1880-04-01_OBS-2.jpg
1880	04	05	07	00	0	0.41	|	orig=012 inHg|Local time: 0700|QC flag: low value|Image File: YorkFactory_USSS-314_M1958_1880-04-01_OBS-2.jpg
1880	04	05	14	00	0	2.00	|	orig=059 inHg|Local time: 1400|QC flag: low value|Image File: YorkFactory_USSS-314_M1958_1880-04-01_OBS-2.jpg
1880	04	05	21	00	0	1.42	|	orig=042 inHg|Local time: 2100|QC flag: low value|Image File: YorkFactory_USSS-314_M1958_1880-04-01_OBS-2.jpg
1880	04	06	07	00	0	0.98	|	orig=029 inHg|Local time: 0700|QC flag: low value|Image File: YorkFactory_USSS-314_M1958_1880-04-01_OBS-2.jpg
1880	04	06	14	00	0	2.24	|	orig=066 inHg|Local time: 1400|QC flag: low value|Image File: YorkFactory_USSS-314_M1958_1880-04-01_OBS-2.jpg
1880	04	06	21	00	0	1.35	|	orig=040 inHg|Local time: 2100|QC flag: low value|Image File: YorkFactory_USSS-314_M1958_1880-04-01_OBS-2.jpg
1880	04	07	07	00	0	1.42	|	orig=042 inHg|Local time: 0700|QC flag: low value|Image File: YorkFactory_USSS-314_M1958_1880-04-01_OBS-2.jpg
1880	04	07	14	00	0	4.77	|	orig=141 inHg|Local time: 1400|QC flag: low value|Image File: YorkFactory_USSS-314_M1958_1880-04-01_OBS-2.jpg
1880	04	07	21	00	0	4.17	|	orig=123 inHg|Local time: 2100|QC flag: low value|Image File: YorkFactory_USSS-314_M1958_1880-04-01_OBS-2.jpg
1880	04	08	07	00	0	5.01	|	orig=148 inHg|Local time: 0700|QC flag: low value|Image File: YorkFactory_USSS-314_M1958_1880-04-01_OBS-2.jpg
1880	04	08	14	00	0	8.74	|	orig=258 inHg|Local time: 1400|QC flag: none|Image File: YorkFactory_USSS-314_M1958_1880-04-01_OBS-2.jpg
1880	04	08	21	00	0	8.16	|	orig=241 inHg|Local time: 2100|QC flag: none|Image File: YorkFactory_USSS-314_M1958_1880-04-01_OBS-2.jpg
1880	04	09	07	00	0	5.08	|	orig=150 inHg|Local time: 0700|QC flag: low value|Image File: YorkFactory_USSS-314_M1958_1880-04-01_OBS-2.jpg
1880	04	09	14	00	0	3.89	|	orig=115 inHg|Local time: 1400|QC flag: low value|Image File: YorkFactory_USSS-314_M1958_1880-04-01_OBS-2.jpg
1880	04	09	21	00	0	3.76	|	orig=111 inHg|Local time: 2100|QC flag: low value|Image File: YorkFactory_USSS-314_M1958_1880-04-01_OBS-2.jpg
1880	04	10	07	00	0	3.12	|	orig=092 inHg|Local time: 0700|QC flag: low value|Image File: YorkFactory_USSS-314_M1958_1880-04-01_OBS-2.jpg
1880	04	10	14	00	0	2.34	|	orig=069 inHg|Local time: 1400|QC flag: low value|Image File: YorkFactory_USSS-314_M1958_1880-04-01_OBS-2.jpg
1880	04	10	21	00	0	1.49	|	orig=044 inHg|Local time: 2100|QC flag: low value|Image File: YorkFactory_USSS-314_M1958_1880-04-01_OBS-2.jpg
1880	04	11	07	00	0	0.98	|	orig=029 inHg|Local time: 0700|QC flag: low value|Image File: YorkFactory_USSS-314_M1958_1880-04-01_OBS-2.jpg
1880	04	11	14	00	0	1.42	|	orig=042 inHg|Local time: 1400|QC flag: low value|Image File: YorkFactory_USSS-314_M1958_1880-04-01_OBS-2.jpg
1880	04	11	21	00	0	1.32	|	orig=039 inHg|Local time: 2100|QC flag: low value|Image File: YorkFactory_USSS-314_M1958_1880-04-01_OBS-2.jpg
1880	04	12	07	00	0	0.64	|	orig=019 inHg|Local time: 0700|QC flag: low value|Image File: YorkFactory_USSS-314_M1958_1880-04-01_OBS-2.jpg
1880	04	12	14	00	0	1.22	|	orig=036 inHg|Local time: 1400|QC flag: low value|Image File: YorkFactory_USSS-314_M1958_1880-04-01_OBS-2.jpg
1880	04	12	21	00	0	0.91	|	orig=027 inHg|Local time: 2100|QC flag: low value|Image File: YorkFactory_USSS-314_M1958_1880-04-01_OBS-2.jpg
1880	04	13	07	00	0	0.61	|	orig=018 inHg|Local time: 0700|QC flag: low value|Image File: YorkFactory_USSS-314_M1958_1880-04-01_OBS-2.jpg
1880	04	13	14	00	0	1.15	|	orig=034 inHg|Local time: 1400|QC flag: low value|Image File: YorkFactory_USSS-314_M1958_1880-04-01_OBS-2.jpg
1880	04	13	21	00	0	1.02	|	orig=030 inHg|Local time: 2100|QC flag: low value|Image File: YorkFactory_USSS-314_M1958_1880-04-01_OBS-2.jpg
1880	04	14	07	00	0	0.64	|	orig=019 inHg|Local time: 0700|QC flag: low value|Image File: YorkFactory_USSS-314_M1958_1880-04-01_OBS-2.jpg
1880	04	14	14	00	0	1.56	|	orig=046 inHg|Local time: 1400|QC flag: low value|Image File: YorkFactory_USSS-314_M1958_1880-04-01_OBS-2.jpg
1880	04	14	21	00	0	1.35	|	orig=040 inHg|Local time: 2100|QC flag: low value|Image File: YorkFactory_USSS-314_M1958_1880-04-01_OBS-2.jpg
1880	04	15	07	00	0	0.78	|	orig=023 inHg|Local time: 0700|QC flag: low value|Image File: YorkFactory_USSS-314_M1958_1880-04-01_OBS-2.jpg
1880	04	15	14	00	0	2.57	|	orig=076 inHg|Local time: 1400|QC flag: low value|Image File: YorkFactory_USSS-314_M1958_1880-04-01_OBS-2.jpg
1880	04	15	21	00	0	1.83	|	orig=054 inHg|Local time: 2100|QC flag: low value|Image File: YorkFactory_USSS-314_M1958_1880-04-01_OBS-2.jpg
1880	04	16	07	00	0	0.98	|	orig=029 inHg|Local time: 0700|QC flag: low value|Image File: YorkFactory_USSS-314_M1958_1880-04-01_OBS-2.jpg
1880	04	16	14	00	0	4.57	|	orig=135 inHg|Local time: 1400|QC flag: low value|Image File: YorkFactory_USSS-314_M1958_1880-04-01_OBS-2.jpg
1880	04	16	21	00	0	3.62	|	orig=107 inHg|Local time: 2100|QC flag: low value|Image File: YorkFactory_USSS-314_M1958_1880-04-01_OBS-2.jpg
1880	04	17	07	00	0	1.56	|	orig=046 inHg|Local time: 0700|QC flag: low value|Image File: YorkFactory_USSS-314_M1958_1880-04-01_OBS-2.jpg
1880	04	17	14	00	0	5.22	|	orig=154 inHg|Local time: 1400|QC flag: low value|Image File: YorkFactory_USSS-314_M1958_1880-04-01_OBS-2.jpg
1880	04	17	21	00	0	3.79	|	orig=112 inHg|Local time: 2100|QC flag: low value|Image File: YorkFactory_USSS-314_M1958_1880-04-01_OBS-2.jpg
1880	04	18	07	00	0	1.49	|	orig=044 inHg|Local time: 0700|QC flag: low value|Image File: YorkFactory_USSS-314_M1958_1880-04-01_OBS-2.jpg
1880	04	18	14	00	0	5.01	|	orig=148 inHg|Local time: 1400|QC flag: low value|Image File: YorkFactory_USSS-314_M1958_1880-04-01_OBS-2.jpg
1880	04	18	21	00	0	4.37	|	orig=129 inHg|Local time: 2100|QC flag: low value|Image File: YorkFactory_USSS-314_M1958_1880-04-01_OBS-2.jpg
1880	04	19	07	00	0	1.22	|	orig=036 inHg|Local time: 0700|QC flag: low value|Image File: YorkFactory_USSS-314_M1958_1880-04-01_OBS-2.jpg
1880	04	19	14	00	0	5.45	|	orig=161 inHg|Local time: 1400|QC flag: low value|Image File: YorkFactory_USSS-314_M1958_1880-04-01_OBS-2.jpg
1880	04	19	21	00	0	4.37	|	orig=129 inHg|Local time: 2100|QC flag: low value|Image File: YorkFactory_USSS-314_M1958_1880-04-01_OBS-2.jpg
1880	04	20	07	00	0	1.25	|	orig=037 inHg|Local time: 0700|QC flag: low value|Image File: YorkFactory_USSS-314_M1958_1880-04-01_OBS-2.jpg
1880	04	20	14	00	0	4.57	|	orig=135 inHg|Local time: 1400|QC flag: low value|Image File: YorkFactory_USSS-314_M1958_1880-04-01_OBS-2.jpg
1880	04	20	21	00	0	4.00	|	orig=118 inHg|Local time: 2100|QC flag: low value|Image File: YorkFactory_USSS-314_M1958_1880-04-01_OBS-2.jpg
1880	04	21	07	00	0	1.32	|	orig=039 inHg|Local time: 0700|QC flag: low value|Image File: YorkFactory_USSS-314_M1958_1880-04-01_OBS-2.jpg
1880	04	21	14	00	0	4.17	|	orig=123 inHg|Local time: 1400|QC flag: low value|Image File: YorkFactory_USSS-314_M1958_1880-04-01_OBS-2.jpg
1880	04	21	21	00	0	3.15	|	orig=093 inHg|Local time: 2100|QC flag: low value|Image File: YorkFactory_USSS-314_M1958_1880-04-01_OBS-2.jpg
1880	04	22	07	00	0	1.49	|	orig=044 inHg|Local time: 0700|QC flag: low value|Image File: YorkFactory_USSS-314_M1958_1880-04-01_OBS-2.jpg
1880	04	22	14	00	0	4.37	|	orig=129 inHg|Local time: 1400|QC flag: low value|Image File: YorkFactory_USSS-314_M1958_1880-04-01_OBS-2.jpg
1880	04	22	21	00	0	2.98	|	orig=088 inHg|Local time: 2100|QC flag: low value|Image File: YorkFactory_USSS-314_M1958_1880-04-01_OBS-2.jpg
1880	04	23	07	00	0	1.73	|	orig=051 inHg|Local time: 0700|QC flag: low value|Image File: YorkFactory_USSS-314_M1958_1880-04-01_OBS-2.jpg
1880	04	23	14	00	0	5.69	|	orig=168 inHg|Local time: 1400|QC flag: low value|Image File: YorkFactory_USSS-314_M1958_1880-04-01_OBS-2.jpg
1880	04	23	21	00	0	4.77	|	orig=141 inHg|Local time: 2100|QC flag: low value|Image File: YorkFactory_USSS-314_M1958_1880-04-01_OBS-2.jpg
1880	04	24	07	00	0	1.83	|	orig=054 inHg|Local time: 0700|QC flag: low value|Image File: YorkFactory_USSS-314_M1958_1880-04-01_OBS-2.jpg
1880	04	24	14	00	0	5.45	|	orig=161 inHg|Local time: 1400|QC flag: low value|Image File: YorkFactory_USSS-314_M1958_1880-04-01_OBS-2.jpg
1880	04	24	21	00	0	4.57	|	orig=135 inHg|Local time: 2100|QC flag: low value|Image File: YorkFactory_USSS-314_M1958_1880-04-01_OBS-2.jpg
1880	04	25	07	00	0	4.17	|	orig=123 inHg|Local time: 0700|QC flag: low value|Image File: YorkFactory_USSS-314_M1958_1880-04-01_OBS-2.jpg
1880	04	25	14	00	0	5.49	|	orig=162 inHg|Local time: 1400|QC flag: low value|Image File: YorkFactory_USSS-314_M1958_1880-04-01_OBS-2.jpg
1880	04	25	21	00	0	2.24	|	orig=066 inHg|Local time: 2100|QC flag: low value|Image File: YorkFactory_USSS-314_M1958_1880-04-01_OBS-2.jpg
1880	04	26	07	00	0	1.35	|	orig=040 inHg|Local time: 0700|QC flag: low value|Image File: YorkFactory_USSS-314_M1958_1880-04-01_OBS-2.jpg
1880	04	26	14	00	0	2.10	|	orig=062 inHg|Local time: 1400|QC flag: low value|Image File: YorkFactory_USSS-314_M1958_1880-04-01_OBS-2.jpg
1880	04	26	21	00	0	1.56	|	orig=046 inHg|Local time: 2100|QC flag: low value|Image File: YorkFactory_USSS-314_M1958_1880-04-01_OBS-2.jpg
1880	04	27	07	00	0	1.22	|	orig=036 inHg|Local time: 0700|QC flag: low value|Image File: YorkFactory_USSS-314_M1958_1880-04-01_OBS-2.jpg
1880	04	27	14	00	0	2.84	|	orig=084 inHg|Local time: 1400|QC flag: low value|Image File: YorkFactory_USSS-314_M1958_1880-04-01_OBS-2.jpg
1880	04	27	21	00	0	1.93	|	orig=057 inHg|Local time: 2100|QC flag: low value|Image File: YorkFactory_USSS-314_M1958_1880-04-01_OBS-2.jpg
1880	04	28	07	00	0	1.15	|	orig=034 inHg|Local time: 0700|QC flag: low value|Image File: YorkFactory_USSS-314_M1958_1880-04-01_OBS-2.jpg
1880	04	28	14	00	0	3.28	|	orig=097 inHg|Local time: 1400|QC flag: low value|Image File: YorkFactory_USSS-314_M1958_1880-04-01_OBS-2.jpg
1880	04	28	21	00	0	3.45	|	orig=102 inHg|Local time: 2100|QC flag: low value|Image File: YorkFactory_USSS-314_M1958_1880-04-01_OBS-2.jpg
1880	04	29	07	00	0	1.83	|	orig=054 inHg|Local time: 0700|QC flag: low value|Image File: YorkFactory_USSS-314_M1958_1880-04-01_OBS-2.jpg
1880	04	29	14	00	0	5.69	|	orig=168 inHg|Local time: 1400|QC flag: low value|Image File: YorkFactory_USSS-314_M1958_1880-04-01_OBS-2.jpg
1880	04	29	21	00	0	4.17	|	orig=123 inHg|Local time: 2100|QC flag: low value|Image File: YorkFactory_USSS-314_M1958_1880-04-01_OBS-2.jpg
1880	04	30	07	00	0	2.00	|	orig=059 inHg|Local time: 0700|QC flag: low value|Image File: YorkFactory_USSS-314_M1958_1880-04-01_OBS-2.jpg
1880	04	30	14	00	0	5.72	|	orig=169 inHg|Local time: 1400|QC flag: low value|Image File: YorkFactory_USSS-314_M1958_1880-04-01_OBS-2.jpg
1880	04	30	21	00	0	3.62	|	orig=107 inHg|Local time: 2100|QC flag: low value|Image File: YorkFactory_USSS-314_M1958_1880-04-01_OBS-2.jpg
1880	05	01	07	00	0	1.66	|	orig=.049 inHg|Local time: 0700|QC flag: low value|Image File: YorkFactory_USSS-314_M1958_1880-05-01_OBS-2.jpg
1880	05	01	14	00	0	5.45	|	orig=.161 inHg|Local time: 1400|QC flag: low value|Image File: YorkFactory_USSS-314_M1958_1880-05-01_OBS-2.jpg
1880	05	01	21	00	0	4.17	|	orig=.123 inHg|Local time: 2100|QC flag: low value|Image File: YorkFactory_USSS-314_M1958_1880-05-01_OBS-2.jpg
1880	05	02	07	00	0	2.00	|	orig=.059 inHg|Local time: 0700|QC flag: low value|Image File: YorkFactory_USSS-314_M1958_1880-05-01_OBS-2.jpg
1880	05	02	14	00	0	6.16	|	orig=.182 inHg|Local time: 1400|QC flag: low value|Image File: YorkFactory_USSS-314_M1958_1880-05-01_OBS-2.jpg
1880	05	02	21	00	0	4.77	|	orig=.141 inHg|Local time: 2100|QC flag: low value|Image File: YorkFactory_USSS-314_M1958_1880-05-01_OBS-2.jpg
1880	05	03	07	00	0	2.24	|	orig=.066 inHg|Local time: 0700|QC flag: low value|Image File: YorkFactory_USSS-314_M1958_1880-05-01_OBS-2.jpg
1880	05	03	14	00	0	5.72	|	orig=.169 inHg|Local time: 1400|QC flag: low value|Image File: YorkFactory_USSS-314_M1958_1880-05-01_OBS-2.jpg
1880	05	03	21	00	0	4.77	|	orig=.141 inHg|Local time: 2100|QC flag: low value|Image File: YorkFactory_USSS-314_M1958_1880-05-01_OBS-2.jpg
1880	05	04	07	00	0	2.57	|	orig=.076 inHg|Local time: 0700|QC flag: low value|Image File: YorkFactory_USSS-314_M1958_1880-05-01_OBS-2.jpg
1880	05	04	14	00	0	6.16	|	orig=.182 inHg|Local time: 1400|QC flag: low value|Image File: YorkFactory_USSS-314_M1958_1880-05-01_OBS-2.jpg
1880	05	04	21	00	0	5.01	|	orig=.148 inHg|Local time: 2100|QC flag: low value|Image File: YorkFactory_USSS-314_M1958_1880-05-01_OBS-2.jpg
1880	05	05	07	00	0	2.84	|	orig=.084 inHg|Local time: 0700|QC flag: low value|Image File: YorkFactory_USSS-314_M1958_1880-05-01_OBS-2.jpg
1880	05	05	14	00	0	5.93	|	orig=.175 inHg|Local time: 1400|QC flag: low value|Image File: YorkFactory_USSS-314_M1958_1880-05-01_OBS-2.jpg
1880	05	05	21	00	0	5.22	|	orig=.154 inHg|Local time: 2100|QC flag: low value|Image File: YorkFactory_USSS-314_M1958_1880-05-01_OBS-2.jpg
1880	05	06	07	00	0	3.45	|	orig=.102 inHg|Local time: 0700|QC flag: low value|Image File: YorkFactory_USSS-314_M1958_1880-05-01_OBS-2.jpg
1880	05	06	14	00	0	5.93	|	orig=.175 inHg|Local time: 1400|QC flag: low value|Image File: YorkFactory_USSS-314_M1958_1880-05-01_OBS-2.jpg
1880	05	06	21	00	0	5.01	|	orig=.148 inHg|Local time: 2100|QC flag: low value|Image File: YorkFactory_USSS-314_M1958_1880-05-01_OBS-2.jpg
1880	05	07	07	00	0	3.79	|	orig=.112 inHg|Local time: 0700|QC flag: low value|Image File: YorkFactory_USSS-314_M1958_1880-05-01_OBS-2.jpg
1880	05	07	14	00	0	6.23	|	orig=.184 inHg|Local time: 1400|QC flag: low value|Image File: YorkFactory_USSS-314_M1958_1880-05-01_OBS-2.jpg
1880	05	07	21	00	0	4.98	|	orig=.147 inHg|Local time: 2100|QC flag: low value|Image File: YorkFactory_USSS-314_M1958_1880-05-01_OBS-2.jpg
1880	05	08	07	00	0	4.47	|	orig=.132 inHg|Local time: 0700|QC flag: low value|Image File: YorkFactory_USSS-314_M1958_1880-05-01_OBS-2.jpg
1880	05	08	14	00	0	5.93	|	orig=.175 inHg|Local time: 1400|QC flag: low value|Image File: YorkFactory_USSS-314_M1958_1880-05-01_OBS-2.jpg
1880	05	08	21	00	0	5.01	|	orig=.148 inHg|Local time: 2100|QC flag: low value|Image File: YorkFactory_USSS-314_M1958_1880-05-01_OBS-2.jpg
1880	05	09	07	00	0	5.01	|	orig=.148 inHg|Local time: 0700|QC flag: low value|Image File: YorkFactory_USSS-314_M1958_1880-05-01_OBS-2.jpg
1880	05	09	14	00	0	6.03	|	orig=.178 inHg|Local time: 1400|QC flag: low value|Image File: YorkFactory_USSS-314_M1958_1880-05-01_OBS-2.jpg
1880	05	09	21	00	0	5.22	|	orig=.154 inHg|Local time: 2100|QC flag: low value|Image File: YorkFactory_USSS-314_M1958_1880-05-01_OBS-2.jpg
1880	05	10	07	00	0	4.57	|	orig=.135 inHg|Local time: 0700|QC flag: low value|Image File: YorkFactory_USSS-314_M1958_1880-05-01_OBS-2.jpg
1880	05	10	14	00	0	6.16	|	orig=.182 inHg|Local time: 1400|QC flag: low value|Image File: YorkFactory_USSS-314_M1958_1880-05-01_OBS-2.jpg
1880	05	10	21	00	0	5.55	|	orig=.164 inHg|Local time: 2100|QC flag: low value|Image File: YorkFactory_USSS-314_M1958_1880-05-01_OBS-2.jpg
1880	05	11	07	00	0	4.77	|	orig=.141 inHg|Local time: 0700|QC flag: low value|Image File: YorkFactory_USSS-314_M1958_1880-05-01_OBS-2.jpg
1880	05	11	14	00	0	5.93	|	orig=.175 inHg|Local time: 1400|QC flag: low value|Image File: YorkFactory_USSS-314_M1958_1880-05-01_OBS-2.jpg
1880	05	11	21	00	0	5.01	|	orig=.148 inHg|Local time: 2100|QC flag: low value|Image File: YorkFactory_USSS-314_M1958_1880-05-01_OBS-2.jpg
1880	05	12	07	00	0	4.47	|	orig=.132 inHg|Local time: 0700|QC flag: low value|Image File: YorkFactory_USSS-314_M1958_1880-05-01_OBS-2.jpg
1880	05	12	14	00	0	5.69	|	orig=.168 inHg|Local time: 1400|QC flag: low value|Image File: YorkFactory_USSS-314_M1958_1880-05-01_OBS-2.jpg
1880	05	12	21	00	0	5.72	|	orig=.169 inHg|Local time: 2100|QC flag: low value|Image File: YorkFactory_USSS-314_M1958_1880-05-01_OBS-2.jpg
1880	05	13	07	00	0	6.81	|	orig=.201 inHg|Local time: 0700|QC flag: none|Image File: YorkFactory_USSS-314_M1958_1880-05-01_OBS-2.jpg
1880	05	13	14	00	0	9.41	|	orig=.278 inHg|Local time: 1400|QC flag: none|Image File: YorkFactory_USSS-314_M1958_1880-05-01_OBS-2.jpg
1880	05	13	21	00	0	9.48	|	orig=.280 inHg|Local time: 2100|QC flag: none|Image File: YorkFactory_USSS-314_M1958_1880-05-01_OBS-2.jpg
1880	05	14	07	00	0	9.55	|	orig=.282 inHg|Local time: 0700|QC flag: none|Image File: YorkFactory_USSS-314_M1958_1880-05-01_OBS-2.jpg
1880	05	14	14	00	0	11.55	|	orig=.341 inHg|Local time: 1400|QC flag: none|Image File: YorkFactory_USSS-314_M1958_1880-05-01_OBS-2.jpg
1880	05	14	21	00	0	10.70	|	orig=.316 inHg|Local time: 2100|QC flag: none|Image File: YorkFactory_USSS-314_M1958_1880-05-01_OBS-2.jpg
1880	05	15	07	00	0	5.69	|	orig=.168 inHg|Local time: 0700|QC flag: low value|Image File: YorkFactory_USSS-314_M1958_1880-05-01_OBS-2.jpg
1880	05	15	14	00	0	6.20	|	orig=.183 inHg|Local time: 1400|QC flag: low value|Image File: YorkFactory_USSS-314_M1958_1880-05-01_OBS-2.jpg
1880	05	15	21	00	0	6.16	|	orig=.182 inHg|Local time: 2100|QC flag: low value|Image File: YorkFactory_USSS-314_M1958_1880-05-01_OBS-2.jpg
1880	05	16	07	00	0	5.45	|	orig=.161 inHg|Local time: 0700|QC flag: low value|Image File: YorkFactory_USSS-314_M1958_1880-05-01_OBS-2.jpg
1880	05	16	14	00	0	6.06	|	orig=.179 inHg|Local time: 1400|QC flag: low value|Image File: YorkFactory_USSS-314_M1958_1880-05-01_OBS-2.jpg
1880	05	16	21	00	0	5.93	|	orig=.175 inHg|Local time: 2100|QC flag: low value|Image File: YorkFactory_USSS-314_M1958_1880-05-01_OBS-2.jpg
1880	05	17	07	00	0	5.59	|	orig=.165 inHg|Local time: 0700|QC flag: low value|Image File: YorkFactory_USSS-314_M1958_1880-05-01_OBS-2.jpg
1880	05	17	14	00	0	6.16	|	orig=.182 inHg|Local time: 1400|QC flag: low value|Image File: YorkFactory_USSS-314_M1958_1880-05-01_OBS-2.jpg
1880	05	17	21	00	0	5.69	|	orig=.168 inHg|Local time: 2100|QC flag: low value|Image File: YorkFactory_USSS-314_M1958_1880-05-01_OBS-2.jpg
1880	05	18	07	00	0	5.22	|	orig=.154 inHg|Local time: 0700|QC flag: low value|Image File: YorkFactory_USSS-314_M1958_1880-05-01_OBS-2.jpg
1880	05	18	14	00	0	6.03	|	orig=.178 inHg|Local time: 1400|QC flag: low value|Image File: YorkFactory_USSS-314_M1958_1880-05-01_OBS-2.jpg
1880	05	18	21	00	0	5.45	|	orig=.161 inHg|Local time: 2100|QC flag: low value|Image File: YorkFactory_USSS-314_M1958_1880-05-01_OBS-2.jpg
1880	05	19	07	00	0	5.01	|	orig=.148 inHg|Local time: 0700|QC flag: low value|Image File: YorkFactory_USSS-314_M1958_1880-05-01_OBS-2.jpg
1880	05	19	14	00	0	4.37	|	orig=.129 inHg|Local time: 1400|QC flag: low value|Image File: YorkFactory_USSS-314_M1958_1880-05-01_OBS-2.jpg
1880	05	19	21	00	0	3.79	|	orig=.112 inHg|Local time: 2100|QC flag: low value|Image File: YorkFactory_USSS-314_M1958_1880-05-01_OBS-2.jpg
1880	05	20	07	00	0	3.62	|	orig=.107 inHg|Local time: 0700|QC flag: low value|Image File: YorkFactory_USSS-314_M1958_1880-05-01_OBS-2.jpg
1880	05	20	14	00	0	5.93	|	orig=.175 inHg|Local time: 1400|QC flag: low value|Image File: YorkFactory_USSS-314_M1958_1880-05-01_OBS-2.jpg
1880	05	20	21	00	0	5.89	|	orig=.174 inHg|Local time: 2100|QC flag: low value|Image File: YorkFactory_USSS-314_M1958_1880-05-01_OBS-2.jpg
1880	05	21	07	00	0	6.03	|	orig=178 inHg|Local time: 0700|QC flag: low value|Image File: YorkFactory_USSS-314_M1958_1880-05-01_OBS-2.jpg
1880	05	21	14	00	0	6.23	|	orig=.184 inHg|Local time: 1400|QC flag: low value|Image File: YorkFactory_USSS-314_M1958_1880-05-01_OBS-2.jpg
1880	05	21	21	00	0	6.13	|	orig=.181 inHg|Local time: 2100|QC flag: low value|Image File: YorkFactory_USSS-314_M1958_1880-05-01_OBS-2.jpg
1880	05	22	07	00	0	5.22	|	orig=.154 inHg|Local time: 0700|QC flag: low value|Image File: YorkFactory_USSS-314_M1958_1880-05-01_OBS-2.jpg
1880	05	22	14	00	0	7.25	|	orig=.214 inHg|Local time: 1400|QC flag: none|Image File: YorkFactory_USSS-314_M1958_1880-05-01_OBS-2.jpg
1880	05	22	21	00	0	6.03	|	orig=.178 inHg|Local time: 2100|QC flag: low value|Image File: YorkFactory_USSS-314_M1958_1880-05-01_OBS-2.jpg
1880	05	23	07	00	0	6.94	|	orig=.205 inHg|Local time: 0700|QC flag: none|Image File: YorkFactory_USSS-314_M1958_1880-05-01_OBS-2.jpg
1880	05	23	14	00	0	13.99	|	orig=.413 inHg|Local time: 1400|QC flag: none|Image File: YorkFactory_USSS-314_M1958_1880-05-01_OBS-2.jpg
1880	05	23	21	00	0	11.11	|	orig=.328 inHg|Local time: 2100|QC flag: none|Image File: YorkFactory_USSS-314_M1958_1880-05-01_OBS-2.jpg
1880	05	24	07	00	0	7.55	|	orig=.223 inHg|Local time: 0700|QC flag: none|Image File: YorkFactory_USSS-314_M1958_1880-05-01_OBS-2.jpg
1880	05	24	14	00	0	12.02	|	orig=.355 inHg|Local time: 1400|QC flag: none|Image File: YorkFactory_USSS-314_M1958_1880-05-01_OBS-2.jpg
1880	05	24	21	00	0	10.67	|	orig=.315 inHg|Local time: 2100|QC flag: none|Image File: YorkFactory_USSS-314_M1958_1880-05-01_OBS-2.jpg
1880	05	25	07	00	0	6.40	|	orig=.189 inHg|Local time: 0700|QC flag: low value|Image File: YorkFactory_USSS-314_M1958_1880-05-01_OBS-2.jpg
1880	05	25	14	00	0	10.67	|	orig=.315 inHg|Local time: 1400|QC flag: none|Image File: YorkFactory_USSS-314_M1958_1880-05-01_OBS-2.jpg
1880	05	25	21	00	0	8.16	|	orig=.241 inHg|Local time: 2100|QC flag: none|Image File: YorkFactory_USSS-314_M1958_1880-05-01_OBS-2.jpg
1880	05	26	07	00	0	5.69	|	orig=.168 inHg|Local time: 0700|QC flag: low value|Image File: YorkFactory_USSS-314_M1958_1880-05-01_OBS-2.jpg
1880	05	26	14	00	0	7.62	|	orig=.225 inHg|Local time: 1400|QC flag: none|Image File: YorkFactory_USSS-314_M1958_1880-05-01_OBS-2.jpg
1880	05	26	21	00	0	6.94	|	orig=.205 inHg|Local time: 2100|QC flag: none|Image File: YorkFactory_USSS-314_M1958_1880-05-01_OBS-2.jpg
1880	05	27	07	00	0	5.59	|	orig=.165 inHg|Local time: 0700|QC flag: low value|Image File: YorkFactory_USSS-314_M1958_1880-05-01_OBS-2.jpg
1880	05	27	14	00	0	6.40	|	orig=.189 inHg|Local time: 1400|QC flag: low value|Image File: YorkFactory_USSS-314_M1958_1880-05-01_OBS-2.jpg
1880	05	27	21	00	0	5.69	|	orig=.168 inHg|Local time: 2100|QC flag: low value|Image File: YorkFactory_USSS-314_M1958_1880-05-01_OBS-2.jpg
1880	05	28	07	00	0	5.93	|	orig=.175 inHg|Local time: 0700|QC flag: low value|Image File: YorkFactory_USSS-314_M1958_1880-05-01_OBS-2.jpg
1880	05	28	14	00	0	9.85	|	orig=.291 inHg|Local time: 1400|QC flag: none|Image File: YorkFactory_USSS-314_M1958_1880-05-01_OBS-2.jpg
1880	05	28	21	00	0	7.55	|	orig=.223 inHg|Local time: 2100|QC flag: none|Image File: YorkFactory_USSS-314_M1958_1880-05-01_OBS-2.jpg
1880	05	29	07	00	0	6.16	|	orig=.182 inHg|Local time: 0700|QC flag: low value|Image File: YorkFactory_USSS-314_M1958_1880-05-01_OBS-2.jpg
1880	05	29	14	00	0	7.25	|	orig=.214 inHg|Local time: 1400|QC flag: none|Image File: YorkFactory_USSS-314_M1958_1880-05-01_OBS-2.jpg
1880	05	29	21	00	0	6.40	|	orig=.189 inHg|Local time: 2100|QC flag: low value|Image File: YorkFactory_USSS-314_M1958_1880-05-01_OBS-2.jpg
1880	05	30	07	00	0	6.26	|	orig=.185 inHg|Local time: 0700|QC flag: low value|Image File: YorkFactory_USSS-314_M1958_1880-05-01_OBS-2.jpg
1880	05	30	14	00	0	6.37	|	orig=.188 inHg|Local time: 1400|QC flag: low value|Image File: YorkFactory_USSS-314_M1958_1880-05-01_OBS-2.jpg
1880	05	30	21	00	0	5.99	|	orig=.177 inHg|Local time: 2100|QC flag: low value|Image File: YorkFactory_USSS-314_M1958_1880-05-01_OBS-2.jpg
1880	05	31	07	00	0	5.08	|	orig=.150 inHg|Local time: 0700|QC flag: low value|Image File: YorkFactory_USSS-314_M1958_1880-05-01_OBS-2.jpg
1880	05	31	14	00	0	5.93	|	orig=.175 inHg|Local time: 1400|QC flag: low value|Image File: YorkFactory_USSS-314_M1958_1880-05-01_OBS-2.jpg
1880	05	31	21	00	0	5.45	|	orig=.161 inHg|Local time: 2100|QC flag: low value|Image File: YorkFactory_USSS-314_M1958_1880-05-01_OBS-2.jpg
1880	06	01	07	00	0	4.91	|	orig=145 inHg|Local time: 0700|QC flag: low value|Image File: YorkFactory_USSS-314_M1958_1880-06-01_OBS-2.jpg
1880	06	01	14	00	0	6.40	|	orig=189 inHg|Local time: 1400|QC flag: low value|Image File: YorkFactory_USSS-314_M1958_1880-06-01_OBS-2.jpg
1880	06	01	21	00	0	5.69	|	orig=168 inHg|Local time: 2100|QC flag: low value|Image File: YorkFactory_USSS-314_M1958_1880-06-01_OBS-2.jpg
1880	06	02	07	00	0	5.69	|	orig=168 inHg|Local time: 0700|QC flag: low value|Image File: YorkFactory_USSS-314_M1958_1880-06-01_OBS-2.jpg
1880	06	02	14	00	0	6.16	|	orig=182 inHg|Local time: 1400|QC flag: low value|Image File: YorkFactory_USSS-314_M1958_1880-06-01_OBS-2.jpg
1880	06	02	21	00	0	5.69	|	orig=168 inHg|Local time: 2100|QC flag: low value|Image File: YorkFactory_USSS-314_M1958_1880-06-01_OBS-2.jpg
1880	06	03	07	00	0	5.45	|	orig=161 inHg|Local time: 0700|QC flag: low value|Image File: YorkFactory_USSS-314_M1958_1880-06-01_OBS-2.jpg
1880	06	03	14	00	0	6.94	|	orig=205 inHg|Local time: 1400|QC flag: none|Image File: YorkFactory_USSS-314_M1958_1880-06-01_OBS-2.jpg
1880	06	03	21	00	0	6.16	|	orig=182 inHg|Local time: 2100|QC flag: low value|Image File: YorkFactory_USSS-314_M1958_1880-06-01_OBS-2.jpg
1880	06	04	07	00	0	5.55	|	orig=164 inHg|Local time: 0700|QC flag: low value|Image File: YorkFactory_USSS-314_M1958_1880-06-01_OBS-2.jpg
1880	06	04	14	00	0	6.67	|	orig=197 inHg|Local time: 1400|QC flag: low value|Image File: YorkFactory_USSS-314_M1958_1880-06-01_OBS-2.jpg
1880	06	04	21	00	0	6.40	|	orig=189 inHg|Local time: 2100|QC flag: low value|Image File: YorkFactory_USSS-314_M1958_1880-06-01_OBS-2.jpg
1880	06	05	07	00	0	6.16	|	orig=182 inHg|Local time: 0700|QC flag: low value|Image File: YorkFactory_USSS-314_M1958_1880-06-01_OBS-2.jpg
1880	06	05	14	00	0	7.79	|	orig=230 inHg|Local time: 1400|QC flag: none|Image File: YorkFactory_USSS-314_M1958_1880-06-01_OBS-2.jpg
1880	06	05	21	00	0	6.16	|	orig=182 inHg|Local time: 2100|QC flag: low value|Image File: YorkFactory_USSS-314_M1958_1880-06-01_OBS-2.jpg
1880	06	06	07	00	0	5.69	|	orig=168 inHg|Local time: 0700|QC flag: low value|Image File: YorkFactory_USSS-314_M1958_1880-06-01_OBS-2.jpg
1880	06	06	14	00	0	7.11	|	orig=210 inHg|Local time: 1400|QC flag: none|Image File: YorkFactory_USSS-314_M1958_1880-06-01_OBS-2.jpg
1880	06	06	21	00	0	6.40	|	orig=189 inHg|Local time: 2100|QC flag: low value|Image File: YorkFactory_USSS-314_M1958_1880-06-01_OBS-2.jpg
1880	06	07	07	00	0	5.93	|	orig=175 inHg|Local time: 0700|QC flag: low value|Image File: YorkFactory_USSS-314_M1958_1880-06-01_OBS-2.jpg
1880	06	07	14	00	0	7.72	|	orig=228 inHg|Local time: 1400|QC flag: none|Image File: YorkFactory_USSS-314_M1958_1880-06-01_OBS-2.jpg
1880	06	07	21	00	0	8.36	|	orig=247 inHg|Local time: 2100|QC flag: none|Image File: YorkFactory_USSS-314_M1958_1880-06-01_OBS-2.jpg
1880	06	08	07	00	0	11.11	|	orig=328 inHg|Local time: 0700|QC flag: none|Image File: YorkFactory_USSS-314_M1958_1880-06-01_OBS-2.jpg
1880	06	08	14	00	0	17.03	|	orig=503 inHg|Local time: 1400|QC flag: none|Image File: YorkFactory_USSS-314_M1958_1880-06-01_OBS-2.jpg
1880	06	08	21	00	0	14.16	|	orig=418 inHg|Local time: 2100|QC flag: none|Image File: YorkFactory_USSS-314_M1958_1880-06-01_OBS-2.jpg
1880	06	09	07	00	0	7.72	|	orig=228 inHg|Local time: 0700|QC flag: none|Image File: YorkFactory_USSS-314_M1958_1880-06-01_OBS-2.jpg
1880	06	09	14	00	0	7.42	|	orig=219 inHg|Local time: 1400|QC flag: none|Image File: YorkFactory_USSS-314_M1958_1880-06-01_OBS-2.jpg
1880	06	09	21	00	0	6.16	|	orig=182 inHg|Local time: 2100|QC flag: low value|Image File: YorkFactory_USSS-314_M1958_1880-06-01_OBS-2.jpg
1880	06	10	07	00	0	5.69	|	orig=168 inHg|Local time: 0700|QC flag: low value|Image File: YorkFactory_USSS-314_M1958_1880-06-01_OBS-2.jpg
1880	06	10	14	00	0	6.94	|	orig=205 inHg|Local time: 1400|QC flag: none|Image File: YorkFactory_USSS-314_M1958_1880-06-01_OBS-2.jpg
1880	06	10	21	00	0	6.16	|	orig=182 inHg|Local time: 2100|QC flag: low value|Image File: YorkFactory_USSS-314_M1958_1880-06-01_OBS-2.jpg
1880	06	11	07	00	0	5.82	|	orig=172 inHg|Local time: 0700|QC flag: low value|Image File: YorkFactory_USSS-314_M1958_1880-06-01_OBS-2.jpg
1880	06	11	14	00	0	6.40	|	orig=189 inHg|Local time: 1400|QC flag: low value|Image File: YorkFactory_USSS-314_M1958_1880-06-01_OBS-2.jpg
1880	06	11	21	00	0	5.93	|	orig=175 inHg|Local time: 2100|QC flag: low value|Image File: YorkFactory_USSS-314_M1958_1880-06-01_OBS-2.jpg
1880	06	12	07	00	0	5.55	|	orig=164 inHg|Local time: 0700|QC flag: low value|Image File: YorkFactory_USSS-314_M1958_1880-06-01_OBS-2.jpg
1880	06	12	14	00	0	7.11	|	orig=210 inHg|Local time: 1400|QC flag: none|Image File: YorkFactory_USSS-314_M1958_1880-06-01_OBS-2.jpg
1880	06	12	21	00	0	7.42	|	orig=219 inHg|Local time: 2100|QC flag: none|Image File: YorkFactory_USSS-314_M1958_1880-06-01_OBS-2.jpg
1880	06	13	07	00	0	7.55	|	orig=223 inHg|Local time: 0700|QC flag: none|Image File: YorkFactory_USSS-314_M1958_1880-06-01_OBS-2.jpg
1880	06	13	14	00	0	12.56	|	orig=371 inHg|Local time: 1400|QC flag: none|Image File: YorkFactory_USSS-314_M1958_1880-06-01_OBS-2.jpg
1880	06	13	21	00	0	12.02	|	orig=355 inHg|Local time: 2100|QC flag: none|Image File: YorkFactory_USSS-314_M1958_1880-06-01_OBS-2.jpg
1880	06	14	07	00	0	9.48	|	orig=280 inHg|Local time: 0700|QC flag: none|Image File: YorkFactory_USSS-314_M1958_1880-06-01_OBS-2.jpg
1880	06	14	14	00	0	11.89	|	orig=351 inHg|Local time: 1400|QC flag: none|Image File: YorkFactory_USSS-314_M1958_1880-06-01_OBS-2.jpg
1880	06	14	21	00	0	13.55	|	orig=400 inHg|Local time: 2100|QC flag: none|Image File: YorkFactory_USSS-314_M1958_1880-06-01_OBS-2.jpg
1880	06	15	07	00	0	10.67	|	orig=315 inHg|Local time: 0700|QC flag: none|Image File: YorkFactory_USSS-314_M1958_1880-06-01_OBS-2.jpg
1880	06	15	14	00	0	13.61	|	orig=402 inHg|Local time: 1400|QC flag: none|Image File: YorkFactory_USSS-314_M1958_1880-06-01_OBS-2.jpg
1880	06	15	21	00	0	17.68	|	orig=522 inHg|Local time: 2100|QC flag: none|Image File: YorkFactory_USSS-314_M1958_1880-06-01_OBS-2.jpg
1880	06	16	07	00	0	12.46	|	orig=368 inHg|Local time: 0700|QC flag: none|Image File: YorkFactory_USSS-314_M1958_1880-06-01_OBS-2.jpg
1880	06	16	14	00	0	19.13	|	orig=565 inHg|Local time: 1400|QC flag: none|Image File: YorkFactory_USSS-314_M1958_1880-06-01_OBS-2.jpg
1880	06	16	21	00	0	23.16	|	orig=684 inHg|Local time: 2100|QC flag: none|Image File: YorkFactory_USSS-314_M1958_1880-06-01_OBS-2.jpg
1880	06	17	07	00	0	15.68	|	orig=463 inHg|Local time: 0700|QC flag: none|Image File: YorkFactory_USSS-314_M1958_1880-06-01_OBS-2.jpg
1880	06	17	14	00	0	17.74	|	orig=524 inHg|Local time: 1400|QC flag: none|Image File: YorkFactory_USSS-314_M1958_1880-06-01_OBS-2.jpg
1880	06	17	21	00	0	22.52	|	orig=665 inHg|Local time: 2100|QC flag: none|Image File: YorkFactory_USSS-314_M1958_1880-06-01_OBS-2.jpg
1880	06	18	07	00	0	15.95	|	orig=471 inHg|Local time: 0700|QC flag: none|Image File: YorkFactory_USSS-314_M1958_1880-06-01_OBS-2.jpg
1880	06	18	14	00	0	17.24	|	orig=509 inHg|Local time: 1400|QC flag: none|Image File: YorkFactory_USSS-314_M1958_1880-06-01_OBS-2.jpg
1880	06	18	21	00	0	21.13	|	orig=624 inHg|Local time: 2100|QC flag: none|Image File: YorkFactory_USSS-314_M1958_1880-06-01_OBS-2.jpg
1880	06	19	07	00	0	13.99	|	orig=413 inHg|Local time: 0700|QC flag: none|Image File: YorkFactory_USSS-314_M1958_1880-06-01_OBS-2.jpg
1880	06	19	14	00	0	10.70	|	orig=316 inHg|Local time: 1400|QC flag: none|Image File: YorkFactory_USSS-314_M1958_1880-06-01_OBS-2.jpg
1880	06	19	21	00	0	9.55	|	orig=282 inHg|Local time: 2100|QC flag: none|Image File: YorkFactory_USSS-314_M1958_1880-06-01_OBS-2.jpg
1880	06	20	07	00	0	8.87	|	orig=262 inHg|Local time: 0700|QC flag: none|Image File: YorkFactory_USSS-314_M1958_1880-06-01_OBS-2.jpg
1880	06	20	14	00	0	15.68	|	orig=463 inHg|Local time: 1400|QC flag: none|Image File: YorkFactory_USSS-314_M1958_1880-06-01_OBS-2.jpg
1880	06	20	21	00	0	13.92	|	orig=411 inHg|Local time: 2100|QC flag: none|Image File: YorkFactory_USSS-314_M1958_1880-06-01_OBS-2.jpg
1880	06	21	07	00	0	10.70	|	orig=316 inHg|Local time: 0700|QC flag: none|Image File: YorkFactory_USSS-314_M1958_1880-06-01_OBS-2.jpg
1880	06	21	14	00	0	17.71	|	orig=523 inHg|Local time: 1400|QC flag: none|Image File: YorkFactory_USSS-314_M1958_1880-06-01_OBS-2.jpg
1880	06	21	21	00	0	16.42	|	orig=485 inHg|Local time: 2100|QC flag: none|Image File: YorkFactory_USSS-314_M1958_1880-06-01_OBS-2.jpg
1880	06	22	07	00	0	11.99	|	orig=354 inHg|Local time: 0700|QC flag: none|Image File: YorkFactory_USSS-314_M1958_1880-06-01_OBS-2.jpg
1880	06	22	14	00	0	19.30	|	orig=570 inHg|Local time: 1400|QC flag: none|Image File: YorkFactory_USSS-314_M1958_1880-06-01_OBS-2.jpg
1880	06	22	21	00	0	16.86	|	orig=498 inHg|Local time: 2100|QC flag: none|Image File: YorkFactory_USSS-314_M1958_1880-06-01_OBS-2.jpg
1880	06	23	07	00	0	10.29	|	orig=304 inHg|Local time: 0700|QC flag: none|Image File: YorkFactory_USSS-314_M1958_1880-06-01_OBS-2.jpg
1880	06	23	14	00	0	20.25	|	orig=598 inHg|Local time: 1400|QC flag: none|Image File: YorkFactory_USSS-314_M1958_1880-06-01_OBS-2.jpg
1880	06	23	21	00	0	18.15	|	orig=536 inHg|Local time: 2100|QC flag: none|Image File: YorkFactory_USSS-314_M1958_1880-06-01_OBS-2.jpg
1880	06	24	07	00	0	8.80	|	orig=260 inHg|Local time: 0700|QC flag: none|Image File: YorkFactory_USSS-314_M1958_1880-06-01_OBS-2.jpg
1880	06	24	14	00	0	17.68	|	orig=522 inHg|Local time: 1400|QC flag: none|Image File: YorkFactory_USSS-314_M1958_1880-06-01_OBS-2.jpg
1880	06	24	21	00	0	12.94	|	orig=382 inHg|Local time: 2100|QC flag: none|Image File: YorkFactory_USSS-314_M1958_1880-06-01_OBS-2.jpg
1880	06	25	07	00	0	9.55	|	orig=282 inHg|Local time: 0700|QC flag: none|Image File: YorkFactory_USSS-314_M1958_1880-06-01_OBS-2.jpg
1880	06	25	14	00	0	16.86	|	orig=498 inHg|Local time: 1400|QC flag: none|Image File: YorkFactory_USSS-314_M1958_1880-06-01_OBS-2.jpg
1880	06	25	21	00	0	15.54	|	orig=459 inHg|Local time: 2100|QC flag: none|Image File: YorkFactory_USSS-314_M1958_1880-06-01_OBS-2.jpg
1880	06	26	07	00	0	12.94	|	orig=382 inHg|Local time: 0700|QC flag: none|Image File: YorkFactory_USSS-314_M1958_1880-06-01_OBS-2.jpg
1880	06	26	14	00	0	15.68	|	orig=463 inHg|Local time: 1400|QC flag: none|Image File: YorkFactory_USSS-314_M1958_1880-06-01_OBS-2.jpg
1880	06	26	21	00	0	12.46	|	orig=368 inHg|Local time: 2100|QC flag: none|Image File: YorkFactory_USSS-314_M1958_1880-06-01_OBS-2.jpg
1880	06	27	07	00	0	11.14	|	orig=329 inHg|Local time: 0700|QC flag: none|Image File: YorkFactory_USSS-314_M1958_1880-06-01_OBS-2.jpg
1880	06	27	14	00	0	15.54	|	orig=459 inHg|Local time: 1400|QC flag: none|Image File: YorkFactory_USSS-314_M1958_1880-06-01_OBS-2.jpg
1880	06	27	21	00	0	13.92	|	orig=411 inHg|Local time: 2100|QC flag: none|Image File: YorkFactory_USSS-314_M1958_1880-06-01_OBS-2.jpg
1880	06	28	07	00	0	9.55	|	orig=282 inHg|Local time: 0700|QC flag: none|Image File: YorkFactory_USSS-314_M1958_1880-06-01_OBS-2.jpg
1880	06	28	14	00	0	23.67	|	orig=699 inHg|Local time: 1400|QC flag: none|Image File: YorkFactory_USSS-314_M1958_1880-06-01_OBS-2.jpg
1880	06	28	21	00	0	22.05	|	orig=651 inHg|Local time: 2100|QC flag: none|Image File: YorkFactory_USSS-314_M1958_1880-06-01_OBS-2.jpg
1880	06	29	07	00	0	17.51	|	orig=517 inHg|Local time: 0700|QC flag: none|Image File: YorkFactory_USSS-314_M1958_1880-06-01_OBS-2.jpg
1880	06	29	14	00	0	19.03	|	orig=562 inHg|Local time: 1400|QC flag: none|Image File: YorkFactory_USSS-314_M1958_1880-06-01_OBS-2.jpg
1880	06	29	21	00	0	20.52	|	orig=606 inHg|Local time: 2100|QC flag: none|Image File: YorkFactory_USSS-314_M1958_1880-06-01_OBS-2.jpg
1880	06	30	07	00	0	18.83	|	orig=556 inHg|Local time: 0700|QC flag: none|Image File: YorkFactory_USSS-314_M1958_1880-06-01_OBS-2.jpg
1880	06	30	14	00	0	19.57	|	orig=578 inHg|Local time: 1400|QC flag: none|Image File: YorkFactory_USSS-314_M1958_1880-06-01_OBS-2.jpg
1880	06	30	21	00	0	19.07	|	orig=563 inHg|Local time: 2100|QC flag: none|Image File: YorkFactory_USSS-314_M1958_1880-06-01_OBS-2.jpg
1880	07	01	07	00	0	17.51	|	orig=517 inHg|Local time: 0700|QC flag: none|Image File: YorkFactory_USSS-314_M1958_1880-07-01_OBS-2.jpg
1880	07	01	14	00	0	22.18	|	orig=655 inHg|Local time: 1400|QC flag: none|Image File: YorkFactory_USSS-314_M1958_1880-07-01_OBS-2.jpg
1880	07	01	21	00	0	16.63	|	orig=491 inHg|Local time: 2100|QC flag: none|Image File: YorkFactory_USSS-314_M1958_1880-07-01_OBS-2.jpg
1880	07	02	07	00	0	12.90	|	orig=381 inHg|Local time: 0700|QC flag: none|Image File: YorkFactory_USSS-314_M1958_1880-07-01_OBS-2.jpg
1880	07	02	14	00	0	12.94	|	orig=382 inHg|Local time: 1400|QC flag: none|Image File: YorkFactory_USSS-314_M1958_1880-07-01_OBS-2.jpg
1880	07	02	21	00	0	11.55	|	orig=341 inHg|Local time: 2100|QC flag: none|Image File: YorkFactory_USSS-314_M1958_1880-07-01_OBS-2.jpg
1880	07	03	07	00	0	8.16	|	orig=241 inHg|Local time: 0700|QC flag: none|Image File: YorkFactory_USSS-314_M1958_1880-07-01_OBS-2.jpg
1880	07	03	14	00	0	11.14	|	orig=329 inHg|Local time: 1400|QC flag: none|Image File: YorkFactory_USSS-314_M1958_1880-07-01_OBS-2.jpg
1880	07	03	21	00	0	9.92	|	orig=293 inHg|Local time: 2100|QC flag: none|Image File: YorkFactory_USSS-314_M1958_1880-07-01_OBS-2.jpg
1880	07	04	07	00	0	10.70	|	orig=316 inHg|Local time: 0700|QC flag: none|Image File: YorkFactory_USSS-314_M1958_1880-07-01_OBS-2.jpg
1880	07	04	14	00	0	15.51	|	orig=458 inHg|Local time: 1400|QC flag: none|Image File: YorkFactory_USSS-314_M1958_1880-07-01_OBS-2.jpg
1880	07	04	21	00	0	15.58	|	orig=460 inHg|Local time: 2100|QC flag: none|Image File: YorkFactory_USSS-314_M1958_1880-07-01_OBS-2.jpg
1880	07	05	07	00	0	8.80	|	orig=260 inHg|Local time: 0700|QC flag: none|Image File: YorkFactory_USSS-314_M1958_1880-07-01_OBS-2.jpg
1880	07	05	14	00	0	14.97	|	orig=442 inHg|Local time: 1400|QC flag: none|Image File: YorkFactory_USSS-314_M1958_1880-07-01_OBS-2.jpg
1880	07	05	21	00	0	13.41	|	orig=396 inHg|Local time: 2100|QC flag: none|Image File: YorkFactory_USSS-314_M1958_1880-07-01_OBS-2.jpg
1880	07	06	07	00	0	12.46	|	orig=368 inHg|Local time: 0700|QC flag: none|Image File: YorkFactory_USSS-314_M1958_1880-07-01_OBS-2.jpg
1880	07	06	14	00	0	13.24	|	orig=391 inHg|Local time: 1400|QC flag: none|Image File: YorkFactory_USSS-314_M1958_1880-07-01_OBS-2.jpg
1880	07	06	21	00	0	16.02	|	orig=473 inHg|Local time: 2100|QC flag: none|Image File: YorkFactory_USSS-314_M1958_1880-07-01_OBS-2.jpg
1880	07	07	07	00	0	12.94	|	orig=382 inHg|Local time: 0700|QC flag: none|Image File: YorkFactory_USSS-314_M1958_1880-07-01_OBS-2.jpg
1880	07	07	14	00	0	20.96	|	orig=619 inHg|Local time: 1400|QC flag: none|Image File: YorkFactory_USSS-314_M1958_1880-07-01_OBS-2.jpg
1880	07	07	21	00	0	19.74	|	orig=583 inHg|Local time: 2100|QC flag: none|Image File: YorkFactory_USSS-314_M1958_1880-07-01_OBS-2.jpg
1880	07	08	07	00	0	16.25	|	orig=480 inHg|Local time: 0700|QC flag: none|Image File: YorkFactory_USSS-314_M1958_1880-07-01_OBS-2.jpg
1880	07	08	14	00	0	17.74	|	orig=524 inHg|Local time: 1400|QC flag: none|Image File: YorkFactory_USSS-314_M1958_1880-07-01_OBS-2.jpg
1880	07	08	21	00	0	15.95	|	orig=471 inHg|Local time: 2100|QC flag: none|Image File: YorkFactory_USSS-314_M1958_1880-07-01_OBS-2.jpg
1880	07	09	07	00	0	14.53	|	orig=429 inHg|Local time: 0700|QC flag: none|Image File: YorkFactory_USSS-314_M1958_1880-07-01_OBS-2.jpg
1880	07	09	14	00	0	13.17	|	orig=389 inHg|Local time: 1400|QC flag: none|Image File: YorkFactory_USSS-314_M1958_1880-07-01_OBS-2.jpg
1880	07	09	21	00	0	16.25	|	orig=480 inHg|Local time: 2100|QC flag: none|Image File: YorkFactory_USSS-314_M1958_1880-07-01_OBS-2.jpg
1880	07	10	07	00	0	13.92	|	orig=411 inHg|Local time: 0700|QC flag: none|Image File: YorkFactory_USSS-314_M1958_1880-07-01_OBS-2.jpg
1880	07	10	14	00	0	14.16	|	orig=418 inHg|Local time: 1400|QC flag: none|Image File: YorkFactory_USSS-314_M1958_1880-07-01_OBS-2.jpg
1880	07	10	21	00	0	15.81	|	orig=467 inHg|Local time: 2100|QC flag: none|Image File: YorkFactory_USSS-314_M1958_1880-07-01_OBS-2.jpg
1880	07	11	07	00	0	12.94	|	orig=382 inHg|Local time: 0700|QC flag: none|Image File: YorkFactory_USSS-314_M1958_1880-07-01_OBS-2.jpg
1880	07	11	14	00	0	12.63	|	orig=373 inHg|Local time: 1400|QC flag: none|Image File: YorkFactory_USSS-314_M1958_1880-07-01_OBS-2.jpg
1880	07	11	21	00	0	12.97	|	orig=383 inHg|Local time: 2100|QC flag: none|Image File: YorkFactory_USSS-314_M1958_1880-07-01_OBS-2.jpg
1880	07	12	07	00	0	12.46	|	orig=368 inHg|Local time: 0700|QC flag: none|Image File: YorkFactory_USSS-314_M1958_1880-07-01_OBS-2.jpg
1880	07	12	14	00	0	13.41	|	orig=396 inHg|Local time: 1400|QC flag: none|Image File: YorkFactory_USSS-314_M1958_1880-07-01_OBS-2.jpg
1880	07	12	21	00	0	14.53	|	orig=429 inHg|Local time: 2100|QC flag: none|Image File: YorkFactory_USSS-314_M1958_1880-07-01_OBS-2.jpg
1880	07	13	07	00	0	11.99	|	orig=354 inHg|Local time: 0700|QC flag: none|Image File: YorkFactory_USSS-314_M1958_1880-07-01_OBS-2.jpg
1880	07	13	14	00	0	13.04	|	orig=385 inHg|Local time: 1400|QC flag: none|Image File: YorkFactory_USSS-314_M1958_1880-07-01_OBS-2.jpg
1880	07	13	21	00	0	12.94	|	orig=382 inHg|Local time: 2100|QC flag: none|Image File: YorkFactory_USSS-314_M1958_1880-07-01_OBS-2.jpg
1880	07	14	07	00	0	8.16	|	orig=241 inHg|Local time: 0700|QC flag: none|Image File: YorkFactory_USSS-314_M1958_1880-07-01_OBS-2.jpg
1880	07	14	14	00	0	10.29	|	orig=304 inHg|Local time: 1400|QC flag: none|Image File: YorkFactory_USSS-314_M1958_1880-07-01_OBS-2.jpg
1880	07	14	21	00	0	9.18	|	orig=271 inHg|Local time: 2100|QC flag: none|Image File: YorkFactory_USSS-314_M1958_1880-07-01_OBS-2.jpg
1880	07	15	07	00	0	8.87	|	orig=262 inHg|Local time: 0700|QC flag: none|Image File: YorkFactory_USSS-314_M1958_1880-07-01_OBS-2.jpg
1880	07	15	14	00	0	10.67	|	orig=315 inHg|Local time: 1400|QC flag: none|Image File: YorkFactory_USSS-314_M1958_1880-07-01_OBS-2.jpg
1880	07	15	21	00	0	12.02	|	orig=355 inHg|Local time: 2100|QC flag: none|Image File: YorkFactory_USSS-314_M1958_1880-07-01_OBS-2.jpg
1880	07	16	07	00	0	13.99	|	orig=413 inHg|Local time: 0700|QC flag: none|Image File: YorkFactory_USSS-314_M1958_1880-07-01_OBS-2.jpg
1880	07	16	14	00	0	13.24	|	orig=391 inHg|Local time: 1400|QC flag: none|Image File: YorkFactory_USSS-314_M1958_1880-07-01_OBS-2.jpg
1880	07	16	21	00	0	15.95	|	orig=471 inHg|Local time: 2100|QC flag: none|Image File: YorkFactory_USSS-314_M1958_1880-07-01_OBS-2.jpg
1880	07	17	07	00	0	16.86	|	orig=498 inHg|Local time: 0700|QC flag: none|Image File: YorkFactory_USSS-314_M1958_1880-07-01_OBS-2.jpg
1880	07	17	14	00	0	12.26	|	orig=362 inHg|Local time: 1400|QC flag: none|Image File: YorkFactory_USSS-314_M1958_1880-07-01_OBS-2.jpg
1880	07	17	21	00	0	21.13	|	orig=624 inHg|Local time: 2100|QC flag: none|Image File: YorkFactory_USSS-314_M1958_1880-07-01_OBS-2.jpg
1880	07	18	07	00	0	16.42	|	orig=485 inHg|Local time: 0700|QC flag: none|Image File: YorkFactory_USSS-314_M1958_1880-07-01_OBS-2.jpg
1880	07	18	14	00	0	13.61	|	orig=402 inHg|Local time: 1400|QC flag: none|Image File: YorkFactory_USSS-314_M1958_1880-07-01_OBS-2.jpg
1880	07	18	21	00	0	17.03	|	orig=503 inHg|Local time: 2100|QC flag: none|Image File: YorkFactory_USSS-314_M1958_1880-07-01_OBS-2.jpg
1880	07	19	07	00	0	17.03	|	orig=503 inHg|Local time: 0700|QC flag: none|Image File: YorkFactory_USSS-314_M1958_1880-07-01_OBS-2.jpg
1880	07	19	14	00	0	12.50	|	orig=369 inHg|Local time: 1400|QC flag: none|Image File: YorkFactory_USSS-314_M1958_1880-07-01_OBS-2.jpg
1880	07	19	21	00	0	16.59	|	orig=490 inHg|Local time: 2100|QC flag: none|Image File: YorkFactory_USSS-314_M1958_1880-07-01_OBS-2.jpg
1880	07	20	07	00	0	16.59	|	orig=490 inHg|Local time: 0700|QC flag: none|Image File: YorkFactory_USSS-314_M1958_1880-07-01_OBS-2.jpg
1880	07	20	14	00	0	18.63	|	orig=550 inHg|Local time: 1400|QC flag: none|Image File: YorkFactory_USSS-314_M1958_1880-07-01_OBS-2.jpg
1880	07	20	21	00	0	17.47	|	orig=516 inHg|Local time: 2100|QC flag: none|Image File: YorkFactory_USSS-314_M1958_1880-07-01_OBS-2.jpg
1880	07	21	07	00	0	17.03	|	orig=503 inHg|Local time: 0700|QC flag: none|Image File: YorkFactory_USSS-314_M1958_1880-07-01_OBS-2.jpg
1880	07	21	14	00	0	13.24	|	orig=391 inHg|Local time: 1400|QC flag: none|Image File: YorkFactory_USSS-314_M1958_1880-07-01_OBS-2.jpg
1880	07	21	21	00	0	16.15	|	orig=477 inHg|Local time: 2100|QC flag: none|Image File: YorkFactory_USSS-314_M1958_1880-07-01_OBS-2.jpg
1880	07	22	07	00	0	16.42	|	orig=485 inHg|Local time: 0700|QC flag: none|Image File: YorkFactory_USSS-314_M1958_1880-07-01_OBS-2.jpg
1880	07	22	14	00	0	23.16	|	orig=684 inHg|Local time: 1400|QC flag: none|Image File: YorkFactory_USSS-314_M1958_1880-07-01_OBS-2.jpg
1880	07	22	21	00	0	23.23	|	orig=686 inHg|Local time: 2100|QC flag: none|Image File: YorkFactory_USSS-314_M1958_1880-07-01_OBS-2.jpg
1880	07	23	07	00	0	15.88	|	orig=469 inHg|Local time: 0700|QC flag: none|Image File: YorkFactory_USSS-314_M1958_1880-07-01_OBS-2.jpg
1880	07	23	14	00	0	20.49	|	orig=605 inHg|Local time: 1400|QC flag: none|Image File: YorkFactory_USSS-314_M1958_1880-07-01_OBS-2.jpg
1880	07	23	21	00	0	23.67	|	orig=699 inHg|Local time: 2100|QC flag: none|Image File: YorkFactory_USSS-314_M1958_1880-07-01_OBS-2.jpg
1880	07	24	07	00	0	19.07	|	orig=563 inHg|Local time: 0700|QC flag: none|Image File: YorkFactory_USSS-314_M1958_1880-07-01_OBS-2.jpg
1880	07	24	14	00	0	9.55	|	orig=282 inHg|Local time: 1400|QC flag: none|Image File: YorkFactory_USSS-314_M1958_1880-07-01_OBS-2.jpg
1880	07	24	21	00	0	8.80	|	orig=260 inHg|Local time: 2100|QC flag: none|Image File: YorkFactory_USSS-314_M1958_1880-07-01_OBS-2.jpg
1880	07	25	07	00	0	10.70	|	orig=316 inHg|Local time: 0700|QC flag: none|Image File: YorkFactory_USSS-314_M1958_1880-07-01_OBS-2.jpg
1880	07	25	14	00	0	18.15	|	orig=536 inHg|Local time: 1400|QC flag: none|Image File: YorkFactory_USSS-314_M1958_1880-07-01_OBS-2.jpg
1880	07	25	21	00	0	15.10	|	orig=446 inHg|Local time: 2100|QC flag: none|Image File: YorkFactory_USSS-314_M1958_1880-07-01_OBS-2.jpg
1880	07	26	07	00	0	14.97	|	orig=442 inHg|Local time: 0700|QC flag: none|Image File: YorkFactory_USSS-314_M1958_1880-07-01_OBS-2.jpg
1880	07	26	14	00	0	14.32	|	orig=423 inHg|Local time: 1400|QC flag: none|Image File: YorkFactory_USSS-314_M1958_1880-07-01_OBS-2.jpg
1880	07	26	21	00	0	12.97	|	orig=383 inHg|Local time: 2100|QC flag: none|Image File: YorkFactory_USSS-314_M1958_1880-07-01_OBS-2.jpg
1880	07	27	07	00	0	11.14	|	orig=329 inHg|Local time: 0700|QC flag: none|Image File: YorkFactory_USSS-314_M1958_1880-07-01_OBS-2.jpg
1880	07	27	14	00	0	17.30	|	orig=511 inHg|Local time: 1400|QC flag: none|Image File: YorkFactory_USSS-314_M1958_1880-07-01_OBS-2.jpg
1880	07	27	21	00	0	14.97	|	orig=442 inHg|Local time: 2100|QC flag: none|Image File: YorkFactory_USSS-314_M1958_1880-07-01_OBS-2.jpg
1880	07	28	07	00	0	10.70	|	orig=316 inHg|Local time: 0700|QC flag: none|Image File: YorkFactory_USSS-314_M1958_1880-07-01_OBS-2.jpg
1880	07	28	14	00	0	14.39	|	orig=425 inHg|Local time: 1400|QC flag: none|Image File: YorkFactory_USSS-314_M1958_1880-07-01_OBS-2.jpg
1880	07	28	21	00	0	12.43	|	orig=367 inHg|Local time: 2100|QC flag: none|Image File: YorkFactory_USSS-314_M1958_1880-07-01_OBS-2.jpg
1880	07	29	07	00	0	8.80	|	orig=260 inHg|Local time: 0700|QC flag: none|Image File: YorkFactory_USSS-314_M1958_1880-07-01_OBS-2.jpg
1880	07	29	14	00	0	11.99	|	orig=354 inHg|Local time: 1400|QC flag: none|Image File: YorkFactory_USSS-314_M1958_1880-07-01_OBS-2.jpg
1880	07	29	21	00	0	11.14	|	orig=329 inHg|Local time: 2100|QC flag: none|Image File: YorkFactory_USSS-314_M1958_1880-07-01_OBS-2.jpg
1880	07	30	07	00	0	8.16	|	orig=241 inHg|Local time: 0700|QC flag: none|Image File: YorkFactory_USSS-314_M1958_1880-07-01_OBS-2.jpg
1880	07	30	14	00	0	16.42	|	orig=485 inHg|Local time: 1400|QC flag: none|Image File: YorkFactory_USSS-314_M1958_1880-07-01_OBS-2.jpg
1880	07	30	21	00	0	13.99	|	orig=413 inHg|Local time: 2100|QC flag: none|Image File: YorkFactory_USSS-314_M1958_1880-07-01_OBS-2.jpg
1880	07	31	07	00	0	12.46	|	orig=368 inHg|Local time: 0700|QC flag: none|Image File: YorkFactory_USSS-314_M1958_1880-07-01_OBS-2.jpg
1880	07	31	14	00	0	15.51	|	orig=458 inHg|Local time: 1400|QC flag: none|Image File: YorkFactory_USSS-314_M1958_1880-07-01_OBS-2.jpg
1880	07	31	21	00	0	13.92	|	orig=411 inHg|Local time: 2100|QC flag: none|Image File: YorkFactory_USSS-314_M1958_1880-07-01_OBS-2.jpg
1880	08	01	07	00	0	11.99	|	orig=354 inHg|Local time: 0700|QC flag: none|Image File: YorkFactory_USSS-314_M1958_1880-08-01_OBS-2.jpg
1880	08	01	14	00	0	18.15	|	orig=536 inHg|Local time: 1400|QC flag: none|Image File: YorkFactory_USSS-314_M1958_1880-08-01_OBS-2.jpg
1880	08	01	21	00	0	16.86	|	orig=498 inHg|Local time: 2100|QC flag: none|Image File: YorkFactory_USSS-314_M1958_1880-08-01_OBS-2.jpg
1880	08	02	07	00	0	11.55	|	orig=341 inHg|Local time: 0700|QC flag: none|Image File: YorkFactory_USSS-314_M1958_1880-08-01_OBS-2.jpg
1880	08	02	14	00	0	17.91	|	orig=529 inHg|Local time: 1400|QC flag: none|Image File: YorkFactory_USSS-314_M1958_1880-08-01_OBS-2.jpg
1880	08	02	21	00	0	15.68	|	orig=463 inHg|Local time: 2100|QC flag: none|Image File: YorkFactory_USSS-314_M1958_1880-08-01_OBS-2.jpg
1880	08	03	07	00	0	11.14	|	orig=329 inHg|Local time: 0700|QC flag: none|Image File: YorkFactory_USSS-314_M1958_1880-08-01_OBS-2.jpg
1880	08	03	14	00	0	20.05	|	orig=592 inHg|Local time: 1400|QC flag: none|Image File: YorkFactory_USSS-314_M1958_1880-08-01_OBS-2.jpg
1880	08	03	21	00	0	17.30	|	orig=511 inHg|Local time: 2100|QC flag: none|Image File: YorkFactory_USSS-314_M1958_1880-08-01_OBS-2.jpg
1880	08	04	07	00	0	9.55	|	orig=282 inHg|Local time: 0700|QC flag: none|Image File: YorkFactory_USSS-314_M1958_1880-08-01_OBS-2.jpg
1880	08	04	14	00	0	18.69	|	orig=552 inHg|Local time: 1400|QC flag: none|Image File: YorkFactory_USSS-314_M1958_1880-08-01_OBS-2.jpg
1880	08	04	21	00	0	16.86	|	orig=498 inHg|Local time: 2100|QC flag: none|Image File: YorkFactory_USSS-314_M1958_1880-08-01_OBS-2.jpg
1880	08	05	07	00	0	8.57	|	orig=253 inHg|Local time: 0700|QC flag: none|Image File: YorkFactory_USSS-314_M1958_1880-08-01_OBS-2.jpg
1880	08	05	14	00	0	14.97	|	orig=442 inHg|Local time: 1400|QC flag: none|Image File: YorkFactory_USSS-314_M1958_1880-08-01_OBS-2.jpg
1880	08	05	21	00	0	13.41	|	orig=396 inHg|Local time: 2100|QC flag: none|Image File: YorkFactory_USSS-314_M1958_1880-08-01_OBS-2.jpg
1880	08	06	07	00	0	9.18	|	orig=271 inHg|Local time: 0700|QC flag: none|Image File: YorkFactory_USSS-314_M1958_1880-08-01_OBS-2.jpg
1880	08	06	14	00	0	10.70	|	orig=316 inHg|Local time: 1400|QC flag: none|Image File: YorkFactory_USSS-314_M1958_1880-08-01_OBS-2.jpg
1880	08	06	21	00	0	9.55	|	orig=282 inHg|Local time: 2100|QC flag: none|Image File: YorkFactory_USSS-314_M1958_1880-08-01_OBS-2.jpg
1880	08	07	07	00	0	8.50	|	orig=251 inHg|Local time: 0700|QC flag: none|Image File: YorkFactory_USSS-314_M1958_1880-08-01_OBS-2.jpg
1880	08	07	14	00	0	14.53	|	orig=429 inHg|Local time: 1400|QC flag: none|Image File: YorkFactory_USSS-314_M1958_1880-08-01_OBS-2.jpg
1880	08	07	21	00	0	13.92	|	orig=411 inHg|Local time: 2100|QC flag: none|Image File: YorkFactory_USSS-314_M1958_1880-08-01_OBS-2.jpg
1880	08	08	07	00	0	10.29	|	orig=304 inHg|Local time: 0700|QC flag: none|Image File: YorkFactory_USSS-314_M1958_1880-08-01_OBS-2.jpg
1880	08	08	14	00	0	14.09	|	orig=416 inHg|Local time: 1400|QC flag: none|Image File: YorkFactory_USSS-314_M1958_1880-08-01_OBS-2.jpg
1880	08	08	21	00	0	13.99	|	orig=413 inHg|Local time: 2100|QC flag: none|Image File: YorkFactory_USSS-314_M1958_1880-08-01_OBS-2.jpg
1880	08	09	07	00	0	9.55	|	orig=282 inHg|Local time: 0700|QC flag: none|Image File: YorkFactory_USSS-314_M1958_1880-08-01_OBS-2.jpg
1880	08	09	14	00	0	9.85	|	orig=291 inHg|Local time: 1400|QC flag: none|Image File: YorkFactory_USSS-314_M1958_1880-08-01_OBS-2.jpg
1880	08	09	21	00	0	9.92	|	orig=293 inHg|Local time: 2100|QC flag: none|Image File: YorkFactory_USSS-314_M1958_1880-08-01_OBS-2.jpg
1880	08	10	07	00	0	11.55	|	orig=341 inHg|Local time: 0700|QC flag: none|Image File: YorkFactory_USSS-314_M1958_1880-08-01_OBS-2.jpg
1880	08	10	14	00	0	20.52	|	orig=606 inHg|Local time: 1400|QC flag: none|Image File: YorkFactory_USSS-314_M1958_1880-08-01_OBS-2.jpg
1880	08	10	21	00	0	18.15	|	orig=536 inHg|Local time: 2100|QC flag: none|Image File: YorkFactory_USSS-314_M1958_1880-08-01_OBS-2.jpg
1880	08	11	07	00	0	12.46	|	orig=368 inHg|Local time: 0700|QC flag: none|Image File: YorkFactory_USSS-314_M1958_1880-08-01_OBS-2.jpg
1880	08	11	14	00	0	16.42	|	orig=485 inHg|Local time: 1400|QC flag: none|Image File: YorkFactory_USSS-314_M1958_1880-08-01_OBS-2.jpg
1880	08	11	21	00	0	16.25	|	orig=480 inHg|Local time: 2100|QC flag: none|Image File: YorkFactory_USSS-314_M1958_1880-08-01_OBS-2.jpg
1880	08	12	07	00	0	11.14	|	orig=329 inHg|Local time: 0700|QC flag: none|Image File: YorkFactory_USSS-314_M1958_1880-08-01_OBS-2.jpg
1880	08	12	14	00	0	12.02	|	orig=355 inHg|Local time: 1400|QC flag: none|Image File: YorkFactory_USSS-314_M1958_1880-08-01_OBS-2.jpg
1880	08	12	21	00	0	11.99	|	orig=354 inHg|Local time: 2100|QC flag: none|Image File: YorkFactory_USSS-314_M1958_1880-08-01_OBS-2.jpg
1880	08	13	07	00	0	9.92	|	orig=293 inHg|Local time: 0700|QC flag: none|Image File: YorkFactory_USSS-314_M1958_1880-08-01_OBS-2.jpg
1880	08	13	14	00	0	14.53	|	orig=429 inHg|Local time: 1400|QC flag: none|Image File: YorkFactory_USSS-314_M1958_1880-08-01_OBS-2.jpg
1880	08	13	21	00	0	13.41	|	orig=396 inHg|Local time: 2100|QC flag: none|Image File: YorkFactory_USSS-314_M1958_1880-08-01_OBS-2.jpg
1880	08	14	07	00	0	8.80	|	orig=260 inHg|Local time: 0700|QC flag: none|Image File: YorkFactory_USSS-314_M1958_1880-08-01_OBS-2.jpg
1880	08	14	14	00	0	10.67	|	orig=315 inHg|Local time: 1400|QC flag: none|Image File: YorkFactory_USSS-314_M1958_1880-08-01_OBS-2.jpg
1880	08	14	21	00	0	10.29	|	orig=304 inHg|Local time: 2100|QC flag: none|Image File: YorkFactory_USSS-314_M1958_1880-08-01_OBS-2.jpg
1880	08	15	07	00	0	8.50	|	orig=251 inHg|Local time: 0700|QC flag: none|Image File: YorkFactory_USSS-314_M1958_1880-08-01_OBS-2.jpg
1880	08	15	14	00	0	12.97	|	orig=383 inHg|Local time: 1400|QC flag: none|Image File: YorkFactory_USSS-314_M1958_1880-08-01_OBS-2.jpg
1880	08	15	21	00	0	11.14	|	orig=329 inHg|Local time: 2100|QC flag: none|Image File: YorkFactory_USSS-314_M1958_1880-08-01_OBS-2.jpg
1880	08	16	07	00	0	8.16	|	orig=241 inHg|Local time: 0700|QC flag: none|Image File: YorkFactory_USSS-314_M1958_1880-08-01_OBS-2.jpg
1880	08	16	14	00	0	11.55	|	orig=341 inHg|Local time: 1400|QC flag: none|Image File: YorkFactory_USSS-314_M1958_1880-08-01_OBS-2.jpg
1880	08	16	21	00	0	9.18	|	orig=271 inHg|Local time: 2100|QC flag: none|Image File: YorkFactory_USSS-314_M1958_1880-08-01_OBS-2.jpg
1880	08	17	07	00	0	7.59	|	orig=224 inHg|Local time: 0700|QC flag: none|Image File: YorkFactory_USSS-314_M1958_1880-08-01_OBS-2.jpg
1880	08	17	14	00	0	8.80	|	orig=260 inHg|Local time: 1400|QC flag: none|Image File: YorkFactory_USSS-314_M1958_1880-08-01_OBS-2.jpg
1880	08	17	21	00	0	8.16	|	orig=241 inHg|Local time: 2100|QC flag: none|Image File: YorkFactory_USSS-314_M1958_1880-08-01_OBS-2.jpg
1880	08	18	07	00	0	7.86	|	orig=232 inHg|Local time: 0700|QC flag: none|Image File: YorkFactory_USSS-314_M1958_1880-08-01_OBS-2.jpg
1880	08	18	14	00	0	9.18	|	orig=271 inHg|Local time: 1400|QC flag: none|Image File: YorkFactory_USSS-314_M1958_1880-08-01_OBS-2.jpg
1880	08	18	21	00	0	8.50	|	orig=251 inHg|Local time: 2100|QC flag: none|Image File: YorkFactory_USSS-314_M1958_1880-08-01_OBS-2.jpg
1880	08	19	07	00	0	8.16	|	orig=241 inHg|Local time: 0700|QC flag: none|Image File: YorkFactory_USSS-314_M1958_1880-08-01_OBS-2.jpg
1880	08	19	14	00	0	11.55	|	orig=341 inHg|Local time: 1400|QC flag: none|Image File: YorkFactory_USSS-314_M1958_1880-08-01_OBS-2.jpg
1880	08	19	21	00	0	11.14	|	orig=329 inHg|Local time: 2100|QC flag: none|Image File: YorkFactory_USSS-314_M1958_1880-08-01_OBS-2.jpg
1880	08	20	07	00	0	9.55	|	orig=282 inHg|Local time: 0700|QC flag: none|Image File: YorkFactory_USSS-314_M1958_1880-08-01_OBS-2.jpg
1880	08	20	14	00	0	9.85	|	orig=291 inHg|Local time: 1400|QC flag: none|Image File: YorkFactory_USSS-314_M1958_1880-08-01_OBS-2.jpg
1880	08	20	21	00	0	9.92	|	orig=293 inHg|Local time: 2100|QC flag: none|Image File: YorkFactory_USSS-314_M1958_1880-08-01_OBS-2.jpg
1880	08	21	07	00	0	8.50	|	orig=251 inHg|Local time: 0700|QC flag: none|Image File: YorkFactory_USSS-314_M1958_1880-08-01_OBS-2.jpg
1880	08	21	14	00	0	10.29	|	orig=304 inHg|Local time: 1400|QC flag: none|Image File: YorkFactory_USSS-314_M1958_1880-08-01_OBS-2.jpg
1880	08	21	21	00	0	9.18	|	orig=271 inHg|Local time: 2100|QC flag: none|Image File: YorkFactory_USSS-314_M1958_1880-08-01_OBS-2.jpg
1880	08	22	07	00	0	7.86	|	orig=232 inHg|Local time: 0700|QC flag: none|Image File: YorkFactory_USSS-314_M1958_1880-08-01_OBS-2.jpg
1880	08	22	14	00	0	10.67	|	orig=315 inHg|Local time: 1400|QC flag: none|Image File: YorkFactory_USSS-314_M1958_1880-08-01_OBS-2.jpg
1880	08	22	21	00	0	11.14	|	orig=329 inHg|Local time: 2100|QC flag: none|Image File: YorkFactory_USSS-314_M1958_1880-08-01_OBS-2.jpg
1880	08	23	07	00	0	10.70	|	orig=316 inHg|Local time: 0700|QC flag: none|Image File: YorkFactory_USSS-314_M1958_1880-08-01_OBS-2.jpg
1880	08	23	14	00	0	10.67	|	orig=315 inHg|Local time: 1400|QC flag: none|Image File: YorkFactory_USSS-314_M1958_1880-08-01_OBS-2.jpg
1880	08	23	21	00	0	10.70	|	orig=316 inHg|Local time: 2100|QC flag: none|Image File: YorkFactory_USSS-314_M1958_1880-08-01_OBS-2.jpg
1880	08	24	07	00	0	9.55	|	orig=282 inHg|Local time: 0700|QC flag: none|Image File: YorkFactory_USSS-314_M1958_1880-08-01_OBS-2.jpg
1880	08	24	14	00	0	10.29	|	orig=304 inHg|Local time: 1400|QC flag: none|Image File: YorkFactory_USSS-314_M1958_1880-08-01_OBS-2.jpg
1880	08	24	21	00	0	9.18	|	orig=271 inHg|Local time: 2100|QC flag: none|Image File: YorkFactory_USSS-314_M1958_1880-08-01_OBS-2.jpg
1880	08	25	07	00	0	7.86	|	orig=232 inHg|Local time: 0700|QC flag: none|Image File: YorkFactory_USSS-314_M1958_1880-08-01_OBS-2.jpg
1880	08	25	14	00	0	10.29	|	orig=304 inHg|Local time: 1400|QC flag: none|Image File: YorkFactory_USSS-314_M1958_1880-08-01_OBS-2.jpg
1880	08	25	21	00	0	8.50	|	orig=251 inHg|Local time: 2100|QC flag: none|Image File: YorkFactory_USSS-314_M1958_1880-08-01_OBS-2.jpg
1880	08	26	07	00	0	7.25	|	orig=214 inHg|Local time: 0700|QC flag: none|Image File: YorkFactory_USSS-314_M1958_1880-08-01_OBS-2.jpg
1880	08	26	14	00	0	11.14	|	orig=329 inHg|Local time: 1400|QC flag: none|Image File: YorkFactory_USSS-314_M1958_1880-08-01_OBS-2.jpg
1880	08	26	21	00	0	10.70	|	orig=316 inHg|Local time: 2100|QC flag: none|Image File: YorkFactory_USSS-314_M1958_1880-08-01_OBS-2.jpg
1880	08	27	07	00	0	10.29	|	orig=304 inHg|Local time: 0700|QC flag: none|Image File: YorkFactory_USSS-314_M1958_1880-08-01_OBS-2.jpg
1880	08	27	14	00	0	11.99	|	orig=354 inHg|Local time: 1400|QC flag: none|Image File: YorkFactory_USSS-314_M1958_1880-08-01_OBS-2.jpg
1880	08	27	21	00	0	12.46	|	orig=368 inHg|Local time: 2100|QC flag: none|Image File: YorkFactory_USSS-314_M1958_1880-08-01_OBS-2.jpg
1880	08	28	07	00	0	9.18	|	orig=271 inHg|Local time: 0700|QC flag: none|Image File: YorkFactory_USSS-314_M1958_1880-08-01_OBS-2.jpg
1880	08	28	14	00	0	10.67	|	orig=315 inHg|Local time: 1400|QC flag: none|Image File: YorkFactory_USSS-314_M1958_1880-08-01_OBS-2.jpg
1880	08	28	21	00	0	9.55	|	orig=282 inHg|Local time: 2100|QC flag: none|Image File: YorkFactory_USSS-314_M1958_1880-08-01_OBS-2.jpg
1880	08	29	07	00	0	8.16	|	orig=241 inHg|Local time: 0700|QC flag: none|Image File: YorkFactory_USSS-314_M1958_1880-08-01_OBS-2.jpg
1880	08	29	14	00	0	12.46	|	orig=368 inHg|Local time: 1400|QC flag: none|Image File: YorkFactory_USSS-314_M1958_1880-08-01_OBS-2.jpg
1880	08	29	21	00	0	10.70	|	orig=316 inHg|Local time: 2100|QC flag: none|Image File: YorkFactory_USSS-314_M1958_1880-08-01_OBS-2.jpg
1880	08	30	07	00	0	8.80	|	orig=260 inHg|Local time: 0700|QC flag: none|Image File: YorkFactory_USSS-314_M1958_1880-08-01_OBS-2.jpg
1880	08	30	14	00	0	15.68	|	orig=463 inHg|Local time: 1400|QC flag: none|Image File: YorkFactory_USSS-314_M1958_1880-08-01_OBS-2.jpg
1880	08	30	21	00	0	12.46	|	orig=368 inHg|Local time: 2100|QC flag: none|Image File: YorkFactory_USSS-314_M1958_1880-08-01_OBS-2.jpg
1880	08	31	07	00	0	8.50	|	orig=251 inHg|Local time: 0700|QC flag: none|Image File: YorkFactory_USSS-314_M1958_1880-08-01_OBS-2.jpg
1880	08	31	14	00	0	13.99	|	orig=413 inHg|Local time: 1400|QC flag: none|Image File: YorkFactory_USSS-314_M1958_1880-08-01_OBS-2.jpg
1880	08	31	21	00	0	12.97	|	orig=383 inHg|Local time: 2100|QC flag: none|Image File: YorkFactory_USSS-314_M1958_1880-08-01_OBS-2.jpg
1880	09	01	07	00	0	12.97	|	orig=383 inHg|Local time: 0700|QC flag: none|Image File: YorkFactory_USSS-314_M1958_1880-09-01_OBS-2.jpg
1880	09	01	14	00	0	19.95	|	orig=589 inHg|Local time: 1400|QC flag: none|Image File: YorkFactory_USSS-314_M1958_1880-09-01_OBS-2.jpg
1880	09	01	21	00	0	17.24	|	orig=509 inHg|Local time: 2100|QC flag: none|Image File: YorkFactory_USSS-314_M1958_1880-09-01_OBS-2.jpg
1880	09	02	07	00	0	13.41	|	orig=396 inHg|Local time: 0700|QC flag: none|Image File: YorkFactory_USSS-314_M1958_1880-09-01_OBS-2.jpg
1880	09	02	14	00	0	14.53	|	orig=429 inHg|Local time: 1400|QC flag: none|Image File: YorkFactory_USSS-314_M1958_1880-09-01_OBS-2.jpg
1880	09	02	21	00	0	11.99	|	orig=354 inHg|Local time: 2100|QC flag: none|Image File: YorkFactory_USSS-314_M1958_1880-09-01_OBS-2.jpg
1880	09	03	07	00	0	10.29	|	orig=304 inHg|Local time: 0700|QC flag: none|Image File: YorkFactory_USSS-314_M1958_1880-09-01_OBS-2.jpg
1880	09	03	14	00	0	11.14	|	orig=329 inHg|Local time: 1400|QC flag: none|Image File: YorkFactory_USSS-314_M1958_1880-09-01_OBS-2.jpg
1880	09	03	21	00	0	9.18	|	orig=271 inHg|Local time: 2100|QC flag: none|Image File: YorkFactory_USSS-314_M1958_1880-09-01_OBS-2.jpg
1880	09	04	07	00	0	7.55	|	orig=223 inHg|Local time: 0700|QC flag: none|Image File: YorkFactory_USSS-314_M1958_1880-09-01_OBS-2.jpg
1880	09	04	14	00	0	7.25	|	orig=214 inHg|Local time: 1400|QC flag: none|Image File: YorkFactory_USSS-314_M1958_1880-09-01_OBS-2.jpg
1880	09	04	21	00	0	6.40	|	orig=189 inHg|Local time: 2100|QC flag: low value|Image File: YorkFactory_USSS-314_M1958_1880-09-01_OBS-2.jpg
1880	09	05	07	00	0	6.94	|	orig=205 inHg|Local time: 0700|QC flag: none|Image File: YorkFactory_USSS-314_M1958_1880-09-01_OBS-2.jpg
1880	09	05	14	00	0	8.50	|	orig=251 inHg|Local time: 1400|QC flag: none|Image File: YorkFactory_USSS-314_M1958_1880-09-01_OBS-2.jpg
1880	09	05	21	00	0	9.92	|	orig=293 inHg|Local time: 2100|QC flag: none|Image File: YorkFactory_USSS-314_M1958_1880-09-01_OBS-2.jpg
1880	09	06	07	00	0	10.70	|	orig=316 inHg|Local time: 0700|QC flag: none|Image File: YorkFactory_USSS-314_M1958_1880-09-01_OBS-2.jpg
1880	09	06	14	00	0	15.10	|	orig=446 inHg|Local time: 1400|QC flag: none|Image File: YorkFactory_USSS-314_M1958_1880-09-01_OBS-2.jpg
1880	09	06	21	00	0	12.46	|	orig=368 inHg|Local time: 2100|QC flag: none|Image File: YorkFactory_USSS-314_M1958_1880-09-01_OBS-2.jpg
1880	09	07	07	00	0	8.16	|	orig=241 inHg|Local time: 0700|QC flag: none|Image File: YorkFactory_USSS-314_M1958_1880-09-01_OBS-2.jpg
1880	09	07	14	00	0	13.48	|	orig=398 inHg|Local time: 1400|QC flag: none|Image File: YorkFactory_USSS-314_M1958_1880-09-01_OBS-2.jpg
1880	09	07	21	00	0	11.14	|	orig=329 inHg|Local time: 2100|QC flag: none|Image File: YorkFactory_USSS-314_M1958_1880-09-01_OBS-2.jpg
1880	09	08	07	00	0	7.86	|	orig=232 inHg|Local time: 0700|QC flag: none|Image File: YorkFactory_USSS-314_M1958_1880-09-01_OBS-2.jpg
1880	09	08	14	00	0	10.70	|	orig=316 inHg|Local time: 1400|QC flag: none|Image File: YorkFactory_USSS-314_M1958_1880-09-01_OBS-2.jpg
1880	09	08	21	00	0	8.80	|	orig=260 inHg|Local time: 2100|QC flag: none|Image File: YorkFactory_USSS-314_M1958_1880-09-01_OBS-2.jpg
1880	09	09	07	00	0	8.50	|	orig=251 inHg|Local time: 0700|QC flag: none|Image File: YorkFactory_USSS-314_M1958_1880-09-01_OBS-2.jpg
1880	09	09	14	00	0	9.18	|	orig=271 inHg|Local time: 1400|QC flag: none|Image File: YorkFactory_USSS-314_M1958_1880-09-01_OBS-2.jpg
1880	09	09	21	00	0	7.55	|	orig=223 inHg|Local time: 2100|QC flag: none|Image File: YorkFactory_USSS-314_M1958_1880-09-01_OBS-2.jpg
1880	09	10	07	00	0	7.86	|	orig=232 inHg|Local time: 0700|QC flag: none|Image File: YorkFactory_USSS-314_M1958_1880-09-01_OBS-2.jpg
1880	09	10	14	00	0	9.55	|	orig=282 inHg|Local time: 1400|QC flag: none|Image File: YorkFactory_USSS-314_M1958_1880-09-01_OBS-2.jpg
1880	09	10	21	00	0	7.55	|	orig=223 inHg|Local time: 2100|QC flag: none|Image File: YorkFactory_USSS-314_M1958_1880-09-01_OBS-2.jpg
1880	09	11	07	00	0	8.57	|	orig=253 inHg|Local time: 0700|QC flag: none|Image File: YorkFactory_USSS-314_M1958_1880-09-01_OBS-2.jpg
1880	09	11	14	00	0	9.58	|	orig=283 inHg|Local time: 1400|QC flag: none|Image File: YorkFactory_USSS-314_M1958_1880-09-01_OBS-2.jpg
1880	09	11	21	00	0	8.50	|	orig=251 inHg|Local time: 2100|QC flag: none|Image File: YorkFactory_USSS-314_M1958_1880-09-01_OBS-2.jpg
1880	09	12	07	00	0	6.40	|	orig=189 inHg|Local time: 0700|QC flag: low value|Image File: YorkFactory_USSS-314_M1958_1880-09-01_OBS-2.jpg
1880	09	12	14	00	0	9.18	|	orig=271 inHg|Local time: 1400|QC flag: none|Image File: YorkFactory_USSS-314_M1958_1880-09-01_OBS-2.jpg
1880	09	12	21	00	0	8.16	|	orig=241 inHg|Local time: 2100|QC flag: none|Image File: YorkFactory_USSS-314_M1958_1880-09-01_OBS-2.jpg
1880	09	13	07	00	0	6.67	|	orig=197 inHg|Local time: 0700|QC flag: low value|Image File: YorkFactory_USSS-314_M1958_1880-09-01_OBS-2.jpg
1880	09	13	14	00	0	9.55	|	orig=282 inHg|Local time: 1400|QC flag: none|Image File: YorkFactory_USSS-314_M1958_1880-09-01_OBS-2.jpg
1880	09	13	21	00	0	7.55	|	orig=223 inHg|Local time: 2100|QC flag: none|Image File: YorkFactory_USSS-314_M1958_1880-09-01_OBS-2.jpg
1880	09	14	07	00	0	8.80	|	orig=260 inHg|Local time: 0700|QC flag: none|Image File: YorkFactory_USSS-314_M1958_1880-09-01_OBS-2.jpg
1880	09	14	14	00	0	11.55	|	orig=341 inHg|Local time: 1400|QC flag: none|Image File: YorkFactory_USSS-314_M1958_1880-09-01_OBS-2.jpg
1880	09	14	21	00	0	8.87	|	orig=262 inHg|Local time: 2100|QC flag: none|Image File: YorkFactory_USSS-314_M1958_1880-09-01_OBS-2.jpg
1880	09	15	07	00	0	8.53	|	orig=252 inHg|Local time: 0700|QC flag: none|Image File: YorkFactory_USSS-314_M1958_1880-09-01_OBS-2.jpg
1880	09	15	14	00	0	7.89	|	orig=233 inHg|Local time: 1400|QC flag: none|Image File: YorkFactory_USSS-314_M1958_1880-09-01_OBS-2.jpg
1880	09	15	21	00	0	7.31	|	orig=216 inHg|Local time: 2100|QC flag: none|Image File: YorkFactory_USSS-314_M1958_1880-09-01_OBS-2.jpg
1880	09	16	07	00	0	5.93	|	orig=175 inHg|Local time: 0700|QC flag: low value|Image File: YorkFactory_USSS-314_M1958_1880-09-01_OBS-2.jpg
1880	09	16	14	00	0	8.23	|	orig=243 inHg|Local time: 1400|QC flag: none|Image File: YorkFactory_USSS-314_M1958_1880-09-01_OBS-2.jpg
1880	09	16	21	00	0	7.59	|	orig=224 inHg|Local time: 2100|QC flag: none|Image File: YorkFactory_USSS-314_M1958_1880-09-01_OBS-2.jpg
1880	09	17	07	00	0	6.16	|	orig=182 inHg|Local time: 0700|QC flag: low value|Image File: YorkFactory_USSS-314_M1958_1880-09-01_OBS-2.jpg
1880	09	17	14	00	0	7.55	|	orig=223 inHg|Local time: 1400|QC flag: none|Image File: YorkFactory_USSS-314_M1958_1880-09-01_OBS-2.jpg
1880	09	17	21	00	0	6.94	|	orig=205 inHg|Local time: 2100|QC flag: none|Image File: YorkFactory_USSS-314_M1958_1880-09-01_OBS-2.jpg
1880	09	18	07	00	0	6.26	|	orig=185 inHg|Local time: 0700|QC flag: low value|Image File: YorkFactory_USSS-314_M1958_1880-09-01_OBS-2.jpg
1880	09	18	14	00	0	7.86	|	orig=232 inHg|Local time: 1400|QC flag: none|Image File: YorkFactory_USSS-314_M1958_1880-09-01_OBS-2.jpg
1880	09	18	21	00	0	7.55	|	orig=223 inHg|Local time: 2100|QC flag: none|Image File: YorkFactory_USSS-314_M1958_1880-09-01_OBS-2.jpg
1880	09	19	07	00	0	6.94	|	orig=205 inHg|Local time: 0700|QC flag: none|Image File: YorkFactory_USSS-314_M1958_1880-09-01_OBS-2.jpg
1880	09	19	14	00	0	6.67	|	orig=197 inHg|Local time: 1400|QC flag: low value|Image File: YorkFactory_USSS-314_M1958_1880-09-01_OBS-2.jpg
1880	09	19	21	00	0	6.40	|	orig=189 inHg|Local time: 2100|QC flag: low value|Image File: YorkFactory_USSS-314_M1958_1880-09-01_OBS-2.jpg
1880	09	20	07	00	0	5.93	|	orig=175 inHg|Local time: 0700|QC flag: low value|Image File: YorkFactory_USSS-314_M1958_1880-09-01_OBS-2.jpg
1880	09	20	14	00	0	6.67	|	orig=197 inHg|Local time: 1400|QC flag: low value|Image File: YorkFactory_USSS-314_M1958_1880-09-01_OBS-2.jpg
1880	09	20	21	00	0	6.16	|	orig=182 inHg|Local time: 2100|QC flag: low value|Image File: YorkFactory_USSS-314_M1958_1880-09-01_OBS-2.jpg
1880	09	21	07	00	0	5.69	|	orig=168 inHg|Local time: 0700|QC flag: low value|Image File: YorkFactory_USSS-314_M1958_1880-09-01_OBS-2.jpg
1880	09	21	14	00	0	6.40	|	orig=189 inHg|Local time: 1400|QC flag: low value|Image File: YorkFactory_USSS-314_M1958_1880-09-01_OBS-2.jpg
1880	09	21	21	00	0	5.93	|	orig=175 inHg|Local time: 2100|QC flag: low value|Image File: YorkFactory_USSS-314_M1958_1880-09-01_OBS-2.jpg
1880	09	22	07	00	0	5.45	|	orig=161 inHg|Local time: 0700|QC flag: low value|Image File: YorkFactory_USSS-314_M1958_1880-09-01_OBS-2.jpg
1880	09	22	14	00	0	6.16	|	orig=182 inHg|Local time: 1400|QC flag: low value|Image File: YorkFactory_USSS-314_M1958_1880-09-01_OBS-2.jpg
1880	09	22	21	00	0	5.93	|	orig=175 inHg|Local time: 2100|QC flag: low value|Image File: YorkFactory_USSS-314_M1958_1880-09-01_OBS-2.jpg
1880	09	23	07	00	0	5.22	|	orig=154 inHg|Local time: 0700|QC flag: low value|Image File: YorkFactory_USSS-314_M1958_1880-09-01_OBS-2.jpg
1880	09	23	14	00	0	6.16	|	orig=182 inHg|Local time: 1400|QC flag: low value|Image File: YorkFactory_USSS-314_M1958_1880-09-01_OBS-2.jpg
1880	09	23	21	00	0	5.69	|	orig=168 inHg|Local time: 2100|QC flag: low value|Image File: YorkFactory_USSS-314_M1958_1880-09-01_OBS-2.jpg
1880	09	24	07	00	0	5.45	|	orig=161 inHg|Local time: 0700|QC flag: low value|Image File: YorkFactory_USSS-314_M1958_1880-09-01_OBS-2.jpg
1880	09	24	14	00	0	6.40	|	orig=189 inHg|Local time: 1400|QC flag: low value|Image File: YorkFactory_USSS-314_M1958_1880-09-01_OBS-2.jpg
1880	09	24	21	00	0	5.69	|	orig=168 inHg|Local time: 2100|QC flag: low value|Image File: YorkFactory_USSS-314_M1958_1880-09-01_OBS-2.jpg
1880	09	25	07	00	0	5.22	|	orig=154 inHg|Local time: 0700|QC flag: low value|Image File: YorkFactory_USSS-314_M1958_1880-09-01_OBS-2.jpg
1880	09	25	14	00	0	6.16	|	orig=182 inHg|Local time: 1400|QC flag: low value|Image File: YorkFactory_USSS-314_M1958_1880-09-01_OBS-2.jpg
1880	09	25	21	00	0	5.93	|	orig=175 inHg|Local time: 2100|QC flag: low value|Image File: YorkFactory_USSS-314_M1958_1880-09-01_OBS-2.jpg
1880	09	26	07	00	0	5.45	|	orig=161 inHg|Local time: 0700|QC flag: low value|Image File: YorkFactory_USSS-314_M1958_1880-09-01_OBS-2.jpg
1880	09	26	14	00	0	7.25	|	orig=214 inHg|Local time: 1400|QC flag: none|Image File: YorkFactory_USSS-314_M1958_1880-09-01_OBS-2.jpg
1880	09	26	21	00	0	6.40	|	orig=189 inHg|Local time: 2100|QC flag: low value|Image File: YorkFactory_USSS-314_M1958_1880-09-01_OBS-2.jpg
1880	09	27	07	00	0	5.69	|	orig=168 inHg|Local time: 0700|QC flag: low value|Image File: YorkFactory_USSS-314_M1958_1880-09-01_OBS-2.jpg
1880	09	27	14	00	0	6.16	|	orig=182 inHg|Local time: 1400|QC flag: low value|Image File: YorkFactory_USSS-314_M1958_1880-09-01_OBS-2.jpg
1880	09	27	21	00	0	5.93	|	orig=175 inHg|Local time: 2100|QC flag: low value|Image File: YorkFactory_USSS-314_M1958_1880-09-01_OBS-2.jpg
1880	09	28	07	00	0	5.45	|	orig=161 inHg|Local time: 0700|QC flag: low value|Image File: YorkFactory_USSS-314_M1958_1880-09-01_OBS-2.jpg
1880	09	28	14	00	0	5.93	|	orig=175 inHg|Local time: 1400|QC flag: low value|Image File: YorkFactory_USSS-314_M1958_1880-09-01_OBS-2.jpg
1880	09	28	21	00	0	5.69	|	orig=168 inHg|Local time: 2100|QC flag: low value|Image File: YorkFactory_USSS-314_M1958_1880-09-01_OBS-2.jpg
1880	09	29	07	00	0	5.32	|	orig=157 inHg|Local time: 0700|QC flag: low value|Image File: YorkFactory_USSS-314_M1958_1880-09-01_OBS-2.jpg
1880	09	29	14	00	0	7.04	|	orig=208 inHg|Local time: 1400|QC flag: none|Image File: YorkFactory_USSS-314_M1958_1880-09-01_OBS-2.jpg
1880	09	29	21	00	0	6.64	|	orig=196 inHg|Local time: 2100|QC flag: low value|Image File: YorkFactory_USSS-314_M1958_1880-09-01_OBS-2.jpg
1880	09	30	07	00	0	6.26	|	orig=185 inHg|Local time: 0700|QC flag: low value|Image File: YorkFactory_USSS-314_M1958_1880-09-01_OBS-2.jpg
1880	09	30	14	00	0	6.40	|	orig=189 inHg|Local time: 1400|QC flag: low value|Image File: YorkFactory_USSS-314_M1958_1880-09-01_OBS-2.jpg
1880	09	30	21	00	0	6.16	|	orig=182 inHg|Local time: 2100|QC flag: low value|Image File: YorkFactory_USSS-314_M1958_1880-09-01_OBS-2.jpg
1880	10	01	07	00	0	6.16	|	orig=182 inHg|Local time: 0700|QC flag: low value|Image File: YorkFactory_USSS-314_M1958_1880-10-01_OBS-2.jpg
1880	10	01	14	00	0	6.40	|	orig=189 inHg|Local time: 1400|QC flag: low value|Image File: YorkFactory_USSS-314_M1958_1880-10-01_OBS-2.jpg
1880	10	01	21	00	0	5.93	|	orig=175 inHg|Local time: 2100|QC flag: low value|Image File: YorkFactory_USSS-314_M1958_1880-10-01_OBS-2.jpg
1880	10	02	07	00	0	5.45	|	orig=161 inHg|Local time: 0700|QC flag: low value|Image File: YorkFactory_USSS-314_M1958_1880-10-01_OBS-2.jpg
1880	10	02	14	00	0	6.16	|	orig=182 inHg|Local time: 1400|QC flag: low value|Image File: YorkFactory_USSS-314_M1958_1880-10-01_OBS-2.jpg
1880	10	02	21	00	0	5.69	|	orig=168 inHg|Local time: 2100|QC flag: low value|Image File: YorkFactory_USSS-314_M1958_1880-10-01_OBS-2.jpg
1880	10	03	07	00	0	5.45	|	orig=161 inHg|Local time: 0700|QC flag: low value|Image File: YorkFactory_USSS-314_M1958_1880-10-01_OBS-2.jpg
1880	10	03	14	00	0	7.25	|	orig=214 inHg|Local time: 1400|QC flag: none|Image File: YorkFactory_USSS-314_M1958_1880-10-01_OBS-2.jpg
1880	10	03	21	00	0	6.16	|	orig=182 inHg|Local time: 2100|QC flag: low value|Image File: YorkFactory_USSS-314_M1958_1880-10-01_OBS-2.jpg
1880	10	04	07	00	0	5.22	|	orig=154 inHg|Local time: 0700|QC flag: low value|Image File: YorkFactory_USSS-314_M1958_1880-10-01_OBS-2.jpg
1880	10	04	14	00	0	6.94	|	orig=205 inHg|Local time: 1400|QC flag: none|Image File: YorkFactory_USSS-314_M1958_1880-10-01_OBS-2.jpg
1880	10	04	21	00	0	6.40	|	orig=189 inHg|Local time: 2100|QC flag: low value|Image File: YorkFactory_USSS-314_M1958_1880-10-01_OBS-2.jpg
1880	10	05	07	00	0	6.50	|	orig=192 inHg|Local time: 0700|QC flag: low value|Image File: YorkFactory_USSS-314_M1958_1880-10-01_OBS-2.jpg
1880	10	05	14	00	0	7.89	|	orig=233 inHg|Local time: 1400|QC flag: none|Image File: YorkFactory_USSS-314_M1958_1880-10-01_OBS-2.jpg
1880	10	05	21	00	0	6.77	|	orig=200 inHg|Local time: 2100|QC flag: None|Image File: YorkFactory_USSS-314_M1958_1880-10-01_OBS-2.jpg
1880	10	06	07	00	0	5.93	|	orig=175 inHg|Local time: 0700|QC flag: low value|Image File: YorkFactory_USSS-314_M1958_1880-10-01_OBS-2.jpg
1880	10	06	14	00	0	6.67	|	orig=197 inHg|Local time: 1400|QC flag: low value|Image File: YorkFactory_USSS-314_M1958_1880-10-01_OBS-2.jpg
1880	10	06	21	00	0	6.16	|	orig=182 inHg|Local time: 2100|QC flag: low value|Image File: YorkFactory_USSS-314_M1958_1880-10-01_OBS-2.jpg
1880	10	07	07	00	0	5.69	|	orig=168 inHg|Local time: 0700|QC flag: low value|Image File: YorkFactory_USSS-314_M1958_1880-10-01_OBS-2.jpg
1880	10	07	14	00	0	5.45	|	orig=161 inHg|Local time: 1400|QC flag: low value|Image File: YorkFactory_USSS-314_M1958_1880-10-01_OBS-2.jpg
1880	10	07	21	00	0	5.01	|	orig=148 inHg|Local time: 2100|QC flag: low value|Image File: YorkFactory_USSS-314_M1958_1880-10-01_OBS-2.jpg
1880	10	08	07	00	0	4.88	|	orig=144 inHg|Local time: 0700|QC flag: low value|Image File: YorkFactory_USSS-314_M1958_1880-10-01_OBS-2.jpg
1880	10	08	14	00	0	6.50	|	orig=192 inHg|Local time: 1400|QC flag: low value|Image File: YorkFactory_USSS-314_M1958_1880-10-01_OBS-2.jpg
1880	10	08	21	00	0	5.69	|	orig=168 inHg|Local time: 2100|QC flag: low value|Image File: YorkFactory_USSS-314_M1958_1880-10-01_OBS-2.jpg
1880	10	09	07	00	0	4.77	|	orig=141 inHg|Local time: 0700|QC flag: low value|Image File: YorkFactory_USSS-314_M1958_1880-10-01_OBS-2.jpg
1880	10	09	14	00	0	5.93	|	orig=175 inHg|Local time: 1400|QC flag: low value|Image File: YorkFactory_USSS-314_M1958_1880-10-01_OBS-2.jpg
1880	10	09	21	00	0	5.01	|	orig=148 inHg|Local time: 2100|QC flag: low value|Image File: YorkFactory_USSS-314_M1958_1880-10-01_OBS-2.jpg
1880	10	10	07	00	0	3.62	|	orig=107 inHg|Local time: 0700|QC flag: low value|Image File: YorkFactory_USSS-314_M1958_1880-10-01_OBS-2.jpg
1880	10	10	14	00	0	5.22	|	orig=154 inHg|Local time: 1400|QC flag: low value|Image File: YorkFactory_USSS-314_M1958_1880-10-01_OBS-2.jpg
1880	10	10	21	00	0	4.17	|	orig=123 inHg|Local time: 2100|QC flag: low value|Image File: YorkFactory_USSS-314_M1958_1880-10-01_OBS-2.jpg
1880	10	11	07	00	0	2.71	|	orig=080 inHg|Local time: 0700|QC flag: low value|Image File: YorkFactory_USSS-314_M1958_1880-10-01_OBS-2.jpg
1880	10	11	14	00	0	4.57	|	orig=135 inHg|Local time: 1400|QC flag: low value|Image File: YorkFactory_USSS-314_M1958_1880-10-01_OBS-2.jpg
1880	10	11	21	00	0	4.00	|	orig=118 inHg|Local time: 2100|QC flag: low value|Image File: YorkFactory_USSS-314_M1958_1880-10-01_OBS-2.jpg
1880	10	12	07	00	0	3.12	|	orig=092 inHg|Local time: 0700|QC flag: low value|Image File: YorkFactory_USSS-314_M1958_1880-10-01_OBS-2.jpg
1880	10	12	14	00	0	5.32	|	orig=157 inHg|Local time: 1400|QC flag: low value|Image File: YorkFactory_USSS-314_M1958_1880-10-01_OBS-2.jpg
1880	10	12	21	00	0	4.06	|	orig=120 inHg|Local time: 2100|QC flag: low value|Image File: YorkFactory_USSS-314_M1958_1880-10-01_OBS-2.jpg
1880	10	13	07	00	0	2.98	|	orig=088 inHg|Local time: 0700|QC flag: low value|Image File: YorkFactory_USSS-314_M1958_1880-10-01_OBS-2.jpg
1880	10	13	14	00	0	4.77	|	orig=141 inHg|Local time: 1400|QC flag: low value|Image File: YorkFactory_USSS-314_M1958_1880-10-01_OBS-2.jpg
1880	10	13	21	00	0	3.62	|	orig=107 inHg|Local time: 2100|QC flag: low value|Image File: YorkFactory_USSS-314_M1958_1880-10-01_OBS-2.jpg
1880	10	14	07	00	0	2.84	|	orig=084 inHg|Local time: 0700|QC flag: low value|Image File: YorkFactory_USSS-314_M1958_1880-10-01_OBS-2.jpg
1880	10	14	14	00	0	5.22	|	orig=154 inHg|Local time: 1400|QC flag: low value|Image File: YorkFactory_USSS-314_M1958_1880-10-01_OBS-2.jpg
1880	10	14	21	00	0	4.00	|	orig=118 inHg|Local time: 2100|QC flag: low value|Image File: YorkFactory_USSS-314_M1958_1880-10-01_OBS-2.jpg
1880	10	15	07	00	0	3.15	|	orig=093 inHg|Local time: 0700|QC flag: low value|Image File: YorkFactory_USSS-314_M1958_1880-10-01_OBS-2.jpg
1880	10	15	14	00	0	4.77	|	orig=141 inHg|Local time: 1400|QC flag: low value|Image File: YorkFactory_USSS-314_M1958_1880-10-01_OBS-2.jpg
1880	10	15	21	00	0	3.79	|	orig=112 inHg|Local time: 2100|QC flag: low value|Image File: YorkFactory_USSS-314_M1958_1880-10-01_OBS-2.jpg
1880	10	16	07	00	0	3.28	|	orig=097 inHg|Local time: 0700|QC flag: low value|Image File: YorkFactory_USSS-314_M1958_1880-10-01_OBS-2.jpg
1880	10	16	14	00	0	5.22	|	orig=154 inHg|Local time: 1400|QC flag: low value|Image File: YorkFactory_USSS-314_M1958_1880-10-01_OBS-2.jpg
1880	10	16	21	00	0	4.17	|	orig=123 inHg|Local time: 2100|QC flag: low value|Image File: YorkFactory_USSS-314_M1958_1880-10-01_OBS-2.jpg
1880	10	17	07	00	0	2.71	|	orig=080 inHg|Local time: 0700|QC flag: low value|Image File: YorkFactory_USSS-314_M1958_1880-10-01_OBS-2.jpg
1880	10	17	14	00	0	4.00	|	orig=118 inHg|Local time: 1400|QC flag: low value|Image File: YorkFactory_USSS-314_M1958_1880-10-01_OBS-2.jpg
1880	10	17	21	00	0	3.28	|	orig=097 inHg|Local time: 2100|QC flag: low value|Image File: YorkFactory_USSS-314_M1958_1880-10-01_OBS-2.jpg
1880	10	18	07	00	0	2.57	|	orig=076 inHg|Local time: 0700|QC flag: low value|Image File: YorkFactory_USSS-314_M1958_1880-10-01_OBS-2.jpg
1880	10	18	14	00	0	3.45	|	orig=102 inHg|Local time: 1400|QC flag: low value|Image File: YorkFactory_USSS-314_M1958_1880-10-01_OBS-2.jpg
1880	10	18	21	00	0	3.15	|	orig=093 inHg|Local time: 2100|QC flag: low value|Image File: YorkFactory_USSS-314_M1958_1880-10-01_OBS-2.jpg
1880	10	19	07	00	0	2.98	|	orig=088 inHg|Local time: 0700|QC flag: low value|Image File: YorkFactory_USSS-314_M1958_1880-10-01_OBS-2.jpg
1880	10	19	14	00	0	3.79	|	orig=112 inHg|Local time: 1400|QC flag: low value|Image File: YorkFactory_USSS-314_M1958_1880-10-01_OBS-2.jpg
1880	10	19	21	00	0	3.56	|	orig=105 inHg|Local time: 2100|QC flag: low value|Image File: YorkFactory_USSS-314_M1958_1880-10-01_OBS-2.jpg
1880	10	20	07	00	0	3.12	|	orig=092 inHg|Local time: 0700|QC flag: low value|Image File: YorkFactory_USSS-314_M1958_1880-10-01_OBS-2.jpg
1880	10	20	14	00	0	4.17	|	orig=123 inHg|Local time: 1400|QC flag: low value|Image File: YorkFactory_USSS-314_M1958_1880-10-01_OBS-2.jpg
1880	10	20	21	00	0	3.62	|	orig=107 inHg|Local time: 2100|QC flag: low value|Image File: YorkFactory_USSS-314_M1958_1880-10-01_OBS-2.jpg
1880	10	21	07	00	0	3.15	|	orig=093 inHg|Local time: 0700|QC flag: low value|Image File: YorkFactory_USSS-314_M1958_1880-10-01_OBS-2.jpg
1880	10	21	14	00	0	4.00	|	orig=118 inHg|Local time: 1400|QC flag: low value|Image File: YorkFactory_USSS-314_M1958_1880-10-01_OBS-2.jpg
1880	10	21	21	00	0	3.62	|	orig=107 inHg|Local time: 2100|QC flag: low value|Image File: YorkFactory_USSS-314_M1958_1880-10-01_OBS-2.jpg
1880	10	22	07	00	0	3.59	|	orig=106 inHg|Local time: 0700|QC flag: low value|Image File: YorkFactory_USSS-314_M1958_1880-10-01_OBS-2.jpg
1880	10	22	14	00	0	4.17	|	orig=123 inHg|Local time: 1400|QC flag: low value|Image File: YorkFactory_USSS-314_M1958_1880-10-01_OBS-2.jpg
1880	10	22	21	00	0	4.00	|	orig=118 inHg|Local time: 2100|QC flag: low value|Image File: YorkFactory_USSS-314_M1958_1880-10-01_OBS-2.jpg
1880	10	23	07	00	0	2.98	|	orig=088 inHg|Local time: 0700|QC flag: low value|Image File: YorkFactory_USSS-314_M1958_1880-10-01_OBS-2.jpg
1880	10	23	14	00	0	4.00	|	orig=118 inHg|Local time: 1400|QC flag: low value|Image File: YorkFactory_USSS-314_M1958_1880-10-01_OBS-2.jpg
1880	10	23	21	00	0	3.62	|	orig=107 inHg|Local time: 2100|QC flag: low value|Image File: YorkFactory_USSS-314_M1958_1880-10-01_OBS-2.jpg
1880	10	24	07	00	0	2.57	|	orig=076 inHg|Local time: 0700|QC flag: low value|Image File: YorkFactory_USSS-314_M1958_1880-10-01_OBS-2.jpg
1880	10	24	14	00	0	4.77	|	orig=141 inHg|Local time: 1400|QC flag: low value|Image File: YorkFactory_USSS-314_M1958_1880-10-01_OBS-2.jpg
1880	10	24	21	00	0	3.79	|	orig=112 inHg|Local time: 2100|QC flag: low value|Image File: YorkFactory_USSS-314_M1958_1880-10-01_OBS-2.jpg
1880	10	25	07	00	0	2.10	|	orig=062 inHg|Local time: 0700|QC flag: low value|Image File: YorkFactory_USSS-314_M1958_1880-10-01_OBS-2.jpg
1880	10	25	14	00	0	3.28	|	orig=097 inHg|Local time: 1400|QC flag: low value|Image File: YorkFactory_USSS-314_M1958_1880-10-01_OBS-2.jpg
1880	10	25	21	00	0	2.57	|	orig=076 inHg|Local time: 2100|QC flag: low value|Image File: YorkFactory_USSS-314_M1958_1880-10-01_OBS-2.jpg
1880	10	26	07	00	0	1.56	|	orig=046 inHg|Local time: 0700|QC flag: low value|Image File: YorkFactory_USSS-314_M1958_1880-10-01_OBS-2.jpg
1880	10	26	14	00	0	3.89	|	orig=115 inHg|Local time: 1400|QC flag: low value|Image File: YorkFactory_USSS-314_M1958_1880-10-01_OBS-2.jpg
1880	10	26	21	00	0	3.62	|	orig=107 inHg|Local time: 2100|QC flag: low value|Image File: YorkFactory_USSS-314_M1958_1880-10-01_OBS-2.jpg
1880	10	27	07	00	0	3.45	|	orig=102 inHg|Local time: 0700|QC flag: low value|Image File: YorkFactory_USSS-314_M1958_1880-10-01_OBS-2.jpg
1880	10	27	14	00	0	5.22	|	orig=154 inHg|Local time: 1400|QC flag: low value|Image File: YorkFactory_USSS-314_M1958_1880-10-01_OBS-2.jpg
1880	10	27	21	00	0	5.22	|	orig=154 inHg|Local time: 2100|QC flag: low value|Image File: YorkFactory_USSS-314_M1958_1880-10-01_OBS-2.jpg
1880	10	28	07	00	0	5.55	|	orig=164 inHg|Local time: 0700|QC flag: low value|Image File: YorkFactory_USSS-314_M1958_1880-10-01_OBS-2.jpg
1880	10	28	14	00	0	6.64	|	orig=196 inHg|Local time: 1400|QC flag: low value|Image File: YorkFactory_USSS-314_M1958_1880-10-01_OBS-2.jpg
1880	10	28	21	00	0	5.99	|	orig=177 inHg|Local time: 2100|QC flag: low value|Image File: YorkFactory_USSS-314_M1958_1880-10-01_OBS-2.jpg
1880	10	29	07	00	0	4.77	|	orig=141 inHg|Local time: 0700|QC flag: low value|Image File: YorkFactory_USSS-314_M1958_1880-10-01_OBS-2.jpg
1880	10	29	14	00	0	5.69	|	orig=168 inHg|Local time: 1400|QC flag: low value|Image File: YorkFactory_USSS-314_M1958_1880-10-01_OBS-2.jpg
1880	10	29	21	00	0	5.22	|	orig=154 inHg|Local time: 2100|QC flag: low value|Image File: YorkFactory_USSS-314_M1958_1880-10-01_OBS-2.jpg
1880	10	30	07	00	0	4.57	|	orig=135 inHg|Local time: 0700|QC flag: low value|Image File: YorkFactory_USSS-314_M1958_1880-10-01_OBS-2.jpg
1880	10	30	14	00	0	5.22	|	orig=154 inHg|Local time: 1400|QC flag: low value|Image File: YorkFactory_USSS-314_M1958_1880-10-01_OBS-2.jpg
1880	10	30	21	00	0	4.77	|	orig=141 inHg|Local time: 2100|QC flag: low value|Image File: YorkFactory_USSS-314_M1958_1880-10-01_OBS-2.jpg
1880	10	31	07	00	0	3.45	|	orig=102 inHg|Local time: 0700|QC flag: low value|Image File: YorkFactory_USSS-314_M1958_1880-10-01_OBS-2.jpg
1880	10	31	14	00	0	5.01	|	orig=148 inHg|Local time: 1400|QC flag: low value|Image File: YorkFactory_USSS-314_M1958_1880-10-01_OBS-2.jpg
1880	10	31	21	00	0	4.57	|	orig=135 inHg|Local time: 2100|QC flag: low value|Image File: YorkFactory_USSS-314_M1958_1880-10-01_OBS-2.jpg
1880	11	01	07	00	0	3.15	|	orig=.093 inHg|Local time: 0700|QC flag: low value|Image File: YorkFactory_USSS-314_M1958_1880-11-01_OBS-2.jpg
1880	11	01	14	00	0	5.22	|	orig=.154 inHg|Local time: 1400|QC flag: low value|Image File: YorkFactory_USSS-314_M1958_1880-11-01_OBS-2.jpg
1880	11	01	21	00	0	4.37	|	orig=.129 inHg|Local time: 2100|QC flag: low value|Image File: YorkFactory_USSS-314_M1958_1880-11-01_OBS-2.jpg
1880	11	02	07	00	0	3.12	|	orig=.092 inHg|Local time: 0700|QC flag: low value|Image File: YorkFactory_USSS-314_M1958_1880-11-01_OBS-2.jpg
1880	11	02	14	00	0	4.57	|	orig=.135 inHg|Local time: 1400|QC flag: low value|Image File: YorkFactory_USSS-314_M1958_1880-11-01_OBS-2.jpg
1880	11	02	21	00	0	4.00	|	orig=.118 inHg|Local time: 2100|QC flag: low value|Image File: YorkFactory_USSS-314_M1958_1880-11-01_OBS-2.jpg
1880	11	03	07	00	0	2.57	|	orig=.076 inHg|Local time: 0700|QC flag: low value|Image File: YorkFactory_USSS-314_M1958_1880-11-01_OBS-2.jpg
1880	11	03	14	00	0	4.37	|	orig=.129 inHg|Local time: 1400|QC flag: low value|Image File: YorkFactory_USSS-314_M1958_1880-11-01_OBS-2.jpg
1880	11	03	21	00	0	3.79	|	orig=.112 inHg|Local time: 2100|QC flag: low value|Image File: YorkFactory_USSS-314_M1958_1880-11-01_OBS-2.jpg
1880	11	04	07	00	0	2.71	|	orig=.080 inHg|Local time: 0700|QC flag: low value|Image File: YorkFactory_USSS-314_M1958_1880-11-01_OBS-2.jpg
1880	11	04	14	00	0	4.17	|	orig=.123 inHg|Local time: 1400|QC flag: low value|Image File: YorkFactory_USSS-314_M1958_1880-11-01_OBS-2.jpg
1880	11	04	21	00	0	3.79	|	orig=.112 inHg|Local time: 2100|QC flag: low value|Image File: YorkFactory_USSS-314_M1958_1880-11-01_OBS-2.jpg
1880	11	05	07	00	0	2.10	|	orig=.062 inHg|Local time: 0700|QC flag: low value|Image File: YorkFactory_USSS-314_M1958_1880-11-01_OBS-2.jpg
1880	11	05	14	00	0	3.62	|	orig=.107 inHg|Local time: 1400|QC flag: low value|Image File: YorkFactory_USSS-314_M1958_1880-11-01_OBS-2.jpg
1880	11	05	21	00	0	3.28	|	orig=.097 inHg|Local time: 2100|QC flag: low value|Image File: YorkFactory_USSS-314_M1958_1880-11-01_OBS-2.jpg
1880	11	06	07	00	0	2.27	|	orig=.067 inHg|Local time: 0700|QC flag: low value|Image File: YorkFactory_USSS-314_M1958_1880-11-01_OBS-2.jpg
1880	11	06	14	00	0	3.15	|	orig=.093 inHg|Local time: 1400|QC flag: low value|Image File: YorkFactory_USSS-314_M1958_1880-11-01_OBS-2.jpg
1880	11	06	21	00	0	3.79	|	orig=.112 inHg|Local time: 2100|QC flag: low value|Image File: YorkFactory_USSS-314_M1958_1880-11-01_OBS-2.jpg
1880	11	07	07	00	0	4.17	|	orig=.123 inHg|Local time: 0700|QC flag: low value|Image File: YorkFactory_USSS-314_M1958_1880-11-01_OBS-2.jpg
1880	11	07	14	00	0	4.57	|	orig=.135 inHg|Local time: 1400|QC flag: low value|Image File: YorkFactory_USSS-314_M1958_1880-11-01_OBS-2.jpg
1880	11	07	21	00	0	4.37	|	orig=.129 inHg|Local time: 2100|QC flag: low value|Image File: YorkFactory_USSS-314_M1958_1880-11-01_OBS-2.jpg
1880	11	08	07	00	0	3.45	|	orig=.102 inHg|Local time: 0700|QC flag: low value|Image File: YorkFactory_USSS-314_M1958_1880-11-01_OBS-2.jpg
1880	11	08	14	00	0	4.67	|	orig=.138 inHg|Local time: 1400|QC flag: low value|Image File: YorkFactory_USSS-314_M1958_1880-11-01_OBS-2.jpg
1880	11	08	21	00	0	4.27	|	orig=.126 inHg|Local time: 2100|QC flag: low value|Image File: YorkFactory_USSS-314_M1958_1880-11-01_OBS-2.jpg
1880	11	09	07	00	0	3.15	|	orig=.093 inHg|Local time: 0700|QC flag: low value|Image File: YorkFactory_USSS-314_M1958_1880-11-01_OBS-2.jpg
1880	11	09	14	00	0	3.79	|	orig=.112 inHg|Local time: 1400|QC flag: low value|Image File: YorkFactory_USSS-314_M1958_1880-11-01_OBS-2.jpg
1880	11	09	21	00	0	3.45	|	orig=.102 inHg|Local time: 2100|QC flag: low value|Image File: YorkFactory_USSS-314_M1958_1880-11-01_OBS-2.jpg
1880	11	10	07	00	0	2.84	|	orig=.084 inHg|Local time: 0700|QC flag: low value|Image File: YorkFactory_USSS-314_M1958_1880-11-01_OBS-2.jpg
1880	11	10	14	00	0	2.44	|	orig=.072 inHg|Local time: 1400|QC flag: low value|Image File: YorkFactory_USSS-314_M1958_1880-11-01_OBS-2.jpg
1880	11	10	21	00	0	1.93	|	orig=.057 inHg|Local time: 2100|QC flag: low value|Image File: YorkFactory_USSS-314_M1958_1880-11-01_OBS-2.jpg
1880	11	11	07	00	0	1.73	|	orig=.051 inHg|Local time: 0700|QC flag: low value|Image File: YorkFactory_USSS-314_M1958_1880-11-01_OBS-2.jpg
1880	11	11	14	00	0	2.10	|	orig=.062 inHg|Local time: 1400|QC flag: low value|Image File: YorkFactory_USSS-314_M1958_1880-11-01_OBS-2.jpg
1880	11	11	21	00	0	1.93	|	orig=.057 inHg|Local time: 2100|QC flag: low value|Image File: YorkFactory_USSS-314_M1958_1880-11-01_OBS-2.jpg
1880	11	12	07	00	0	1.66	|	orig=.049 inHg|Local time: 0700|QC flag: low value|Image File: YorkFactory_USSS-314_M1958_1880-11-01_OBS-2.jpg
1880	11	12	14	00	0	2.00	|	orig=.059 inHg|Local time: 1400|QC flag: low value|Image File: YorkFactory_USSS-314_M1958_1880-11-01_OBS-2.jpg
1880	11	12	21	00	0	1.83	|	orig=.054 inHg|Local time: 2100|QC flag: low value|Image File: YorkFactory_USSS-314_M1958_1880-11-01_OBS-2.jpg
1880	11	13	07	00	0	1.73	|	orig=.051 inHg|Local time: 0700|QC flag: low value|Image File: YorkFactory_USSS-314_M1958_1880-11-01_OBS-2.jpg
1880	11	13	14	00	0	1.93	|	orig=.057 inHg|Local time: 1400|QC flag: low value|Image File: YorkFactory_USSS-314_M1958_1880-11-01_OBS-2.jpg
1880	11	13	21	00	0	0.71	|	orig=.021 inHg|Local time: 2100|QC flag: low value|Image File: YorkFactory_USSS-314_M1958_1880-11-01_OBS-2.jpg
1880	11	14	07	00	0	2.47	|	orig=.073 inHg|Local time: 0700|QC flag: low value|Image File: YorkFactory_USSS-314_M1958_1880-11-01_OBS-2.jpg
1880	11	14	14	00	0	3.76	|	orig=.111 inHg|Local time: 1400|QC flag: low value|Image File: YorkFactory_USSS-314_M1958_1880-11-01_OBS-2.jpg
1880	11	14	21	00	0	3.12	|	orig=.092 inHg|Local time: 2100|QC flag: low value|Image File: YorkFactory_USSS-314_M1958_1880-11-01_OBS-2.jpg
1880	11	15	07	00	0	2.98	|	orig=.088 inHg|Local time: 0700|QC flag: low value|Image File: YorkFactory_USSS-314_M1958_1880-11-01_OBS-2.jpg
1880	11	15	14	00	0	1.49	|	orig=.044 inHg|Local time: 1400|QC flag: low value|Image File: YorkFactory_USSS-314_M1958_1880-11-01_OBS-2.jpg
1880	11	15	21	00	0	1.42	|	orig=.042 inHg|Local time: 2100|QC flag: low value|Image File: YorkFactory_USSS-314_M1958_1880-11-01_OBS-2.jpg
1880	11	16	07	00	0	1.90	|	orig=.056 inHg|Local time: 0700|QC flag: low value|Image File: YorkFactory_USSS-314_M1958_1880-11-01_OBS-2.jpg
1880	11	16	14	00	0	3.15	|	orig=.093 inHg|Local time: 1400|QC flag: low value|Image File: YorkFactory_USSS-314_M1958_1880-11-01_OBS-2.jpg
1880	11	16	21	00	0	2.57	|	orig=.076 inHg|Local time: 2100|QC flag: low value|Image File: YorkFactory_USSS-314_M1958_1880-11-01_OBS-2.jpg
1880	11	17	07	00	0	1.73	|	orig=.051 inHg|Local time: 0700|QC flag: low value|Image File: YorkFactory_USSS-314_M1958_1880-11-01_OBS-2.jpg
1880	11	17	14	00	0	1.73	|	orig=.051 inHg|Local time: 1400|QC flag: low value|Image File: YorkFactory_USSS-314_M1958_1880-11-01_OBS-2.jpg
1880	11	17	21	00	0	1.86	|	orig=.055 inHg|Local time: 2100|QC flag: low value|Image File: YorkFactory_USSS-314_M1958_1880-11-01_OBS-2.jpg
1880	11	18	07	00	0	0.91	|	orig=.027 inHg|Local time: 0700|QC flag: low value|Image File: YorkFactory_USSS-314_M1958_1880-11-01_OBS-2.jpg
1880	11	18	14	00	0	0.64	|	orig=.019 inHg|Local time: 1400|QC flag: low value|Image File: YorkFactory_USSS-314_M1958_1880-11-01_OBS-2.jpg
1880	11	18	21	00	0	-999	|	orig=" inHg|Local time: 2100|QC flag: missing|Image File: YorkFactory_USSS-314_M1958_1880-11-01_OBS-2.jpg
1880	11	19	07	00	0	-999	|	orig=" inHg|Local time: 0700|QC flag: missing|Image File: YorkFactory_USSS-314_M1958_1880-11-01_OBS-2.jpg
1880	11	19	14	00	0	-999	|	orig=" inHg|Local time: 1400|QC flag: missing|Image File: YorkFactory_USSS-314_M1958_1880-11-01_OBS-2.jpg
1880	11	19	21	00	0	-999	|	orig=" inHg|Local time: 2100|QC flag: missing|Image File: YorkFactory_USSS-314_M1958_1880-11-01_OBS-2.jpg
1880	11	20	07	00	0	-999	|	orig=" inHg|Local time: 0700|QC flag: missing|Image File: YorkFactory_USSS-314_M1958_1880-11-01_OBS-2.jpg
1880	11	20	14	00	0	-999	|	orig=" inHg|Local time: 1400|QC flag: missing|Image File: YorkFactory_USSS-314_M1958_1880-11-01_OBS-2.jpg
1880	11	20	21	00	0	-999	|	orig=" inHg|Local time: 2100|QC flag: missing|Image File: YorkFactory_USSS-314_M1958_1880-11-01_OBS-2.jpg
1880	11	21	07	00	0	-999	|	orig=" inHg|Local time: 0700|QC flag: missing|Image File: YorkFactory_USSS-314_M1958_1880-11-01_OBS-2.jpg
1880	11	21	14	00	0	-999	|	orig=" inHg|Local time: 1400|QC flag: missing|Image File: YorkFactory_USSS-314_M1958_1880-11-01_OBS-2.jpg
1880	11	21	21	00	0	0.58	|	orig=.017 inHg|Local time: 2100|QC flag: low value|Image File: YorkFactory_USSS-314_M1958_1880-11-01_OBS-2.jpg
1880	11	22	07	00	0	1.02	|	orig=.030 inHg|Local time: 0700|QC flag: low value|Image File: YorkFactory_USSS-314_M1958_1880-11-01_OBS-2.jpg
1880	11	22	14	00	0	1.22	|	orig=.036 inHg|Local time: 1400|QC flag: low value|Image File: YorkFactory_USSS-314_M1958_1880-11-01_OBS-2.jpg
1880	11	22	21	00	0	1.08	|	orig=.032 inHg|Local time: 2100|QC flag: low value|Image File: YorkFactory_USSS-314_M1958_1880-11-01_OBS-2.jpg
1880	11	23	07	00	0	0.71	|	orig=.021 inHg|Local time: 0700|QC flag: low value|Image File: YorkFactory_USSS-314_M1958_1880-11-01_OBS-2.jpg
1880	11	23	14	00	0	0.88	|	orig=.026 inHg|Local time: 1400|QC flag: low value|Image File: YorkFactory_USSS-314_M1958_1880-11-01_OBS-2.jpg
1880	11	23	21	00	0	0.68	|	orig=.020 inHg|Local time: 2100|QC flag: low value|Image File: YorkFactory_USSS-314_M1958_1880-11-01_OBS-2.jpg
1880	11	24	07	00	0	0.47	|	orig=.014 inHg|Local time: 0700|QC flag: low value|Image File: YorkFactory_USSS-314_M1958_1880-11-01_OBS-2.jpg
1880	11	24	14	00	0	1.08	|	orig=.032 inHg|Local time: 1400|QC flag: low value|Image File: YorkFactory_USSS-314_M1958_1880-11-01_OBS-2.jpg
1880	11	24	21	00	0	0.98	|	orig=.029 inHg|Local time: 2100|QC flag: low value|Image File: YorkFactory_USSS-314_M1958_1880-11-01_OBS-2.jpg
1880	11	25	07	00	0	-999	|	orig=" inHg|Local time: 0700|QC flag: missing|Image File: YorkFactory_USSS-314_M1958_1880-11-01_OBS-2.jpg
1880	11	25	14	00	0	0.58	|	orig=.017 inHg|Local time: 1400|QC flag: low value|Image File: YorkFactory_USSS-314_M1958_1880-11-01_OBS-2.jpg
1880	11	25	21	00	0	0.78	|	orig=.023 inHg|Local time: 2100|QC flag: low value|Image File: YorkFactory_USSS-314_M1958_1880-11-01_OBS-2.jpg
1880	11	26	07	00	0	0.61	|	orig=.018 inHg|Local time: 0700|QC flag: low value|Image File: YorkFactory_USSS-314_M1958_1880-11-01_OBS-2.jpg
1880	11	26	14	00	0	1.56	|	orig=.046 inHg|Local time: 1400|QC flag: low value|Image File: YorkFactory_USSS-314_M1958_1880-11-01_OBS-2.jpg
1880	11	26	21	00	0	1.22	|	orig=.036 inHg|Local time: 2100|QC flag: low value|Image File: YorkFactory_USSS-314_M1958_1880-11-01_OBS-2.jpg
1880	11	27	07	00	0	0.58	|	orig=.017 inHg|Local time: 0700|QC flag: low value|Image File: YorkFactory_USSS-314_M1958_1880-11-01_OBS-2.jpg
1880	11	27	14	00	0	1.08	|	orig=.032 inHg|Local time: 1400|QC flag: low value|Image File: YorkFactory_USSS-314_M1958_1880-11-01_OBS-2.jpg
1880	11	27	21	00	0	0.51	|	orig=.015 inHg|Local time: 2100|QC flag: low value|Image File: YorkFactory_USSS-314_M1958_1880-11-01_OBS-2.jpg
1880	11	28	07	00	0	0.44	|	orig=.013 inHg|Local time: 0700|QC flag: low value|Image File: YorkFactory_USSS-314_M1958_1880-11-01_OBS-2.jpg
1880	11	28	14	00	0	0.64	|	orig=.019 inHg|Local time: 1400|QC flag: low value|Image File: YorkFactory_USSS-314_M1958_1880-11-01_OBS-2.jpg
1880	11	28	21	00	0	-999	|	orig=" inHg|Local time: 2100|QC flag: missing|Image File: YorkFactory_USSS-314_M1958_1880-11-01_OBS-2.jpg
1880	11	29	07	00	0	-999	|	orig=" inHg|Local time: 0700|QC flag: missing|Image File: YorkFactory_USSS-314_M1958_1880-11-01_OBS-2.jpg
1880	11	29	14	00	0	-999	|	orig=" inHg|Local time: 1400|QC flag: missing|Image File: YorkFactory_USSS-314_M1958_1880-11-01_OBS-2.jpg
1880	11	29	21	00	0	-999	|	orig=" inHg|Local time: 2100|QC flag: missing|Image File: YorkFactory_USSS-314_M1958_1880-11-01_OBS-2.jpg
1880	11	30	07	00	0	0.41	|	orig=.012 inHg|Local time: 0700|QC flag: low value|Image File: YorkFactory_USSS-314_M1958_1880-11-01_OBS-2.jpg
1880	11	30	14	00	0	0.68	|	orig=.020 inHg|Local time: 1400|QC flag: low value|Image File: YorkFactory_USSS-314_M1958_1880-11-01_OBS-2.jpg
1880	11	30	21	00	0	0.47	|	orig=.014 inHg|Local time: 2100|QC flag: low value|Image File: YorkFactory_USSS-314_M1958_1880-11-01_OBS-2.jpg
1880	12	01	07	00	0	-999	|	orig=" inHg|Local time: 0700|QC flag: missing|Image File: YorkFactory_USSS-314_M1958_1880-12-01_OBS-2.jpg
1880	12	01	14	00	0	0.71	|	orig=0.021 inHg|Local time: 1400|QC flag: low value|Image File: YorkFactory_USSS-314_M1958_1880-12-01_OBS-2.jpg
1880	12	01	21	00	0	0.64	|	orig=0.019 inHg|Local time: 2100|QC flag: low value|Image File: YorkFactory_USSS-314_M1958_1880-12-01_OBS-2.jpg
1880	12	02	07	00	0	0.44	|	orig=0.013 inHg|Local time: 0700|QC flag: low value|Image File: YorkFactory_USSS-314_M1958_1880-12-01_OBS-2.jpg
1880	12	02	14	00	0	0.81	|	orig=0.024 inHg|Local time: 1400|QC flag: low value|Image File: YorkFactory_USSS-314_M1958_1880-12-01_OBS-2.jpg
1880	12	02	21	00	0	0.47	|	orig=0.014 inHg|Local time: 2100|QC flag: low value|Image File: YorkFactory_USSS-314_M1958_1880-12-01_OBS-2.jpg
1880	12	03	07	00	0	0.58	|	orig=0.017 inHg|Local time: 0700|QC flag: low value|Image File: YorkFactory_USSS-314_M1958_1880-12-01_OBS-2.jpg
1880	12	03	14	00	0	0.64	|	orig=0.019 inHg|Local time: 1400|QC flag: low value|Image File: YorkFactory_USSS-314_M1958_1880-12-01_OBS-2.jpg
1880	12	03	21	00	0	0.44	|	orig=0.013 inHg|Local time: 2100|QC flag: low value|Image File: YorkFactory_USSS-314_M1958_1880-12-01_OBS-2.jpg
1880	12	04	07	00	0	-999	|	orig=" inHg|Local time: 0700|QC flag: missing|Image File: YorkFactory_USSS-314_M1958_1880-12-01_OBS-2.jpg
1880	12	04	14	00	0	-999	|	orig=" inHg|Local time: 1400|QC flag: missing|Image File: YorkFactory_USSS-314_M1958_1880-12-01_OBS-2.jpg
1880	12	04	21	00	0	-999	|	orig=" inHg|Local time: 2100|QC flag: missing|Image File: YorkFactory_USSS-314_M1958_1880-12-01_OBS-2.jpg
1880	12	05	07	00	0	-999	|	orig=" inHg|Local time: 0700|QC flag: missing|Image File: YorkFactory_USSS-314_M1958_1880-12-01_OBS-2.jpg
1880	12	05	14	00	0	-999	|	orig=" inHg|Local time: 1400|QC flag: missing|Image File: YorkFactory_USSS-314_M1958_1880-12-01_OBS-2.jpg
1880	12	05	21	00	0	-999	|	orig=" inHg|Local time: 2100|QC flag: missing|Image File: YorkFactory_USSS-314_M1958_1880-12-01_OBS-2.jpg
1880	12	06	07	00	0	-999	|	orig=" inHg|Local time: 0700|QC flag: missing|Image File: YorkFactory_USSS-314_M1958_1880-12-01_OBS-2.jpg
1880	12	06	14	00	0	-999	|	orig=" inHg|Local time: 1400|QC flag: missing|Image File: YorkFactory_USSS-314_M1958_1880-12-01_OBS-2.jpg
1880	12	06	21	00	0	-999	|	orig=" inHg|Local time: 2100|QC flag: missing|Image File: YorkFactory_USSS-314_M1958_1880-12-01_OBS-2.jpg
1880	12	07	07	00	0	-999	|	orig=" inHg|Local time: 0700|QC flag: missing|Image File: YorkFactory_USSS-314_M1958_1880-12-01_OBS-2.jpg
1880	12	07	14	00	0	0.58	|	orig=0.017 inHg|Local time: 1400|QC flag: low value|Image File: YorkFactory_USSS-314_M1958_1880-12-01_OBS-2.jpg
1880	12	07	21	00	0	0.68	|	orig=0.020 inHg|Local time: 2100|QC flag: low value|Image File: YorkFactory_USSS-314_M1958_1880-12-01_OBS-2.jpg
1880	12	08	07	00	0	0.64	|	orig=0.019 inHg|Local time: 0700|QC flag: low value|Image File: YorkFactory_USSS-314_M1958_1880-12-01_OBS-2.jpg
1880	12	08	14	00	0	0.81	|	orig=0.024 inHg|Local time: 1400|QC flag: low value|Image File: YorkFactory_USSS-314_M1958_1880-12-01_OBS-2.jpg
1880	12	08	21	00	0	0.88	|	orig=0.026 inHg|Local time: 2100|QC flag: low value|Image File: YorkFactory_USSS-314_M1958_1880-12-01_OBS-2.jpg
1880	12	09	07	00	0	1.19	|	orig=0.035 inHg|Local time: 0700|QC flag: low value|Image File: YorkFactory_USSS-314_M1958_1880-12-01_OBS-2.jpg
1880	12	09	14	00	0	1.05	|	orig=0.031 inHg|Local time: 1400|QC flag: low value|Image File: YorkFactory_USSS-314_M1958_1880-12-01_OBS-2.jpg
1880	12	09	21	00	0	0.68	|	orig=0.020 inHg|Local time: 2100|QC flag: low value|Image File: YorkFactory_USSS-314_M1958_1880-12-01_OBS-2.jpg
1880	12	10	07	00	0	0.58	|	orig=0.017 inHg|Local time: 0700|QC flag: low value|Image File: YorkFactory_USSS-314_M1958_1880-12-01_OBS-2.jpg
1880	12	10	14	00	0	0.47	|	orig=0.014 inHg|Local time: 1400|QC flag: low value|Image File: YorkFactory_USSS-314_M1958_1880-12-01_OBS-2.jpg
1880	12	10	21	00	0	-999	|	orig=" inHg|Local time: 2100|QC flag: missing|Image File: YorkFactory_USSS-314_M1958_1880-12-01_OBS-2.jpg
1880	12	11	07	00	0	-999	|	orig=" inHg|Local time: 0700|QC flag: missing|Image File: YorkFactory_USSS-314_M1958_1880-12-01_OBS-2.jpg
1880	12	11	14	00	0	-999	|	orig=" inHg|Local time: 1400|QC flag: missing|Image File: YorkFactory_USSS-314_M1958_1880-12-01_OBS-2.jpg
1880	12	11	21	00	0	-999	|	orig=" inHg|Local time: 2100|QC flag: missing|Image File: YorkFactory_USSS-314_M1958_1880-12-01_OBS-2.jpg
1880	12	12	07	00	0	-999	|	orig=" inHg|Local time: 0700|QC flag: missing|Image File: YorkFactory_USSS-314_M1958_1880-12-01_OBS-2.jpg
1880	12	12	14	00	0	0.41	|	orig=0.012 inHg|Local time: 1400|QC flag: low value|Image File: YorkFactory_USSS-314_M1958_1880-12-01_OBS-2.jpg
1880	12	12	21	00	0	0.47	|	orig=0.014 inHg|Local time: 2100|QC flag: low value|Image File: YorkFactory_USSS-314_M1958_1880-12-01_OBS-2.jpg
1880	12	13	07	00	0	0.58	|	orig=0.017 inHg|Local time: 0700|QC flag: low value|Image File: YorkFactory_USSS-314_M1958_1880-12-01_OBS-2.jpg
1880	12	13	14	00	0	0.81	|	orig=0.024 inHg|Local time: 1400|QC flag: low value|Image File: YorkFactory_USSS-314_M1958_1880-12-01_OBS-2.jpg
1880	12	13	21	00	0	0.68	|	orig=0.020 inHg|Local time: 2100|QC flag: low value|Image File: YorkFactory_USSS-314_M1958_1880-12-01_OBS-2.jpg
1880	12	14	07	00	0	0.68	|	orig=0.020 inHg|Local time: 0700|QC flag: low value|Image File: YorkFactory_USSS-314_M1958_1880-12-01_OBS-2.jpg
1880	12	14	14	00	0	0.71	|	orig=0.021 inHg|Local time: 1400|QC flag: low value|Image File: YorkFactory_USSS-314_M1958_1880-12-01_OBS-2.jpg
1880	12	14	21	00	0	0.61	|	orig=0.018 inHg|Local time: 2100|QC flag: low value|Image File: YorkFactory_USSS-314_M1958_1880-12-01_OBS-2.jpg
1880	12	15	07	00	0	-999	|	orig=" inHg|Local time: 0700|QC flag: missing|Image File: YorkFactory_USSS-314_M1958_1880-12-01_OBS-2.jpg
1880	12	15	14	00	0	0.47	|	orig=0.014 inHg|Local time: 1400|QC flag: low value|Image File: YorkFactory_USSS-314_M1958_1880-12-01_OBS-2.jpg
1880	12	15	21	00	0	0.41	|	orig=0.012 inHg|Local time: 2100|QC flag: low value|Image File: YorkFactory_USSS-314_M1958_1880-12-01_OBS-2.jpg
1880	12	16	07	00	0	-999	|	orig=" inHg|Local time: 0700|QC flag: missing|Image File: YorkFactory_USSS-314_M1958_1880-12-01_OBS-2.jpg
1880	12	16	14	00	0	0.61	|	orig=0.018 inHg|Local time: 1400|QC flag: low value|Image File: YorkFactory_USSS-314_M1958_1880-12-01_OBS-2.jpg
1880	12	16	21	00	0	0.44	|	orig=0.013 inHg|Local time: 2100|QC flag: low value|Image File: YorkFactory_USSS-314_M1958_1880-12-01_OBS-2.jpg
1880	12	17	07	00	0	-999	|	orig=" inHg|Local time: 0700|QC flag: missing|Image File: YorkFactory_USSS-314_M1958_1880-12-01_OBS-2.jpg
1880	12	17	14	00	0	-999	|	orig=" inHg|Local time: 1400|QC flag: missing|Image File: YorkFactory_USSS-314_M1958_1880-12-01_OBS-2.jpg
1880	12	17	21	00	0	0.41	|	orig=0.012 inHg|Local time: 2100|QC flag: low value|Image File: YorkFactory_USSS-314_M1958_1880-12-01_OBS-2.jpg
1880	12	18	07	00	0	0.58	|	orig=0.017 inHg|Local time: 0700|QC flag: low value|Image File: YorkFactory_USSS-314_M1958_1880-12-01_OBS-2.jpg
1880	12	18	14	00	0	0.44	|	orig=0.013 inHg|Local time: 1400|QC flag: low value|Image File: YorkFactory_USSS-314_M1958_1880-12-01_OBS-2.jpg
1880	12	18	21	00	0	-999	|	orig=" inHg|Local time: 2100|QC flag: missing|Image File: YorkFactory_USSS-314_M1958_1880-12-01_OBS-2.jpg
1880	12	19	07	00	0	-999	|	orig=" inHg|Local time: 0700|QC flag: missing|Image File: YorkFactory_USSS-314_M1958_1880-12-01_OBS-2.jpg
1880	12	19	14	00	0	0.61	|	orig=0.018 inHg|Local time: 1400|QC flag: low value|Image File: YorkFactory_USSS-314_M1958_1880-12-01_OBS-2.jpg
1880	12	19	21	00	0	0.51	|	orig=0.015 inHg|Local time: 2100|QC flag: low value|Image File: YorkFactory_USSS-314_M1958_1880-12-01_OBS-2.jpg
1880	12	20	07	00	0	-999	|	orig=" inHg|Local time: 0700|QC flag: missing|Image File: YorkFactory_USSS-314_M1958_1880-12-01_OBS-2.jpg
1880	12	20	14	00	0	0.58	|	orig=0.017 inHg|Local time: 1400|QC flag: low value|Image File: YorkFactory_USSS-314_M1958_1880-12-01_OBS-2.jpg
1880	12	20	21	00	0	0.41	|	orig=0.012 inHg|Local time: 2100|QC flag: low value|Image File: YorkFactory_USSS-314_M1958_1880-12-01_OBS-2.jpg
1880	12	21	07	00	0	-999	|	orig=" inHg|Local time: 0700|QC flag: missing|Image File: YorkFactory_USSS-314_M1958_1880-12-01_OBS-2.jpg
1880	12	21	14	00	0	0.64	|	orig=0.019 inHg|Local time: 1400|QC flag: low value|Image File: YorkFactory_USSS-314_M1958_1880-12-01_OBS-2.jpg
1880	12	21	21	00	0	-999	|	orig=" inHg|Local time: 2100|QC flag: missing|Image File: YorkFactory_USSS-314_M1958_1880-12-01_OBS-2.jpg
1880	12	22	07	00	0	-999	|	orig=" inHg|Local time: 0700|QC flag: missing|Image File: YorkFactory_USSS-314_M1958_1880-12-01_OBS-2.jpg
1880	12	22	14	00	0	-999	|	orig=" inHg|Local time: 1400|QC flag: missing|Image File: YorkFactory_USSS-314_M1958_1880-12-01_OBS-2.jpg
1880	12	22	21	00	0	-999	|	orig=" inHg|Local time: 2100|QC flag: missing|Image File: YorkFactory_USSS-314_M1958_1880-12-01_OBS-2.jpg
1880	12	23	07	00	0	-999	|	orig=" inHg|Local time: 0700|QC flag: missing|Image File: YorkFactory_USSS-314_M1958_1880-12-01_OBS-2.jpg
1880	12	23	14	00	0	0.47	|	orig=0.014 inHg|Local time: 1400|QC flag: low value|Image File: YorkFactory_USSS-314_M1958_1880-12-01_OBS-2.jpg
1880	12	23	21	00	0	-999	|	orig=" inHg|Local time: 2100|QC flag: missing|Image File: YorkFactory_USSS-314_M1958_1880-12-01_OBS-2.jpg
1880	12	24	07	00	0	-999	|	orig=" inHg|Local time: 0700|QC flag: missing|Image File: YorkFactory_USSS-314_M1958_1880-12-01_OBS-2.jpg
1880	12	24	14	00	0	-999	|	orig=" inHg|Local time: 1400|QC flag: missing|Image File: YorkFactory_USSS-314_M1958_1880-12-01_OBS-2.jpg
1880	12	24	21	00	0	-999	|	orig=" inHg|Local time: 2100|QC flag: missing|Image File: YorkFactory_USSS-314_M1958_1880-12-01_OBS-2.jpg
1880	12	25	07	00	0	-999	|	orig=" inHg|Local time: 0700|QC flag: missing|Image File: YorkFactory_USSS-314_M1958_1880-12-01_OBS-2.jpg
1880	12	25	14	00	0	-999	|	orig=" inHg|Local time: 1400|QC flag: missing|Image File: YorkFactory_USSS-314_M1958_1880-12-01_OBS-2.jpg
1880	12	25	21	00	0	-999	|	orig=" inHg|Local time: 2100|QC flag: missing|Image File: YorkFactory_USSS-314_M1958_1880-12-01_OBS-2.jpg
1880	12	26	07	00	0	-999	|	orig=" inHg|Local time: 0700|QC flag: missing|Image File: YorkFactory_USSS-314_M1958_1880-12-01_OBS-2.jpg
1880	12	26	14	00	0	-999	|	orig=" inHg|Local time: 1400|QC flag: missing|Image File: YorkFactory_USSS-314_M1958_1880-12-01_OBS-2.jpg
1880	12	26	21	00	0	-999	|	orig=" inHg|Local time: 2100|QC flag: missing|Image File: YorkFactory_USSS-314_M1958_1880-12-01_OBS-2.jpg
1880	12	27	07	00	0	-999	|	orig=" inHg|Local time: 0700|QC flag: missing|Image File: YorkFactory_USSS-314_M1958_1880-12-01_OBS-2.jpg
1880	12	27	14	00	0	-999	|	orig=" inHg|Local time: 1400|QC flag: missing|Image File: YorkFactory_USSS-314_M1958_1880-12-01_OBS-2.jpg
1880	12	27	21	00	0	0.51	|	orig=0.015 inHg|Local time: 2100|QC flag: low value|Image File: YorkFactory_USSS-314_M1958_1880-12-01_OBS-2.jpg
1880	12	28	07	00	0	0.71	|	orig=0.021 inHg|Local time: 0700|QC flag: low value|Image File: YorkFactory_USSS-314_M1958_1880-12-01_OBS-2.jpg
1880	12	28	14	00	0	0.47	|	orig=0.014 inHg|Local time: 1400|QC flag: low value|Image File: YorkFactory_USSS-314_M1958_1880-12-01_OBS-2.jpg
1880	12	28	21	00	0	0.47	|	orig=0.014 inHg|Local time: 2100|QC flag: low value|Image File: YorkFactory_USSS-314_M1958_1880-12-01_OBS-2.jpg
1880	12	29	07	00	0	0.47	|	orig=0.014 inHg|Local time: 0700|QC flag: low value|Image File: YorkFactory_USSS-314_M1958_1880-12-01_OBS-2.jpg
1880	12	29	14	00	0	0.51	|	orig=0.015 inHg|Local time: 1400|QC flag: low value|Image File: YorkFactory_USSS-314_M1958_1880-12-01_OBS-2.jpg
1880	12	29	21	00	0	0.41	|	orig=0.012 inHg|Local time: 2100|QC flag: low value|Image File: YorkFactory_USSS-314_M1958_1880-12-01_OBS-2.jpg
1880	12	30	07	00	0	-999	|	orig=Empty inHg|Local time: 0700|QC flag: missing|Image File: YorkFactory_USSS-314_M1958_1880-12-01_OBS-2.jpg
1880	12	30	14	00	0	0.78	|	orig=0.023 inHg|Local time: 1400|QC flag: low value|Image File: YorkFactory_USSS-314_M1958_1880-12-01_OBS-2.jpg
1880	12	30	21	00	0	0.71	|	orig=0.021 inHg|Local time: 2100|QC flag: low value|Image File: YorkFactory_USSS-314_M1958_1880-12-01_OBS-2.jpg
1880	12	31	07	00	0	0.71	|	orig=0.021 inHg|Local time: 0700|QC flag: low value|Image File: YorkFactory_USSS-314_M1958_1880-12-01_OBS-2.jpg
1880	12	31	14	00	0	0.68	|	orig=0.020 inHg|Local time: 1400|QC flag: low value|Image File: YorkFactory_USSS-314_M1958_1880-12-01_OBS-2.jpg
1880	12	31	21	00	0	-999	|	orig=" inHg|Local time: 2100|QC flag: missing|Image File: YorkFactory_USSS-314_M1958_1880-12-01_OBS-2.jpg
1881	01	01	07	00	0	-999	|	orig=" inHg|Local time: 0700|QC flag: missing|Image File: YorkFactory_USSS-314_M1958_1881-01-01_OBS-2.jpg
1881	01	01	14	00	0	-999	|	orig=" inHg|Local time: 1400|QC flag: missing|Image File: YorkFactory_USSS-314_M1958_1881-01-01_OBS-2.jpg
1881	01	01	21	00	0	-999	|	orig=" inHg|Local time: 2100|QC flag: missing|Image File: YorkFactory_USSS-314_M1958_1881-01-01_OBS-2.jpg
1881	01	02	07	00	0	0.47	|	orig=.014 inHg|Local time: 0700|QC flag: low value|Image File: YorkFactory_USSS-314_M1958_1881-01-01_OBS-2.jpg
1881	01	02	14	00	0	0.78	|	orig=.023 inHg|Local time: 1400|QC flag: low value|Image File: YorkFactory_USSS-314_M1958_1881-01-01_OBS-2.jpg
1881	01	02	21	00	0	0.61	|	orig=.018 inHg|Local time: 2100|QC flag: low value|Image File: YorkFactory_USSS-314_M1958_1881-01-01_OBS-2.jpg
1881	01	03	07	00	0	-999	|	orig=" inHg|Local time: 0700|QC flag: missing|Image File: YorkFactory_USSS-314_M1958_1881-01-01_OBS-2.jpg
1881	01	03	14	00	0	0.64	|	orig=.019 inHg|Local time: 1400|QC flag: low value|Image File: YorkFactory_USSS-314_M1958_1881-01-01_OBS-2.jpg
1881	01	03	21	00	0	-999	|	orig=" inHg|Local time: 2100|QC flag: missing|Image File: YorkFactory_USSS-314_M1958_1881-01-01_OBS-2.jpg
1881	01	04	07	00	0	-999	|	orig=" inHg|Local time: 0700|QC flag: missing|Image File: YorkFactory_USSS-314_M1958_1881-01-01_OBS-2.jpg
1881	01	04	14	00	0	-999	|	orig=" inHg|Local time: 1400|QC flag: missing|Image File: YorkFactory_USSS-314_M1958_1881-01-01_OBS-2.jpg
1881	01	04	21	00	0	-999	|	orig=" inHg|Local time: 2100|QC flag: missing|Image File: YorkFactory_USSS-314_M1958_1881-01-01_OBS-2.jpg
1881	01	05	07	00	0	-999	|	orig=" inHg|Local time: 0700|QC flag: missing|Image File: YorkFactory_USSS-314_M1958_1881-01-01_OBS-2.jpg
1881	01	05	14	00	0	-999	|	orig=" inHg|Local time: 1400|QC flag: missing|Image File: YorkFactory_USSS-314_M1958_1881-01-01_OBS-2.jpg
1881	01	05	21	00	0	-999	|	orig=" inHg|Local time: 2100|QC flag: missing|Image File: YorkFactory_USSS-314_M1958_1881-01-01_OBS-2.jpg
1881	01	06	07	00	0	-999	|	orig=" inHg|Local time: 0700|QC flag: missing|Image File: YorkFactory_USSS-314_M1958_1881-01-01_OBS-2.jpg
1881	01	06	14	00	0	-999	|	orig=" inHg|Local time: 1400|QC flag: missing|Image File: YorkFactory_USSS-314_M1958_1881-01-01_OBS-2.jpg
1881	01	06	21	00	0	-999	|	orig=" inHg|Local time: 2100|QC flag: missing|Image File: YorkFactory_USSS-314_M1958_1881-01-01_OBS-2.jpg
1881	01	07	07	00	0	-999	|	orig=" inHg|Local time: 0700|QC flag: missing|Image File: YorkFactory_USSS-314_M1958_1881-01-01_OBS-2.jpg
1881	01	07	14	00	0	-999	|	orig=" inHg|Local time: 1400|QC flag: missing|Image File: YorkFactory_USSS-314_M1958_1881-01-01_OBS-2.jpg
1881	01	07	21	00	0	-999	|	orig=" inHg|Local time: 2100|QC flag: missing|Image File: YorkFactory_USSS-314_M1958_1881-01-01_OBS-2.jpg
1881	01	08	07	00	0	-999	|	orig=" inHg|Local time: 0700|QC flag: missing|Image File: YorkFactory_USSS-314_M1958_1881-01-01_OBS-2.jpg
1881	01	08	14	00	0	-999	|	orig=" inHg|Local time: 1400|QC flag: missing|Image File: YorkFactory_USSS-314_M1958_1881-01-01_OBS-2.jpg
1881	01	08	21	00	0	-999	|	orig=" inHg|Local time: 2100|QC flag: missing|Image File: YorkFactory_USSS-314_M1958_1881-01-01_OBS-2.jpg
1881	01	09	07	00	0	-999	|	orig=" inHg|Local time: 0700|QC flag: missing|Image File: YorkFactory_USSS-314_M1958_1881-01-01_OBS-2.jpg
1881	01	09	14	00	0	-999	|	orig=" inHg|Local time: 1400|QC flag: missing|Image File: YorkFactory_USSS-314_M1958_1881-01-01_OBS-2.jpg
1881	01	09	21	00	0	-999	|	orig=" inHg|Local time: 2100|QC flag: missing|Image File: YorkFactory_USSS-314_M1958_1881-01-01_OBS-2.jpg
1881	01	10	07	00	0	-999	|	orig=" inHg|Local time: 0700|QC flag: missing|Image File: YorkFactory_USSS-314_M1958_1881-01-01_OBS-2.jpg
1881	01	10	14	00	0	-999	|	orig=" inHg|Local time: 1400|QC flag: missing|Image File: YorkFactory_USSS-314_M1958_1881-01-01_OBS-2.jpg
1881	01	10	21	00	0	-999	|	orig=" inHg|Local time: 2100|QC flag: missing|Image File: YorkFactory_USSS-314_M1958_1881-01-01_OBS-2.jpg
1881	01	11	07	00	0	-999	|	orig=" inHg|Local time: 0700|QC flag: missing|Image File: YorkFactory_USSS-314_M1958_1881-01-01_OBS-2.jpg
1881	01	11	14	00	0	-999	|	orig=" inHg|Local time: 1400|QC flag: missing|Image File: YorkFactory_USSS-314_M1958_1881-01-01_OBS-2.jpg
1881	01	11	21	00	0	-999	|	orig=" inHg|Local time: 2100|QC flag: missing|Image File: YorkFactory_USSS-314_M1958_1881-01-01_OBS-2.jpg
1881	01	12	07	00	0	-999	|	orig=" inHg|Local time: 0700|QC flag: missing|Image File: YorkFactory_USSS-314_M1958_1881-01-01_OBS-2.jpg
1881	01	12	14	00	0	-999	|	orig=" inHg|Local time: 1400|QC flag: missing|Image File: YorkFactory_USSS-314_M1958_1881-01-01_OBS-2.jpg
1881	01	12	21	00	0	-999	|	orig=" inHg|Local time: 2100|QC flag: missing|Image File: YorkFactory_USSS-314_M1958_1881-01-01_OBS-2.jpg
1881	01	13	07	00	0	-999	|	orig=" inHg|Local time: 0700|QC flag: missing|Image File: YorkFactory_USSS-314_M1958_1881-01-01_OBS-2.jpg
1881	01	13	14	00	0	-999	|	orig=" inHg|Local time: 1400|QC flag: missing|Image File: YorkFactory_USSS-314_M1958_1881-01-01_OBS-2.jpg
1881	01	13	21	00	0	-999	|	orig=" inHg|Local time: 2100|QC flag: missing|Image File: YorkFactory_USSS-314_M1958_1881-01-01_OBS-2.jpg
1881	01	14	07	00	0	-999	|	orig=" inHg|Local time: 0700|QC flag: missing|Image File: YorkFactory_USSS-314_M1958_1881-01-01_OBS-2.jpg
1881	01	14	14	00	0	-999	|	orig=" inHg|Local time: 1400|QC flag: missing|Image File: YorkFactory_USSS-314_M1958_1881-01-01_OBS-2.jpg
1881	01	14	21	00	0	-999	|	orig=" inHg|Local time: 2100|QC flag: missing|Image File: YorkFactory_USSS-314_M1958_1881-01-01_OBS-2.jpg
1881	01	15	07	00	0	-999	|	orig=" inHg|Local time: 0700|QC flag: missing|Image File: YorkFactory_USSS-314_M1958_1881-01-01_OBS-2.jpg
1881	01	15	14	00	0	-999	|	orig=" inHg|Local time: 1400|QC flag: missing|Image File: YorkFactory_USSS-314_M1958_1881-01-01_OBS-2.jpg
1881	01	15	21	00	0	0.75	|	orig=.022 inHg|Local time: 2100|QC flag: low value|Image File: YorkFactory_USSS-314_M1958_1881-01-01_OBS-2.jpg
1881	01	16	07	00	0	0.41	|	orig=.012 inHg|Local time: 0700|QC flag: low value|Image File: YorkFactory_USSS-314_M1958_1881-01-01_OBS-2.jpg
1881	01	16	14	00	0	0.78	|	orig=.023 inHg|Local time: 1400|QC flag: low value|Image File: YorkFactory_USSS-314_M1958_1881-01-01_OBS-2.jpg
1881	01	16	21	00	0	-999	|	orig=" inHg|Local time: 2100|QC flag: missing|Image File: YorkFactory_USSS-314_M1958_1881-01-01_OBS-2.jpg
1881	01	17	07	00	0	-999	|	orig=" inHg|Local time: 0700|QC flag: missing|Image File: YorkFactory_USSS-314_M1958_1881-01-01_OBS-2.jpg
1881	01	17	14	00	0	-999	|	orig=" inHg|Local time: 1400|QC flag: missing|Image File: YorkFactory_USSS-314_M1958_1881-01-01_OBS-2.jpg
1881	01	17	21	00	0	-999	|	orig=" inHg|Local time: 2100|QC flag: missing|Image File: YorkFactory_USSS-314_M1958_1881-01-01_OBS-2.jpg
1881	01	18	07	00	0	-999	|	orig=" inHg|Local time: 0700|QC flag: missing|Image File: YorkFactory_USSS-314_M1958_1881-01-01_OBS-2.jpg
1881	01	18	14	00	0	-999	|	orig=" inHg|Local time: 1400|QC flag: missing|Image File: YorkFactory_USSS-314_M1958_1881-01-01_OBS-2.jpg
1881	01	18	21	00	0	-999	|	orig=" inHg|Local time: 2100|QC flag: missing|Image File: YorkFactory_USSS-314_M1958_1881-01-01_OBS-2.jpg
1881	01	19	07	00	0	-999	|	orig=" inHg|Local time: 0700|QC flag: missing|Image File: YorkFactory_USSS-314_M1958_1881-01-01_OBS-2.jpg
1881	01	19	14	00	0	0.61	|	orig=.018 inHg|Local time: 1400|QC flag: low value|Image File: YorkFactory_USSS-314_M1958_1881-01-01_OBS-2.jpg
1881	01	19	21	00	0	-999	|	orig=" inHg|Local time: 2100|QC flag: missing|Image File: YorkFactory_USSS-314_M1958_1881-01-01_OBS-2.jpg
1881	01	20	07	00	0	-999	|	orig=" inHg|Local time: 0700|QC flag: missing|Image File: YorkFactory_USSS-314_M1958_1881-01-01_OBS-2.jpg
1881	01	20	14	00	0	0.47	|	orig=.014 inHg|Local time: 1400|QC flag: low value|Image File: YorkFactory_USSS-314_M1958_1881-01-01_OBS-2.jpg
1881	01	20	21	00	0	-999	|	orig=" inHg|Local time: 2100|QC flag: missing|Image File: YorkFactory_USSS-314_M1958_1881-01-01_OBS-2.jpg
1881	01	21	07	00	0	-999	|	orig=" inHg|Local time: 0700|QC flag: missing|Image File: YorkFactory_USSS-314_M1958_1881-01-01_OBS-2.jpg
1881	01	21	14	00	0	-999	|	orig=" inHg|Local time: 1400|QC flag: missing|Image File: YorkFactory_USSS-314_M1958_1881-01-01_OBS-2.jpg
1881	01	21	21	00	0	-999	|	orig=" inHg|Local time: 2100|QC flag: missing|Image File: YorkFactory_USSS-314_M1958_1881-01-01_OBS-2.jpg
1881	01	22	07	00	0	-999	|	orig=" inHg|Local time: 0700|QC flag: missing|Image File: YorkFactory_USSS-314_M1958_1881-01-01_OBS-2.jpg
1881	01	22	14	00	0	-999	|	orig=" inHg|Local time: 1400|QC flag: missing|Image File: YorkFactory_USSS-314_M1958_1881-01-01_OBS-2.jpg
1881	01	22	21	00	0	-999	|	orig=" inHg|Local time: 2100|QC flag: missing|Image File: YorkFactory_USSS-314_M1958_1881-01-01_OBS-2.jpg
1881	01	23	07	00	0	-999	|	orig=" inHg|Local time: 0700|QC flag: missing|Image File: YorkFactory_USSS-314_M1958_1881-01-01_OBS-2.jpg
1881	01	23	14	00	0	-999	|	orig=" inHg|Local time: 1400|QC flag: missing|Image File: YorkFactory_USSS-314_M1958_1881-01-01_OBS-2.jpg
1881	01	23	21	00	0	-999	|	orig=" inHg|Local time: 2100|QC flag: missing|Image File: YorkFactory_USSS-314_M1958_1881-01-01_OBS-2.jpg
1881	01	24	07	00	0	-999	|	orig=" inHg|Local time: 0700|QC flag: missing|Image File: YorkFactory_USSS-314_M1958_1881-01-01_OBS-2.jpg
1881	01	24	14	00	0	-999	|	orig=" inHg|Local time: 1400|QC flag: missing|Image File: YorkFactory_USSS-314_M1958_1881-01-01_OBS-2.jpg
1881	01	24	21	00	0	-999	|	orig=" inHg|Local time: 2100|QC flag: missing|Image File: YorkFactory_USSS-314_M1958_1881-01-01_OBS-2.jpg
1881	01	25	07	00	0	-999	|	orig=" inHg|Local time: 0700|QC flag: missing|Image File: YorkFactory_USSS-314_M1958_1881-01-01_OBS-2.jpg
1881	01	25	14	00	0	0.41	|	orig=.012 inHg|Local time: 1400|QC flag: low value|Image File: YorkFactory_USSS-314_M1958_1881-01-01_OBS-2.jpg
1881	01	25	21	00	0	-999	|	orig=" inHg|Local time: 2100|QC flag: missing|Image File: YorkFactory_USSS-314_M1958_1881-01-01_OBS-2.jpg
1881	01	26	07	00	0	-999	|	orig=" inHg|Local time: 0700|QC flag: missing|Image File: YorkFactory_USSS-314_M1958_1881-01-01_OBS-2.jpg
1881	01	26	14	00	0	0.61	|	orig=.018 inHg|Local time: 1400|QC flag: low value|Image File: YorkFactory_USSS-314_M1958_1881-01-01_OBS-2.jpg
1881	01	26	21	00	0	-999	|	orig=" inHg|Local time: 2100|QC flag: missing|Image File: YorkFactory_USSS-314_M1958_1881-01-01_OBS-2.jpg
1881	01	27	07	00	0	-999	|	orig=" inHg|Local time: 0700|QC flag: missing|Image File: YorkFactory_USSS-314_M1958_1881-01-01_OBS-2.jpg
1881	01	27	14	00	0	0.68	|	orig=.020 inHg|Local time: 1400|QC flag: low value|Image File: YorkFactory_USSS-314_M1958_1881-01-01_OBS-2.jpg
1881	01	27	21	00	0	0.58	|	orig=.017 inHg|Local time: 2100|QC flag: low value|Image File: YorkFactory_USSS-314_M1958_1881-01-01_OBS-2.jpg
1881	01	28	07	00	0	-999	|	orig=" inHg|Local time: 0700|QC flag: missing|Image File: YorkFactory_USSS-314_M1958_1881-01-01_OBS-2.jpg
1881	01	28	14	00	0	-999	|	orig=" inHg|Local time: 1400|QC flag: missing|Image File: YorkFactory_USSS-314_M1958_1881-01-01_OBS-2.jpg
1881	01	28	21	00	0	-999	|	orig=" inHg|Local time: 2100|QC flag: missing|Image File: YorkFactory_USSS-314_M1958_1881-01-01_OBS-2.jpg
1881	01	29	07	00	0	-999	|	orig=" inHg|Local time: 0700|QC flag: missing|Image File: YorkFactory_USSS-314_M1958_1881-01-01_OBS-2.jpg
1881	01	29	14	00	0	-999	|	orig=" inHg|Local time: 1400|QC flag: missing|Image File: YorkFactory_USSS-314_M1958_1881-01-01_OBS-2.jpg
1881	01	29	21	00	0	-999	|	orig=" inHg|Local time: 2100|QC flag: missing|Image File: YorkFactory_USSS-314_M1958_1881-01-01_OBS-2.jpg
1881	01	30	07	00	0	-999	|	orig=" inHg|Local time: 0700|QC flag: missing|Image File: YorkFactory_USSS-314_M1958_1881-01-01_OBS-2.jpg
1881	01	30	14	00	0	0.58	|	orig=.017 inHg|Local time: 1400|QC flag: low value|Image File: YorkFactory_USSS-314_M1958_1881-01-01_OBS-2.jpg
1881	01	30	21	00	0	0.44	|	orig=.013 inHg|Local time: 2100|QC flag: low value|Image File: YorkFactory_USSS-314_M1958_1881-01-01_OBS-2.jpg
1881	01	31	07	00	0	-999	|	orig=" inHg|Local time: 0700|QC flag: missing|Image File: YorkFactory_USSS-314_M1958_1881-01-01_OBS-2.jpg
1881	01	31	14	00	0	-999	|	orig=" inHg|Local time: 1400|QC flag: missing|Image File: YorkFactory_USSS-314_M1958_1881-01-01_OBS-2.jpg
1881	01	31	21	00	0	-999	|	orig=" inHg|Local time: 2100|QC flag: missing|Image File: YorkFactory_USSS-314_M1958_1881-01-01_OBS-2.jpg
1881	02	01	07	00	0	-999	|	orig=" inHg|Local time: 0700|QC flag: missing|Image File: YorkFactory_USSS-314_M1958_1881-02-01_OBS-2.jpg
1881	02	01	14	00	0	-999	|	orig=Retracted inHg|Local time: 1400|QC flag: missing|Image File: YorkFactory_USSS-314_M1958_1881-02-01_OBS-2.jpg
1881	02	01	21	00	0	0.41	|	orig=0.012 inHg|Local time: 2100|QC flag: low value|Image File: YorkFactory_USSS-314_M1958_1881-02-01_OBS-2.jpg
1881	02	02	07	00	0	0.47	|	orig=0.014 inHg|Local time: 0700|QC flag: low value|Image File: YorkFactory_USSS-314_M1958_1881-02-01_OBS-2.jpg
1881	02	02	14	00	0	0.61	|	orig=0.018 inHg|Local time: 1400|QC flag: low value|Image File: YorkFactory_USSS-314_M1958_1881-02-01_OBS-2.jpg
1881	02	02	21	00	0	0.58	|	orig=0.017 inHg|Local time: 2100|QC flag: low value|Image File: YorkFactory_USSS-314_M1958_1881-02-01_OBS-2.jpg
1881	02	03	07	00	0	-999	|	orig=Empty inHg|Local time: 0700|QC flag: missing|Image File: YorkFactory_USSS-314_M1958_1881-02-01_OBS-2.jpg
1881	02	03	14	00	0	0.71	|	orig=0.021 inHg|Local time: 1400|QC flag: low value|Image File: YorkFactory_USSS-314_M1958_1881-02-01_OBS-2.jpg
1881	02	03	21	00	0	0.88	|	orig=0.026 inHg|Local time: 2100|QC flag: low value|Image File: YorkFactory_USSS-314_M1958_1881-02-01_OBS-2.jpg
1881	02	04	07	00	0	0.58	|	orig=0.017 inHg|Local time: 0700|QC flag: low value|Image File: YorkFactory_USSS-314_M1958_1881-02-01_OBS-2.jpg
1881	02	04	14	00	0	0.41	|	orig=0.012 inHg|Local time: 1400|QC flag: low value|Image File: YorkFactory_USSS-314_M1958_1881-02-01_OBS-2.jpg
1881	02	04	21	00	0	-999	|	orig=Retracted inHg|Local time: 2100|QC flag: missing|Image File: YorkFactory_USSS-314_M1958_1881-02-01_OBS-2.jpg
1881	02	05	07	00	0	-999	|	orig=" inHg|Local time: 0700|QC flag: missing|Image File: YorkFactory_USSS-314_M1958_1881-02-01_OBS-2.jpg
1881	02	05	14	00	0	-999	|	orig=Retracted inHg|Local time: 1400|QC flag: missing|Image File: YorkFactory_USSS-314_M1958_1881-02-01_OBS-2.jpg
1881	02	05	21	00	0	-999	|	orig=Retracted inHg|Local time: 2100|QC flag: missing|Image File: YorkFactory_USSS-314_M1958_1881-02-01_OBS-2.jpg
1881	02	06	07	00	0	-999	|	orig=" inHg|Local time: 0700|QC flag: missing|Image File: YorkFactory_USSS-314_M1958_1881-02-01_OBS-2.jpg
1881	02	06	14	00	0	-999	|	orig=Retracted inHg|Local time: 1400|QC flag: missing|Image File: YorkFactory_USSS-314_M1958_1881-02-01_OBS-2.jpg
1881	02	06	21	00	0	-999	|	orig=Retracted inHg|Local time: 2100|QC flag: missing|Image File: YorkFactory_USSS-314_M1958_1881-02-01_OBS-2.jpg
1881	02	07	07	00	0	-999	|	orig=" inHg|Local time: 0700|QC flag: missing|Image File: YorkFactory_USSS-314_M1958_1881-02-01_OBS-2.jpg
1881	02	07	14	00	0	0.44	|	orig=0.013 inHg|Local time: 1400|QC flag: low value|Image File: YorkFactory_USSS-314_M1958_1881-02-01_OBS-2.jpg
1881	02	07	21	00	0	-999	|	orig=Retracted inHg|Local time: 2100|QC flag: missing|Image File: YorkFactory_USSS-314_M1958_1881-02-01_OBS-2.jpg
1881	02	08	07	00	0	-999	|	orig=" inHg|Local time: 0700|QC flag: missing|Image File: YorkFactory_USSS-314_M1958_1881-02-01_OBS-2.jpg
1881	02	08	14	00	0	-999	|	orig=Retracted inHg|Local time: 1400|QC flag: missing|Image File: YorkFactory_USSS-314_M1958_1881-02-01_OBS-2.jpg
1881	02	08	21	00	0	-999	|	orig=Retracted inHg|Local time: 2100|QC flag: missing|Image File: YorkFactory_USSS-314_M1958_1881-02-01_OBS-2.jpg
1881	02	09	07	00	0	0.78	|	orig=0.023 inHg|Local time: 0700|QC flag: low value|Image File: YorkFactory_USSS-314_M1958_1881-02-01_OBS-2.jpg
1881	02	09	14	00	0	1.08	|	orig=0.032 inHg|Local time: 1400|QC flag: low value|Image File: YorkFactory_USSS-314_M1958_1881-02-01_OBS-2.jpg
1881	02	09	21	00	0	0.47	|	orig=0.014 inHg|Local time: 2100|QC flag: low value|Image File: YorkFactory_USSS-314_M1958_1881-02-01_OBS-2.jpg
1881	02	10	07	00	0	-999	|	orig=" inHg|Local time: 0700|QC flag: missing|Image File: YorkFactory_USSS-314_M1958_1881-02-01_OBS-2.jpg
1881	02	10	14	00	0	0.41	|	orig=0.012 inHg|Local time: 1400|QC flag: low value|Image File: YorkFactory_USSS-314_M1958_1881-02-01_OBS-2.jpg
1881	02	10	21	00	0	-999	|	orig=Retracted inHg|Local time: 2100|QC flag: missing|Image File: YorkFactory_USSS-314_M1958_1881-02-01_OBS-2.jpg
1881	02	11	07	00	0	-999	|	orig=" inHg|Local time: 0700|QC flag: missing|Image File: YorkFactory_USSS-314_M1958_1881-02-01_OBS-2.jpg
1881	02	11	14	00	0	0.37	|	orig=0.011 inHg|Local time: 1400|QC flag: low value|Image File: YorkFactory_USSS-314_M1958_1881-02-01_OBS-2.jpg
1881	02	11	21	00	0	-999	|	orig=Retracted inHg|Local time: 2100|QC flag: missing|Image File: YorkFactory_USSS-314_M1958_1881-02-01_OBS-2.jpg
1881	02	12	07	00	0	-999	|	orig=" inHg|Local time: 0700|QC flag: missing|Image File: YorkFactory_USSS-314_M1958_1881-02-01_OBS-2.jpg
1881	02	12	14	00	0	-999	|	orig=Retracted inHg|Local time: 1400|QC flag: missing|Image File: YorkFactory_USSS-314_M1958_1881-02-01_OBS-2.jpg
1881	02	12	21	00	0	0.41	|	orig=0.012 inHg|Local time: 2100|QC flag: low value|Image File: YorkFactory_USSS-314_M1958_1881-02-01_OBS-2.jpg
1881	02	13	07	00	0	0.51	|	orig=0.015 inHg|Local time: 0700|QC flag: low value|Image File: YorkFactory_USSS-314_M1958_1881-02-01_OBS-2.jpg
1881	02	13	14	00	0	0.88	|	orig=0.026 inHg|Local time: 1400|QC flag: low value|Image File: YorkFactory_USSS-314_M1958_1881-02-01_OBS-2.jpg
1881	02	13	21	00	0	0.78	|	orig=0.023 inHg|Local time: 2100|QC flag: low value|Image File: YorkFactory_USSS-314_M1958_1881-02-01_OBS-2.jpg
1881	02	14	07	00	0	0.58	|	orig=0.017 inHg|Local time: 0700|QC flag: low value|Image File: YorkFactory_USSS-314_M1958_1881-02-01_OBS-2.jpg
1881	02	14	14	00	0	1.12	|	orig=0.033 inHg|Local time: 1400|QC flag: low value|Image File: YorkFactory_USSS-314_M1958_1881-02-01_OBS-2.jpg
1881	02	14	21	00	0	1.79	|	orig=0.053 inHg|Local time: 2100|QC flag: low value|Image File: YorkFactory_USSS-314_M1958_1881-02-01_OBS-2.jpg
1881	02	15	07	00	0	1.49	|	orig=0.044 inHg|Local time: 0700|QC flag: low value|Image File: YorkFactory_USSS-314_M1958_1881-02-01_OBS-2.jpg
1881	02	15	14	00	0	2.10	|	orig=0.062 inHg|Local time: 1400|QC flag: low value|Image File: YorkFactory_USSS-314_M1958_1881-02-01_OBS-2.jpg
1881	02	15	21	00	0	1.42	|	orig=0.042 inHg|Local time: 2100|QC flag: low value|Image File: YorkFactory_USSS-314_M1958_1881-02-01_OBS-2.jpg
1881	02	16	07	00	0	0.88	|	orig=0.026 inHg|Local time: 0700|QC flag: low value|Image File: YorkFactory_USSS-314_M1958_1881-02-01_OBS-2.jpg
1881	02	16	14	00	0	0.64	|	orig=0.019 inHg|Local time: 1400|QC flag: low value|Image File: YorkFactory_USSS-314_M1958_1881-02-01_OBS-2.jpg
1881	02	16	21	00	0	0.41	|	orig=0.012 inHg|Local time: 2100|QC flag: low value|Image File: YorkFactory_USSS-314_M1958_1881-02-01_OBS-2.jpg
1881	02	17	07	00	0	-999	|	orig=" inHg|Local time: 0700|QC flag: missing|Image File: YorkFactory_USSS-314_M1958_1881-02-01_OBS-2.jpg
1881	02	17	14	00	0	0.58	|	orig=0.017 inHg|Local time: 1400|QC flag: low value|Image File: YorkFactory_USSS-314_M1958_1881-02-01_OBS-2.jpg
1881	02	17	21	00	0	-999	|	orig=Retracted inHg|Local time: 2100|QC flag: missing|Image File: YorkFactory_USSS-314_M1958_1881-02-01_OBS-2.jpg
1881	02	18	07	00	0	-999	|	orig=" inHg|Local time: 0700|QC flag: missing|Image File: YorkFactory_USSS-314_M1958_1881-02-01_OBS-2.jpg
1881	02	18	14	00	0	-999	|	orig=Retracted inHg|Local time: 1400|QC flag: missing|Image File: YorkFactory_USSS-314_M1958_1881-02-01_OBS-2.jpg
1881	02	18	21	00	0	-999	|	orig=Retracted inHg|Local time: 2100|QC flag: missing|Image File: YorkFactory_USSS-314_M1958_1881-02-01_OBS-2.jpg
1881	02	19	07	00	0	-999	|	orig=" inHg|Local time: 0700|QC flag: missing|Image File: YorkFactory_USSS-314_M1958_1881-02-01_OBS-2.jpg
1881	02	19	14	00	0	0.71	|	orig=0.021 inHg|Local time: 1400|QC flag: low value|Image File: YorkFactory_USSS-314_M1958_1881-02-01_OBS-2.jpg
1881	02	19	21	00	0	0.44	|	orig=0.013 inHg|Local time: 2100|QC flag: low value|Image File: YorkFactory_USSS-314_M1958_1881-02-01_OBS-2.jpg
1881	02	20	07	00	0	-999	|	orig=" inHg|Local time: 0700|QC flag: missing|Image File: YorkFactory_USSS-314_M1958_1881-02-01_OBS-2.jpg
1881	02	20	14	00	0	0.58	|	orig=0.017 inHg|Local time: 1400|QC flag: low value|Image File: YorkFactory_USSS-314_M1958_1881-02-01_OBS-2.jpg
1881	02	20	21	00	0	-999	|	orig=Retracted inHg|Local time: 2100|QC flag: missing|Image File: YorkFactory_USSS-314_M1958_1881-02-01_OBS-2.jpg
1881	02	21	07	00	0	-999	|	orig=" inHg|Local time: 0700|QC flag: missing|Image File: YorkFactory_USSS-314_M1958_1881-02-01_OBS-2.jpg
1881	02	21	14	00	0	0.71	|	orig=0.021 inHg|Local time: 1400|QC flag: low value|Image File: YorkFactory_USSS-314_M1958_1881-02-01_OBS-2.jpg
1881	02	21	21	00	0	-999	|	orig=Retracted inHg|Local time: 2100|QC flag: missing|Image File: YorkFactory_USSS-314_M1958_1881-02-01_OBS-2.jpg
1881	02	22	07	00	0	-999	|	orig=" inHg|Local time: 0700|QC flag: missing|Image File: YorkFactory_USSS-314_M1958_1881-02-01_OBS-2.jpg
1881	02	22	14	00	0	-999	|	orig=" inHg|Local time: 1400|QC flag: missing|Image File: YorkFactory_USSS-314_M1958_1881-02-01_OBS-2.jpg
1881	02	22	21	00	0	-999	|	orig=Retracted inHg|Local time: 2100|QC flag: missing|Image File: YorkFactory_USSS-314_M1958_1881-02-01_OBS-2.jpg
1881	02	23	07	00	0	-999	|	orig=" inHg|Local time: 0700|QC flag: missing|Image File: YorkFactory_USSS-314_M1958_1881-02-01_OBS-2.jpg
1881	02	23	14	00	0	0.58	|	orig=0.017 inHg|Local time: 1400|QC flag: low value|Image File: YorkFactory_USSS-314_M1958_1881-02-01_OBS-2.jpg
1881	02	23	21	00	0	0.47	|	orig=0.014 inHg|Local time: 2100|QC flag: low value|Image File: YorkFactory_USSS-314_M1958_1881-02-01_OBS-2.jpg
1881	02	24	07	00	0	0.44	|	orig=0.013 inHg|Local time: 0700|QC flag: low value|Image File: YorkFactory_USSS-314_M1958_1881-02-01_OBS-2.jpg
1881	02	24	14	00	0	0.81	|	orig=0.024 inHg|Local time: 1400|QC flag: low value|Image File: YorkFactory_USSS-314_M1958_1881-02-01_OBS-2.jpg
1881	02	24	21	00	0	-999	|	orig=Retracted inHg|Local time: 2100|QC flag: missing|Image File: YorkFactory_USSS-314_M1958_1881-02-01_OBS-2.jpg
1881	02	25	07	00	0	-999	|	orig=" inHg|Local time: 0700|QC flag: missing|Image File: YorkFactory_USSS-314_M1958_1881-02-01_OBS-2.jpg
1881	02	25	14	00	0	0.81	|	orig=0.024 inHg|Local time: 1400|QC flag: low value|Image File: YorkFactory_USSS-314_M1958_1881-02-01_OBS-2.jpg
1881	02	25	21	00	0	0.71	|	orig=0.021 inHg|Local time: 2100|QC flag: low value|Image File: YorkFactory_USSS-314_M1958_1881-02-01_OBS-2.jpg
1881	02	26	07	00	0	0.71	|	orig=0.021 inHg|Local time: 0700|QC flag: low value|Image File: YorkFactory_USSS-314_M1958_1881-02-01_OBS-2.jpg
1881	02	26	14	00	0	0.51	|	orig=0.015 inHg|Local time: 1400|QC flag: low value|Image File: YorkFactory_USSS-314_M1958_1881-02-01_OBS-2.jpg
1881	02	26	21	00	0	-999	|	orig=Retracted inHg|Local time: 2100|QC flag: missing|Image File: YorkFactory_USSS-314_M1958_1881-02-01_OBS-2.jpg
1881	02	27	07	00	0	-999	|	orig=" inHg|Local time: 0700|QC flag: missing|Image File: YorkFactory_USSS-314_M1958_1881-02-01_OBS-2.jpg
1881	02	27	14	00	0	0.58	|	orig=0.017 inHg|Local time: 1400|QC flag: low value|Image File: YorkFactory_USSS-314_M1958_1881-02-01_OBS-2.jpg
1881	02	27	21	00	0	0.51	|	orig=0.015 inHg|Local time: 2100|QC flag: low value|Image File: YorkFactory_USSS-314_M1958_1881-02-01_OBS-2.jpg
1881	02	28	07	00	0	-999	|	orig=Retracted inHg|Local time: 0700|QC flag: missing|Image File: YorkFactory_USSS-314_M1958_1881-02-01_OBS-2.jpg
1881	02	28	14	00	0	1.35	|	orig=0.040 inHg|Local time: 1400|QC flag: low value|Image File: YorkFactory_USSS-314_M1958_1881-02-01_OBS-2.jpg
1881	02	28	21	00	0	1.02	|	orig=0.030 inHg|Local time: 2100|QC flag: low value|Image File: YorkFactory_USSS-314_M1958_1881-02-01_OBS-2.jpg
1881	03	01	07	00	0	0.71	|	orig=0.021 inHg|Local time: 0700|QC flag: low value|Image File: YorkFactory_USSS-314_M1958_1881-03-01_OBS-2.jpg
1881	03	01	14	00	0	2.10	|	orig=0.062 inHg|Local time: 1400|QC flag: low value|Image File: YorkFactory_USSS-314_M1958_1881-03-01_OBS-2.jpg
1881	03	01	21	00	0	1.29	|	orig=0.038 inHg|Local time: 2100|QC flag: low value|Image File: YorkFactory_USSS-314_M1958_1881-03-01_OBS-2.jpg
1881	03	02	07	00	0	0.88	|	orig=0.026 inHg|Local time: 0700|QC flag: low value|Image File: YorkFactory_USSS-314_M1958_1881-03-01_OBS-2.jpg
1881	03	02	14	00	0	1.93	|	orig=0.057 inHg|Local time: 1400|QC flag: low value|Image File: YorkFactory_USSS-314_M1958_1881-03-01_OBS-2.jpg
1881	03	02	21	00	0	1.08	|	orig=0.032 inHg|Local time: 2100|QC flag: low value|Image File: YorkFactory_USSS-314_M1958_1881-03-01_OBS-2.jpg
1881	03	03	07	00	0	1.08	|	orig=0.032 inHg|Local time: 0700|QC flag: low value|Image File: YorkFactory_USSS-314_M1958_1881-03-01_OBS-2.jpg
1881	03	03	14	00	0	2.71	|	orig=0.080 inHg|Local time: 1400|QC flag: low value|Image File: YorkFactory_USSS-314_M1958_1881-03-01_OBS-2.jpg
1881	03	03	21	00	0	1.66	|	orig=0.049 inHg|Local time: 2100|QC flag: low value|Image File: YorkFactory_USSS-314_M1958_1881-03-01_OBS-2.jpg
1881	03	04	07	00	0	2.10	|	orig=0.062 inHg|Local time: 0700|QC flag: low value|Image File: YorkFactory_USSS-314_M1958_1881-03-01_OBS-2.jpg
1881	03	04	14	00	0	4.57	|	orig=0.135 inHg|Local time: 1400|QC flag: low value|Image File: YorkFactory_USSS-314_M1958_1881-03-01_OBS-2.jpg
1881	03	04	21	00	0	3.45	|	orig=0.102 inHg|Local time: 2100|QC flag: low value|Image File: YorkFactory_USSS-314_M1958_1881-03-01_OBS-2.jpg
1881	03	05	07	00	0	2.71	|	orig=0.080 inHg|Local time: 0700|QC flag: low value|Image File: YorkFactory_USSS-314_M1958_1881-03-01_OBS-2.jpg
1881	03	05	14	00	0	5.25	|	orig=0.155 inHg|Local time: 1400|QC flag: low value|Image File: YorkFactory_USSS-314_M1958_1881-03-01_OBS-2.jpg
1881	03	05	21	00	0	4.57	|	orig=0.135 inHg|Local time: 2100|QC flag: low value|Image File: YorkFactory_USSS-314_M1958_1881-03-01_OBS-2.jpg
1881	03	06	07	00	0	2.84	|	orig=0.084 inHg|Local time: 0700|QC flag: low value|Image File: YorkFactory_USSS-314_M1958_1881-03-01_OBS-2.jpg
1881	03	06	14	00	0	5.45	|	orig=0.161 inHg|Local time: 1400|QC flag: low value|Image File: YorkFactory_USSS-314_M1958_1881-03-01_OBS-2.jpg
1881	03	06	21	00	0	4.37	|	orig=0.129 inHg|Local time: 2100|QC flag: low value|Image File: YorkFactory_USSS-314_M1958_1881-03-01_OBS-2.jpg
1881	03	07	07	00	0	3.45	|	orig=0.102 inHg|Local time: 0700|QC flag: low value|Image File: YorkFactory_USSS-314_M1958_1881-03-01_OBS-2.jpg
1881	03	07	14	00	0	2.68	|	orig=0.079 inHg|Local time: 1400|QC flag: low value|Image File: YorkFactory_USSS-314_M1958_1881-03-01_OBS-2.jpg
1881	03	07	21	00	0	5.45	|	orig=0.161 inHg|Local time: 2100|QC flag: low value|Image File: YorkFactory_USSS-314_M1958_1881-03-01_OBS-2.jpg
1881	03	08	07	00	0	2.71	|	orig=0.080 inHg|Local time: 0700|QC flag: low value|Image File: YorkFactory_USSS-314_M1958_1881-03-01_OBS-2.jpg
1881	03	08	14	00	0	2.10	|	orig=0.062 inHg|Local time: 1400|QC flag: low value|Image File: YorkFactory_USSS-314_M1958_1881-03-01_OBS-2.jpg
1881	03	08	21	00	0	0.98	|	orig=0.029 inHg|Local time: 2100|QC flag: low value|Image File: YorkFactory_USSS-314_M1958_1881-03-01_OBS-2.jpg
1881	03	09	07	00	0	-999	|	orig=" inHg|Local time: 0700|QC flag: missing|Image File: YorkFactory_USSS-314_M1958_1881-03-01_OBS-2.jpg
1881	03	09	14	00	0	1.29	|	orig=0.038 inHg|Local time: 1400|QC flag: low value|Image File: YorkFactory_USSS-314_M1958_1881-03-01_OBS-2.jpg
1881	03	09	21	00	0	0.51	|	orig=0.015 inHg|Local time: 2100|QC flag: low value|Image File: YorkFactory_USSS-314_M1958_1881-03-01_OBS-2.jpg
1881	03	10	07	00	0	0.71	|	orig=0.021 inHg|Local time: 0700|QC flag: low value|Image File: YorkFactory_USSS-314_M1958_1881-03-01_OBS-2.jpg
1881	03	10	14	00	0	4.57	|	orig=0.135 inHg|Local time: 1400|QC flag: low value|Image File: YorkFactory_USSS-314_M1958_1881-03-01_OBS-2.jpg
1881	03	10	21	00	0	3.62	|	orig=0.107 inHg|Local time: 2100|QC flag: low value|Image File: YorkFactory_USSS-314_M1958_1881-03-01_OBS-2.jpg
1881	03	11	07	00	0	1.35	|	orig=0.040 inHg|Local time: 0700|QC flag: low value|Image File: YorkFactory_USSS-314_M1958_1881-03-01_OBS-2.jpg
1881	03	11	14	00	0	4.77	|	orig=0.141 inHg|Local time: 1400|QC flag: low value|Image File: YorkFactory_USSS-314_M1958_1881-03-01_OBS-2.jpg
1881	03	11	21	00	0	3.45	|	orig=0.102 inHg|Local time: 2100|QC flag: low value|Image File: YorkFactory_USSS-314_M1958_1881-03-01_OBS-2.jpg
1881	03	12	07	00	0	1.49	|	orig=0.044 inHg|Local time: 0700|QC flag: low value|Image File: YorkFactory_USSS-314_M1958_1881-03-01_OBS-2.jpg
1881	03	12	14	00	0	5.01	|	orig=0.148 inHg|Local time: 1400|QC flag: low value|Image File: YorkFactory_USSS-314_M1958_1881-03-01_OBS-2.jpg
1881	03	12	21	00	0	4.17	|	orig=0.123 inHg|Local time: 2100|QC flag: low value|Image File: YorkFactory_USSS-314_M1958_1881-03-01_OBS-2.jpg
1881	03	13	07	00	0	1.22	|	orig=0.036 inHg|Local time: 0700|QC flag: low value|Image File: YorkFactory_USSS-314_M1958_1881-03-01_OBS-2.jpg
1881	03	13	14	00	0	3.62	|	orig=0.107 inHg|Local time: 1400|QC flag: low value|Image File: YorkFactory_USSS-314_M1958_1881-03-01_OBS-2.jpg
1881	03	13	21	00	0	1.56	|	orig=0.046 inHg|Local time: 2100|QC flag: low value|Image File: YorkFactory_USSS-314_M1958_1881-03-01_OBS-2.jpg
1881	03	14	07	00	0	0.91	|	orig=0.027 inHg|Local time: 0700|QC flag: low value|Image File: YorkFactory_USSS-314_M1958_1881-03-01_OBS-2.jpg
1881	03	14	14	00	0	2.34	|	orig=0.069 inHg|Local time: 1400|QC flag: low value|Image File: YorkFactory_USSS-314_M1958_1881-03-01_OBS-2.jpg
1881	03	14	21	00	0	1.02	|	orig=0.030 inHg|Local time: 2100|QC flag: low value|Image File: YorkFactory_USSS-314_M1958_1881-03-01_OBS-2.jpg
1881	03	15	07	00	0	-999	|	orig=" inHg|Local time: 0700|QC flag: missing|Image File: YorkFactory_USSS-314_M1958_1881-03-01_OBS-2.jpg
1881	03	15	14	00	0	1.08	|	orig=0.032 inHg|Local time: 1400|QC flag: low value|Image File: YorkFactory_USSS-314_M1958_1881-03-01_OBS-2.jpg
1881	03	15	21	00	0	0.71	|	orig=0.021 inHg|Local time: 2100|QC flag: low value|Image File: YorkFactory_USSS-314_M1958_1881-03-01_OBS-2.jpg
1881	03	16	07	00	0	-999	|	orig=" inHg|Local time: 0700|QC flag: missing|Image File: YorkFactory_USSS-314_M1958_1881-03-01_OBS-2.jpg
1881	03	16	14	00	0	0.81	|	orig=0.024 inHg|Local time: 1400|QC flag: low value|Image File: YorkFactory_USSS-314_M1958_1881-03-01_OBS-2.jpg
1881	03	16	21	00	0	0.58	|	orig=0.017 inHg|Local time: 2100|QC flag: low value|Image File: YorkFactory_USSS-314_M1958_1881-03-01_OBS-2.jpg
1881	03	17	07	00	0	0.71	|	orig=0.021 inHg|Local time: 0700|QC flag: low value|Image File: YorkFactory_USSS-314_M1958_1881-03-01_OBS-2.jpg
1881	03	17	14	00	0	1.35	|	orig=0.040 inHg|Local time: 1400|QC flag: low value|Image File: YorkFactory_USSS-314_M1958_1881-03-01_OBS-2.jpg
1881	03	17	21	00	0	0.88	|	orig=0.026 inHg|Local time: 2100|QC flag: low value|Image File: YorkFactory_USSS-314_M1958_1881-03-01_OBS-2.jpg
1881	03	18	07	00	0	0.47	|	orig=0.014 inHg|Local time: 0700|QC flag: low value|Image File: YorkFactory_USSS-314_M1958_1881-03-01_OBS-2.jpg
1881	03	18	14	00	0	1.22	|	orig=0.036 inHg|Local time: 1400|QC flag: low value|Image File: YorkFactory_USSS-314_M1958_1881-03-01_OBS-2.jpg
1881	03	18	21	00	0	0.78	|	orig=0.023 inHg|Local time: 2100|QC flag: low value|Image File: YorkFactory_USSS-314_M1958_1881-03-01_OBS-2.jpg
1881	03	19	07	00	0	-999	|	orig=" inHg|Local time: 0700|QC flag: missing|Image File: YorkFactory_USSS-314_M1958_1881-03-01_OBS-2.jpg
1881	03	19	14	00	0	0.58	|	orig=0.017 inHg|Local time: 1400|QC flag: low value|Image File: YorkFactory_USSS-314_M1958_1881-03-01_OBS-2.jpg
1881	03	19	21	00	0	0.47	|	orig=0.014 inHg|Local time: 2100|QC flag: low value|Image File: YorkFactory_USSS-314_M1958_1881-03-01_OBS-2.jpg
1881	03	20	07	00	0	-999	|	orig=" inHg|Local time: 0700|QC flag: missing|Image File: YorkFactory_USSS-314_M1958_1881-03-01_OBS-2.jpg
1881	03	20	14	00	0	1.35	|	orig=0.040 inHg|Local time: 1400|QC flag: low value|Image File: YorkFactory_USSS-314_M1958_1881-03-01_OBS-2.jpg
1881	03	20	21	00	0	1.02	|	orig=0.030 inHg|Local time: 2100|QC flag: low value|Image File: YorkFactory_USSS-314_M1958_1881-03-01_OBS-2.jpg
1881	03	21	07	00	0	-999	|	orig=" inHg|Local time: 0700|QC flag: missing|Image File: YorkFactory_USSS-314_M1958_1881-03-01_OBS-2.jpg
1881	03	21	14	00	0	0.91	|	orig=0.027 inHg|Local time: 1400|QC flag: low value|Image File: YorkFactory_USSS-314_M1958_1881-03-01_OBS-2.jpg
1881	03	21	21	00	0	0.68	|	orig=0.020 inHg|Local time: 2100|QC flag: low value|Image File: YorkFactory_USSS-314_M1958_1881-03-01_OBS-2.jpg
1881	03	22	07	00	0	-999	|	orig=" inHg|Local time: 0700|QC flag: missing|Image File: YorkFactory_USSS-314_M1958_1881-03-01_OBS-2.jpg
1881	03	22	14	00	0	0.88	|	orig=0.026 inHg|Local time: 1400|QC flag: low value|Image File: YorkFactory_USSS-314_M1958_1881-03-01_OBS-2.jpg
1881	03	22	21	00	0	0.64	|	orig=0.019 inHg|Local time: 2100|QC flag: low value|Image File: YorkFactory_USSS-314_M1958_1881-03-01_OBS-2.jpg
1881	03	23	07	00	0	-999	|	orig=" inHg|Local time: 0700|QC flag: missing|Image File: YorkFactory_USSS-314_M1958_1881-03-01_OBS-2.jpg
1881	03	23	14	00	0	0.78	|	orig=0.023 inHg|Local time: 1400|QC flag: low value|Image File: YorkFactory_USSS-314_M1958_1881-03-01_OBS-2.jpg
1881	03	23	21	00	0	0.58	|	orig=0.017 inHg|Local time: 2100|QC flag: low value|Image File: YorkFactory_USSS-314_M1958_1881-03-01_OBS-2.jpg
1881	03	24	07	00	0	-999	|	orig=" inHg|Local time: 0700|QC flag: missing|Image File: YorkFactory_USSS-314_M1958_1881-03-01_OBS-2.jpg
1881	03	24	14	00	0	0.68	|	orig=0.020 inHg|Local time: 1400|QC flag: low value|Image File: YorkFactory_USSS-314_M1958_1881-03-01_OBS-2.jpg
1881	03	24	21	00	0	0.51	|	orig=0.015 inHg|Local time: 2100|QC flag: low value|Image File: YorkFactory_USSS-314_M1958_1881-03-01_OBS-2.jpg
1881	03	25	07	00	0	-999	|	orig=" inHg|Local time: 0700|QC flag: missing|Image File: YorkFactory_USSS-314_M1958_1881-03-01_OBS-2.jpg
1881	03	25	14	00	0	0.71	|	orig=0.021 inHg|Local time: 1400|QC flag: low value|Image File: YorkFactory_USSS-314_M1958_1881-03-01_OBS-2.jpg
1881	03	25	21	00	0	0.58	|	orig=0.017 inHg|Local time: 2100|QC flag: low value|Image File: YorkFactory_USSS-314_M1958_1881-03-01_OBS-2.jpg
1881	03	26	07	00	0	-999	|	orig=" inHg|Local time: 0700|QC flag: missing|Image File: YorkFactory_USSS-314_M1958_1881-03-01_OBS-2.jpg
1881	03	26	14	00	0	0.78	|	orig=0.023 inHg|Local time: 1400|QC flag: low value|Image File: YorkFactory_USSS-314_M1958_1881-03-01_OBS-2.jpg
1881	03	26	21	00	0	0.91	|	orig=0.027 inHg|Local time: 2100|QC flag: low value|Image File: YorkFactory_USSS-314_M1958_1881-03-01_OBS-2.jpg
1881	03	27	07	00	0	-999	|	orig=" inHg|Local time: 0700|QC flag: missing|Image File: YorkFactory_USSS-314_M1958_1881-03-01_OBS-2.jpg
1881	03	27	14	00	0	0.58	|	orig=0.017 inHg|Local time: 1400|QC flag: low value|Image File: YorkFactory_USSS-314_M1958_1881-03-01_OBS-2.jpg
1881	03	27	21	00	0	0.88	|	orig=0.026 inHg|Local time: 2100|QC flag: low value|Image File: YorkFactory_USSS-314_M1958_1881-03-01_OBS-2.jpg
1881	03	28	07	00	0	-999	|	orig=" inHg|Local time: 0700|QC flag: missing|Image File: YorkFactory_USSS-314_M1958_1881-03-01_OBS-2.jpg
1881	03	28	14	00	0	0.51	|	orig=0.015 inHg|Local time: 1400|QC flag: low value|Image File: YorkFactory_USSS-314_M1958_1881-03-01_OBS-2.jpg
1881	03	28	21	00	0	0.91	|	orig=0.027 inHg|Local time: 2100|QC flag: low value|Image File: YorkFactory_USSS-314_M1958_1881-03-01_OBS-2.jpg
1881	03	29	07	00	0	0.91	|	orig=0.027 inHg|Local time: 0700|QC flag: low value|Image File: YorkFactory_USSS-314_M1958_1881-03-01_OBS-2.jpg
1881	03	29	14	00	0	1.73	|	orig=0.051 inHg|Local time: 1400|QC flag: low value|Image File: YorkFactory_USSS-314_M1958_1881-03-01_OBS-2.jpg
1881	03	29	21	00	0	1.22	|	orig=0.036 inHg|Local time: 2100|QC flag: low value|Image File: YorkFactory_USSS-314_M1958_1881-03-01_OBS-2.jpg
1881	03	30	07	00	0	0.78	|	orig=0.023 inHg|Local time: 0700|QC flag: low value|Image File: YorkFactory_USSS-314_M1958_1881-03-01_OBS-2.jpg
1881	03	30	14	00	0	1.29	|	orig=0.038 inHg|Local time: 1400|QC flag: low value|Image File: YorkFactory_USSS-314_M1958_1881-03-01_OBS-2.jpg
1881	03	30	21	00	0	1.08	|	orig=0.032 inHg|Local time: 2100|QC flag: low value|Image File: YorkFactory_USSS-314_M1958_1881-03-01_OBS-2.jpg
1881	03	31	07	00	0	0.71	|	orig=0.021 inHg|Local time: 0700|QC flag: low value|Image File: YorkFactory_USSS-314_M1958_1881-03-01_OBS-2.jpg
1881	03	31	14	00	0	1.56	|	orig=0.046 inHg|Local time: 1400|QC flag: low value|Image File: YorkFactory_USSS-314_M1958_1881-03-01_OBS-2.jpg
1881	03	31	21	00	0	1.08	|	orig=0.032 inHg|Local time: 2100|QC flag: low value|Image File: YorkFactory_USSS-314_M1958_1881-03-01_OBS-2.jpg
1881	04	01	07	00	0	0.98	|	orig=0.029 inHg|Local time: 0700|QC flag: low value|Image File: YorkFactory_USSS-314_M1958_1881-04-01_OBS-2.jpg
1881	04	01	14	00	0	2.00	|	orig=0.059 inHg|Local time: 1400|QC flag: low value|Image File: YorkFactory_USSS-314_M1958_1881-04-01_OBS-2.jpg
1881	04	01	21	00	0	1.22	|	orig=0.036 inHg|Local time: 2100|QC flag: low value|Image File: YorkFactory_USSS-314_M1958_1881-04-01_OBS-2.jpg
1881	04	02	07	00	0	0.91	|	orig=0.027 inHg|Local time: 0700|QC flag: low value|Image File: YorkFactory_USSS-314_M1958_1881-04-01_OBS-2.jpg
1881	04	02	14	00	0	2.84	|	orig=0.084 inHg|Local time: 1400|QC flag: low value|Image File: YorkFactory_USSS-314_M1958_1881-04-01_OBS-2.jpg
1881	04	02	21	00	0	1.42	|	orig=0.042 inHg|Local time: 2100|QC flag: low value|Image File: YorkFactory_USSS-314_M1958_1881-04-01_OBS-2.jpg
1881	04	03	07	00	0	1.02	|	orig=0.030 inHg|Local time: 0700|QC flag: low value|Image File: YorkFactory_USSS-314_M1958_1881-04-01_OBS-2.jpg
1881	04	03	14	00	0	3.15	|	orig=0.093 inHg|Local time: 1400|QC flag: low value|Image File: YorkFactory_USSS-314_M1958_1881-04-01_OBS-2.jpg
1881	04	03	21	00	0	2.10	|	orig=0.062 inHg|Local time: 2100|QC flag: low value|Image File: YorkFactory_USSS-314_M1958_1881-04-01_OBS-2.jpg
1881	04	04	07	00	0	1.22	|	orig=0.036 inHg|Local time: 0700|QC flag: low value|Image File: YorkFactory_USSS-314_M1958_1881-04-01_OBS-2.jpg
1881	04	04	14	00	0	4.06	|	orig=0.120 inHg|Local time: 1400|QC flag: low value|Image File: YorkFactory_USSS-314_M1958_1881-04-01_OBS-2.jpg
1881	04	04	21	00	0	2.47	|	orig=0.073 inHg|Local time: 2100|QC flag: low value|Image File: YorkFactory_USSS-314_M1958_1881-04-01_OBS-2.jpg
1881	04	05	07	00	0	1.29	|	orig=0.038 inHg|Local time: 0700|QC flag: low value|Image File: YorkFactory_USSS-314_M1958_1881-04-01_OBS-2.jpg
1881	04	05	14	00	0	4.77	|	orig=0.141 inHg|Local time: 1400|QC flag: low value|Image File: YorkFactory_USSS-314_M1958_1881-04-01_OBS-2.jpg
1881	04	05	21	00	0	2.84	|	orig=0.084 inHg|Local time: 2100|QC flag: low value|Image File: YorkFactory_USSS-314_M1958_1881-04-01_OBS-2.jpg
1881	04	06	07	00	0	1.42	|	orig=0.042 inHg|Local time: 0700|QC flag: low value|Image File: YorkFactory_USSS-314_M1958_1881-04-01_OBS-2.jpg
1881	04	06	14	00	0	5.93	|	orig=0.175 inHg|Local time: 1400|QC flag: low value|Image File: YorkFactory_USSS-314_M1958_1881-04-01_OBS-2.jpg
1881	04	06	21	00	0	3.45	|	orig=0.102 inHg|Local time: 2100|QC flag: low value|Image File: YorkFactory_USSS-314_M1958_1881-04-01_OBS-2.jpg
1881	04	07	07	00	0	1.56	|	orig=0.046 inHg|Local time: 0700|QC flag: low value|Image File: YorkFactory_USSS-314_M1958_1881-04-01_OBS-2.jpg
1881	04	07	14	00	0	6.16	|	orig=0.182 inHg|Local time: 1400|QC flag: low value|Image File: YorkFactory_USSS-314_M1958_1881-04-01_OBS-2.jpg
1881	04	07	21	00	0	4.17	|	orig=0.123 inHg|Local time: 2100|QC flag: low value|Image File: YorkFactory_USSS-314_M1958_1881-04-01_OBS-2.jpg
1881	04	08	07	00	0	1.49	|	orig=0.044 inHg|Local time: 0700|QC flag: low value|Image File: YorkFactory_USSS-314_M1958_1881-04-01_OBS-2.jpg
1881	04	08	14	00	0	5.93	|	orig=0.175 inHg|Local time: 1400|QC flag: low value|Image File: YorkFactory_USSS-314_M1958_1881-04-01_OBS-2.jpg
1881	04	08	21	00	0	3.62	|	orig=0.107 inHg|Local time: 2100|QC flag: low value|Image File: YorkFactory_USSS-314_M1958_1881-04-01_OBS-2.jpg
1881	04	09	07	00	0	1.73	|	orig=0.051 inHg|Local time: 0700|QC flag: low value|Image File: YorkFactory_USSS-314_M1958_1881-04-01_OBS-2.jpg
1881	04	09	14	00	0	6.40	|	orig=0.189 inHg|Local time: 1400|QC flag: low value|Image File: YorkFactory_USSS-314_M1958_1881-04-01_OBS-2.jpg
1881	04	09	21	00	0	2.84	|	orig=0.084 inHg|Local time: 2100|QC flag: low value|Image File: YorkFactory_USSS-314_M1958_1881-04-01_OBS-2.jpg
1881	04	10	07	00	0	3.15	|	orig=0.093 inHg|Local time: 0700|QC flag: low value|Image File: YorkFactory_USSS-314_M1958_1881-04-01_OBS-2.jpg
1881	04	10	14	00	0	5.22	|	orig=0.154 inHg|Local time: 1400|QC flag: low value|Image File: YorkFactory_USSS-314_M1958_1881-04-01_OBS-2.jpg
1881	04	10	21	00	0	3.79	|	orig=0.112 inHg|Local time: 2100|QC flag: low value|Image File: YorkFactory_USSS-314_M1958_1881-04-01_OBS-2.jpg
1881	04	11	07	00	0	2.84	|	orig=0.084 inHg|Local time: 0700|QC flag: low value|Image File: YorkFactory_USSS-314_M1958_1881-04-01_OBS-2.jpg
1881	04	11	14	00	0	4.17	|	orig=0.123 inHg|Local time: 1400|QC flag: low value|Image File: YorkFactory_USSS-314_M1958_1881-04-01_OBS-2.jpg
1881	04	11	21	00	0	2.44	|	orig=0.072 inHg|Local time: 2100|QC flag: low value|Image File: YorkFactory_USSS-314_M1958_1881-04-01_OBS-2.jpg
1881	04	12	07	00	0	0.91	|	orig=0.027 inHg|Local time: 0700|QC flag: low value|Image File: YorkFactory_USSS-314_M1958_1881-04-01_OBS-2.jpg
1881	04	12	14	00	0	1.56	|	orig=0.046 inHg|Local time: 1400|QC flag: low value|Image File: YorkFactory_USSS-314_M1958_1881-04-01_OBS-2.jpg
1881	04	12	21	00	0	1.35	|	orig=0.040 inHg|Local time: 2100|QC flag: low value|Image File: YorkFactory_USSS-314_M1958_1881-04-01_OBS-2.jpg
1881	04	13	07	00	0	0.78	|	orig=0.023 inHg|Local time: 0700|QC flag: low value|Image File: YorkFactory_USSS-314_M1958_1881-04-01_OBS-2.jpg
1881	04	13	14	00	0	2.10	|	orig=0.062 inHg|Local time: 1400|QC flag: low value|Image File: YorkFactory_USSS-314_M1958_1881-04-01_OBS-2.jpg
1881	04	13	21	00	0	1.42	|	orig=0.042 inHg|Local time: 2100|QC flag: low value|Image File: YorkFactory_USSS-314_M1958_1881-04-01_OBS-2.jpg
1881	04	14	07	00	0	0.91	|	orig=0.027 inHg|Local time: 0700|QC flag: low value|Image File: YorkFactory_USSS-314_M1958_1881-04-01_OBS-2.jpg
1881	04	14	14	00	0	2.44	|	orig=0.072 inHg|Local time: 1400|QC flag: low value|Image File: YorkFactory_USSS-314_M1958_1881-04-01_OBS-2.jpg
1881	04	14	21	00	0	1.93	|	orig=0.057 inHg|Local time: 2100|QC flag: low value|Image File: YorkFactory_USSS-314_M1958_1881-04-01_OBS-2.jpg
1881	04	15	07	00	0	1.35	|	orig=0.040 inHg|Local time: 0700|QC flag: low value|Image File: YorkFactory_USSS-314_M1958_1881-04-01_OBS-2.jpg
1881	04	15	14	00	0	3.15	|	orig=0.093 inHg|Local time: 1400|QC flag: low value|Image File: YorkFactory_USSS-314_M1958_1881-04-01_OBS-2.jpg
1881	04	15	21	00	0	2.57	|	orig=0.076 inHg|Local time: 2100|QC flag: low value|Image File: YorkFactory_USSS-314_M1958_1881-04-01_OBS-2.jpg
1881	04	16	07	00	0	1.42	|	orig=0.042 inHg|Local time: 0700|QC flag: low value|Image File: YorkFactory_USSS-314_M1958_1881-04-01_OBS-2.jpg
1881	04	16	14	00	0	2.24	|	orig=0.066 inHg|Local time: 1400|QC flag: low value|Image File: YorkFactory_USSS-314_M1958_1881-04-01_OBS-2.jpg
1881	04	16	21	00	0	2.00	|	orig=0.059 inHg|Local time: 2100|QC flag: low value|Image File: YorkFactory_USSS-314_M1958_1881-04-01_OBS-2.jpg
1881	04	17	07	00	0	1.56	|	orig=0.046 inHg|Local time: 0700|QC flag: low value|Image File: YorkFactory_USSS-314_M1958_1881-04-01_OBS-2.jpg
1881	04	17	14	00	0	5.45	|	orig=0.161 inHg|Local time: 1400|QC flag: low value|Image File: YorkFactory_USSS-314_M1958_1881-04-01_OBS-2.jpg
1881	04	17	21	00	0	4.17	|	orig=0.123 inHg|Local time: 2100|QC flag: low value|Image File: YorkFactory_USSS-314_M1958_1881-04-01_OBS-2.jpg
1881	04	18	07	00	0	1.93	|	orig=0.057 inHg|Local time: 0700|QC flag: low value|Image File: YorkFactory_USSS-314_M1958_1881-04-01_OBS-2.jpg
1881	04	18	14	00	0	6.16	|	orig=0.182 inHg|Local time: 1400|QC flag: low value|Image File: YorkFactory_USSS-314_M1958_1881-04-01_OBS-2.jpg
1881	04	18	21	00	0	4.37	|	orig=0.129 inHg|Local time: 2100|QC flag: low value|Image File: YorkFactory_USSS-314_M1958_1881-04-01_OBS-2.jpg
1881	04	19	07	00	0	1.22	|	orig=0.036 inHg|Local time: 0700|QC flag: low value|Image File: YorkFactory_USSS-314_M1958_1881-04-01_OBS-2.jpg
1881	04	19	14	00	0	3.79	|	orig=0.112 inHg|Local time: 1400|QC flag: low value|Image File: YorkFactory_USSS-314_M1958_1881-04-01_OBS-2.jpg
1881	04	19	21	00	0	2.57	|	orig=0.076 inHg|Local time: 2100|QC flag: low value|Image File: YorkFactory_USSS-314_M1958_1881-04-01_OBS-2.jpg
1881	04	20	07	00	0	2.10	|	orig=0.062 inHg|Local time: 0700|QC flag: low value|Image File: YorkFactory_USSS-314_M1958_1881-04-01_OBS-2.jpg
1881	04	20	14	00	0	5.72	|	orig=0.169 inHg|Local time: 1400|QC flag: low value|Image File: YorkFactory_USSS-314_M1958_1881-04-01_OBS-2.jpg
1881	04	20	21	00	0	4.57	|	orig=0.135 inHg|Local time: 2100|QC flag: low value|Image File: YorkFactory_USSS-314_M1958_1881-04-01_OBS-2.jpg
1881	04	21	07	00	0	2.57	|	orig=0.076 inHg|Local time: 0700|QC flag: low value|Image File: YorkFactory_USSS-314_M1958_1881-04-01_OBS-2.jpg
1881	04	21	14	00	0	6.16	|	orig=0.182 inHg|Local time: 1400|QC flag: low value|Image File: YorkFactory_USSS-314_M1958_1881-04-01_OBS-2.jpg
1881	04	21	21	00	0	4.77	|	orig=0.141 inHg|Local time: 2100|QC flag: low value|Image File: YorkFactory_USSS-314_M1958_1881-04-01_OBS-2.jpg
1881	04	22	07	00	0	2.71	|	orig=0.080 inHg|Local time: 0700|QC flag: low value|Image File: YorkFactory_USSS-314_M1958_1881-04-01_OBS-2.jpg
1881	04	22	14	00	0	5.69	|	orig=0.168 inHg|Local time: 1400|QC flag: low value|Image File: YorkFactory_USSS-314_M1958_1881-04-01_OBS-2.jpg
1881	04	22	21	00	0	4.17	|	orig=0.123 inHg|Local time: 2100|QC flag: low value|Image File: YorkFactory_USSS-314_M1958_1881-04-01_OBS-2.jpg
1881	04	23	07	00	0	2.10	|	orig=0.062 inHg|Local time: 0700|QC flag: low value|Image File: YorkFactory_USSS-314_M1958_1881-04-01_OBS-2.jpg
1881	04	23	14	00	0	5.22	|	orig=0.154 inHg|Local time: 1400|QC flag: low value|Image File: YorkFactory_USSS-314_M1958_1881-04-01_OBS-2.jpg
1881	04	23	21	00	0	3.45	|	orig=0.102 inHg|Local time: 2100|QC flag: low value|Image File: YorkFactory_USSS-314_M1958_1881-04-01_OBS-2.jpg
1881	04	24	07	00	0	2.71	|	orig=0.080 inHg|Local time: 0700|QC flag: low value|Image File: YorkFactory_USSS-314_M1958_1881-04-01_OBS-2.jpg
1881	04	24	14	00	0	4.17	|	orig=0.123 inHg|Local time: 1400|QC flag: low value|Image File: YorkFactory_USSS-314_M1958_1881-04-01_OBS-2.jpg
1881	04	24	21	00	0	3.62	|	orig=0.107 inHg|Local time: 2100|QC flag: low value|Image File: YorkFactory_USSS-314_M1958_1881-04-01_OBS-2.jpg
1881	04	25	07	00	0	2.98	|	orig=0.088 inHg|Local time: 0700|QC flag: low value|Image File: YorkFactory_USSS-314_M1958_1881-04-01_OBS-2.jpg
1881	04	25	14	00	0	5.22	|	orig=0.154 inHg|Local time: 1400|QC flag: low value|Image File: YorkFactory_USSS-314_M1958_1881-04-01_OBS-2.jpg
1881	04	25	21	00	0	3.62	|	orig=0.107 inHg|Local time: 2100|QC flag: low value|Image File: YorkFactory_USSS-314_M1958_1881-04-01_OBS-2.jpg
1881	04	26	07	00	0	1.93	|	orig=0.057 inHg|Local time: 0700|QC flag: low value|Image File: YorkFactory_USSS-314_M1958_1881-04-01_OBS-2.jpg
1881	04	26	14	00	0	5.69	|	orig=0.168 inHg|Local time: 1400|QC flag: low value|Image File: YorkFactory_USSS-314_M1958_1881-04-01_OBS-2.jpg
1881	04	26	21	00	0	4.57	|	orig=0.135 inHg|Local time: 2100|QC flag: low value|Image File: YorkFactory_USSS-314_M1958_1881-04-01_OBS-2.jpg
1881	04	27	07	00	0	2.10	|	orig=0.062 inHg|Local time: 0700|QC flag: low value|Image File: YorkFactory_USSS-314_M1958_1881-04-01_OBS-2.jpg
1881	04	27	14	00	0	5.93	|	orig=0.175 inHg|Local time: 1400|QC flag: low value|Image File: YorkFactory_USSS-314_M1958_1881-04-01_OBS-2.jpg
1881	04	27	21	00	0	4.77	|	orig=0.141 inHg|Local time: 2100|QC flag: low value|Image File: YorkFactory_USSS-314_M1958_1881-04-01_OBS-2.jpg
1881	04	28	07	00	0	2.34	|	orig=0.069 inHg|Local time: 0700|QC flag: low value|Image File: YorkFactory_USSS-314_M1958_1881-04-01_OBS-2.jpg
1881	04	28	14	00	0	5.72	|	orig=0.169 inHg|Local time: 1400|QC flag: low value|Image File: YorkFactory_USSS-314_M1958_1881-04-01_OBS-2.jpg
1881	04	28	21	00	0	5.69	|	orig=0.168 inHg|Local time: 2100|QC flag: low value|Image File: YorkFactory_USSS-314_M1958_1881-04-01_OBS-2.jpg
1881	04	29	07	00	0	2.84	|	orig=0.084 inHg|Local time: 0700|QC flag: low value|Image File: YorkFactory_USSS-314_M1958_1881-04-01_OBS-2.jpg
1881	04	29	14	00	0	5.96	|	orig=0.176 inHg|Local time: 1400|QC flag: low value|Image File: YorkFactory_USSS-314_M1958_1881-04-01_OBS-2.jpg
1881	04	29	21	00	0	5.93	|	orig=0.175 inHg|Local time: 2100|QC flag: low value|Image File: YorkFactory_USSS-314_M1958_1881-04-01_OBS-2.jpg
1881	04	30	07	00	0	2.57	|	orig=0.076 inHg|Local time: 0700|QC flag: low value|Image File: YorkFactory_USSS-314_M1958_1881-04-01_OBS-2.jpg
1881	04	30	14	00	0	5.22	|	orig=0.154 inHg|Local time: 1400|QC flag: low value|Image File: YorkFactory_USSS-314_M1958_1881-04-01_OBS-2.jpg
1881	04	30	21	00	0	4.17	|	orig=0.123 inHg|Local time: 2100|QC flag: low value|Image File: YorkFactory_USSS-314_M1958_1881-04-01_OBS-2.jpg
1881	05	01	07	00	0	1.93	|	orig=057 inHg|Local time: 0700|QC flag: low value|Image File: YorkFactory_USSS-314_M1958_1881-05-01_OBS-2.jpg
1881	05	01	14	00	0	2.44	|	orig=072 inHg|Local time: 1400|QC flag: low value|Image File: YorkFactory_USSS-314_M1958_1881-05-01_OBS-2.jpg
1881	05	01	21	00	0	2.24	|	orig=066 inHg|Local time: 2100|QC flag: low value|Image File: YorkFactory_USSS-314_M1958_1881-05-01_OBS-2.jpg
1881	05	02	07	00	0	2.61	|	orig=077 inHg|Local time: 0700|QC flag: low value|Image File: YorkFactory_USSS-314_M1958_1881-05-01_OBS-2.jpg
1881	05	02	14	00	0	5.76	|	orig=170 inHg|Local time: 1400|QC flag: low value|Image File: YorkFactory_USSS-314_M1958_1881-05-01_OBS-2.jpg
1881	05	02	21	00	0	4.10	|	orig=121 inHg|Local time: 2100|QC flag: low value|Image File: YorkFactory_USSS-314_M1958_1881-05-01_OBS-2.jpg
1881	05	03	07	00	0	2.71	|	orig=080 inHg|Local time: 0700|QC flag: low value|Image File: YorkFactory_USSS-314_M1958_1881-05-01_OBS-2.jpg
1881	05	03	14	00	0	6.50	|	orig=192 inHg|Local time: 1400|QC flag: low value|Image File: YorkFactory_USSS-314_M1958_1881-05-01_OBS-2.jpg
1881	05	03	21	00	0	6.16	|	orig=182 inHg|Local time: 2100|QC flag: low value|Image File: YorkFactory_USSS-314_M1958_1881-05-01_OBS-2.jpg
1881	05	04	07	00	0	2.84	|	orig=084 inHg|Local time: 0700|QC flag: low value|Image File: YorkFactory_USSS-314_M1958_1881-05-01_OBS-2.jpg
1881	05	04	14	00	0	6.23	|	orig=184 inHg|Local time: 1400|QC flag: low value|Image File: YorkFactory_USSS-314_M1958_1881-05-01_OBS-2.jpg
1881	05	04	21	00	0	6.16	|	orig=182 inHg|Local time: 2100|QC flag: low value|Image File: YorkFactory_USSS-314_M1958_1881-05-01_OBS-2.jpg
1881	05	05	07	00	0	3.15	|	orig=093 inHg|Local time: 0700|QC flag: low value|Image File: YorkFactory_USSS-314_M1958_1881-05-01_OBS-2.jpg
1881	05	05	14	00	0	5.96	|	orig=176 inHg|Local time: 1400|QC flag: low value|Image File: YorkFactory_USSS-314_M1958_1881-05-01_OBS-2.jpg
1881	05	05	21	00	0	5.93	|	orig=175 inHg|Local time: 2100|QC flag: low value|Image File: YorkFactory_USSS-314_M1958_1881-05-01_OBS-2.jpg
1881	05	06	07	00	0	3.28	|	orig=097 inHg|Local time: 0700|QC flag: low value|Image File: YorkFactory_USSS-314_M1958_1881-05-01_OBS-2.jpg
1881	05	06	14	00	0	7.72	|	orig=228 inHg|Local time: 1400|QC flag: none|Image File: YorkFactory_USSS-314_M1958_1881-05-01_OBS-2.jpg
1881	05	06	21	00	0	5.96	|	orig=176 inHg|Local time: 2100|QC flag: low value|Image File: YorkFactory_USSS-314_M1958_1881-05-01_OBS-2.jpg
1881	05	07	07	00	0	4.57	|	orig=135 inHg|Local time: 0700|QC flag: low value|Image File: YorkFactory_USSS-314_M1958_1881-05-01_OBS-2.jpg
1881	05	07	14	00	0	7.11	|	orig=210 inHg|Local time: 1400|QC flag: none|Image File: YorkFactory_USSS-314_M1958_1881-05-01_OBS-2.jpg
1881	05	07	21	00	0	6.94	|	orig=205 inHg|Local time: 2100|QC flag: none|Image File: YorkFactory_USSS-314_M1958_1881-05-01_OBS-2.jpg
1881	05	08	07	00	0	6.16	|	orig=182 inHg|Local time: 0700|QC flag: low value|Image File: YorkFactory_USSS-314_M1958_1881-05-01_OBS-2.jpg
1881	05	08	14	00	0	10.67	|	orig=315 inHg|Local time: 1400|QC flag: none|Image File: YorkFactory_USSS-314_M1958_1881-05-01_OBS-2.jpg
1881	05	08	21	00	0	8.50	|	orig=251 inHg|Local time: 2100|QC flag: none|Image File: YorkFactory_USSS-314_M1958_1881-05-01_OBS-2.jpg
1881	05	09	07	00	0	5.93	|	orig=175 inHg|Local time: 0700|QC flag: low value|Image File: YorkFactory_USSS-314_M1958_1881-05-01_OBS-2.jpg
1881	05	09	14	00	0	10.26	|	orig=303 inHg|Local time: 1400|QC flag: none|Image File: YorkFactory_USSS-314_M1958_1881-05-01_OBS-2.jpg
1881	05	09	21	00	0	7.55	|	orig=223 inHg|Local time: 2100|QC flag: none|Image File: YorkFactory_USSS-314_M1958_1881-05-01_OBS-2.jpg
1881	05	10	07	00	0	5.69	|	orig=168 inHg|Local time: 0700|QC flag: low value|Image File: YorkFactory_USSS-314_M1958_1881-05-01_OBS-2.jpg
1881	05	10	14	00	0	10.67	|	orig=315 inHg|Local time: 1400|QC flag: none|Image File: YorkFactory_USSS-314_M1958_1881-05-01_OBS-2.jpg
1881	05	10	21	00	0	8.80	|	orig=260 inHg|Local time: 2100|QC flag: none|Image File: YorkFactory_USSS-314_M1958_1881-05-01_OBS-2.jpg
1881	05	11	07	00	0	5.45	|	orig=161 inHg|Local time: 0700|QC flag: low value|Image File: YorkFactory_USSS-314_M1958_1881-05-01_OBS-2.jpg
1881	05	11	14	00	0	13.55	|	orig=400 inHg|Local time: 1400|QC flag: none|Image File: YorkFactory_USSS-314_M1958_1881-05-01_OBS-2.jpg
1881	05	11	21	00	0	7.72	|	orig=228 inHg|Local time: 2100|QC flag: none|Image File: YorkFactory_USSS-314_M1958_1881-05-01_OBS-2.jpg
1881	05	12	07	00	0	5.69	|	orig=168 inHg|Local time: 0700|QC flag: low value|Image File: YorkFactory_USSS-314_M1958_1881-05-01_OBS-2.jpg
1881	05	12	14	00	0	13.75	|	orig=406 inHg|Local time: 1400|QC flag: none|Image File: YorkFactory_USSS-314_M1958_1881-05-01_OBS-2.jpg
1881	05	12	21	00	0	9.48	|	orig=280 inHg|Local time: 2100|QC flag: none|Image File: YorkFactory_USSS-314_M1958_1881-05-01_OBS-2.jpg
1881	05	13	07	00	0	5.69	|	orig=168 inHg|Local time: 0700|QC flag: low value|Image File: YorkFactory_USSS-314_M1958_1881-05-01_OBS-2.jpg
1881	05	13	14	00	0	14.32	|	orig=423 inHg|Local time: 1400|QC flag: none|Image File: YorkFactory_USSS-314_M1958_1881-05-01_OBS-2.jpg
1881	05	13	21	00	0	10.23	|	orig=302 inHg|Local time: 2100|QC flag: none|Image File: YorkFactory_USSS-314_M1958_1881-05-01_OBS-2.jpg
1881	05	14	07	00	0	7.86	|	orig=232 inHg|Local time: 0700|QC flag: none|Image File: YorkFactory_USSS-314_M1958_1881-05-01_OBS-2.jpg
1881	05	14	14	00	0	8.50	|	orig=251 inHg|Local time: 1400|QC flag: none|Image File: YorkFactory_USSS-314_M1958_1881-05-01_OBS-2.jpg
1881	05	14	21	00	0	6.40	|	orig=189 inHg|Local time: 2100|QC flag: low value|Image File: YorkFactory_USSS-314_M1958_1881-05-01_OBS-2.jpg
1881	05	15	07	00	0	6.16	|	orig=182 inHg|Local time: 0700|QC flag: low value|Image File: YorkFactory_USSS-314_M1958_1881-05-01_OBS-2.jpg
1881	05	15	14	00	0	7.86	|	orig=232 inHg|Local time: 1400|QC flag: none|Image File: YorkFactory_USSS-314_M1958_1881-05-01_OBS-2.jpg
1881	05	15	21	00	0	6.16	|	orig=182 inHg|Local time: 2100|QC flag: low value|Image File: YorkFactory_USSS-314_M1958_1881-05-01_OBS-2.jpg
1881	05	16	07	00	0	6.16	|	orig=182 inHg|Local time: 0700|QC flag: low value|Image File: YorkFactory_USSS-314_M1958_1881-05-01_OBS-2.jpg
1881	05	16	14	00	0	7.25	|	orig=214 inHg|Local time: 1400|QC flag: none|Image File: YorkFactory_USSS-314_M1958_1881-05-01_OBS-2.jpg
1881	05	16	21	00	0	6.40	|	orig=189 inHg|Local time: 2100|QC flag: low value|Image File: YorkFactory_USSS-314_M1958_1881-05-01_OBS-2.jpg
1881	05	17	07	00	0	6.50	|	orig=192 inHg|Local time: 0700|QC flag: low value|Image File: YorkFactory_USSS-314_M1958_1881-05-01_OBS-2.jpg
1881	05	17	14	00	0	6.50	|	orig=192 inHg|Local time: 1400|QC flag: low value|Image File: YorkFactory_USSS-314_M1958_1881-05-01_OBS-2.jpg
1881	05	17	21	00	0	5.76	|	orig=170 inHg|Local time: 2100|QC flag: low value|Image File: YorkFactory_USSS-314_M1958_1881-05-01_OBS-2.jpg
1881	05	18	07	00	0	3.79	|	orig=112 inHg|Local time: 0700|QC flag: low value|Image File: YorkFactory_USSS-314_M1958_1881-05-01_OBS-2.jpg
1881	05	18	14	00	0	4.57	|	orig=135 inHg|Local time: 1400|QC flag: low value|Image File: YorkFactory_USSS-314_M1958_1881-05-01_OBS-2.jpg
1881	05	18	21	00	0	4.77	|	orig=141 inHg|Local time: 2100|QC flag: low value|Image File: YorkFactory_USSS-314_M1958_1881-05-01_OBS-2.jpg
1881	05	19	07	00	0	4.27	|	orig=126 inHg|Local time: 0700|QC flag: low value|Image File: YorkFactory_USSS-314_M1958_1881-05-01_OBS-2.jpg
1881	05	19	14	00	0	5.99	|	orig=177 inHg|Local time: 1400|QC flag: low value|Image File: YorkFactory_USSS-314_M1958_1881-05-01_OBS-2.jpg
1881	05	19	21	00	0	5.79	|	orig=171 inHg|Local time: 2100|QC flag: low value|Image File: YorkFactory_USSS-314_M1958_1881-05-01_OBS-2.jpg
1881	05	20	07	00	0	5.01	|	orig=148 inHg|Local time: 0700|QC flag: low value|Image File: YorkFactory_USSS-314_M1958_1881-05-01_OBS-2.jpg
1881	05	20	14	00	0	5.93	|	orig=175 inHg|Local time: 1400|QC flag: low value|Image File: YorkFactory_USSS-314_M1958_1881-05-01_OBS-2.jpg
1881	05	20	21	00	0	5.69	|	orig=168 inHg|Local time: 2100|QC flag: low value|Image File: YorkFactory_USSS-314_M1958_1881-05-01_OBS-2.jpg
1881	05	21	07	00	0	5.69	|	orig=168 inHg|Local time: 0700|QC flag: low value|Image File: YorkFactory_USSS-314_M1958_1881-05-01_OBS-2.jpg
1881	05	21	14	00	0	10.67	|	orig=315 inHg|Local time: 1400|QC flag: none|Image File: YorkFactory_USSS-314_M1958_1881-05-01_OBS-2.jpg
1881	05	21	21	00	0	7.42	|	orig=219 inHg|Local time: 2100|QC flag: none|Image File: YorkFactory_USSS-314_M1958_1881-05-01_OBS-2.jpg
1881	05	22	07	00	0	5.69	|	orig=168 inHg|Local time: 0700|QC flag: low value|Image File: YorkFactory_USSS-314_M1958_1881-05-01_OBS-2.jpg
1881	05	22	14	00	0	6.81	|	orig=201 inHg|Local time: 1400|QC flag: none|Image File: YorkFactory_USSS-314_M1958_1881-05-01_OBS-2.jpg
1881	05	22	21	00	0	5.93	|	orig=175 inHg|Local time: 2100|QC flag: low value|Image File: YorkFactory_USSS-314_M1958_1881-05-01_OBS-2.jpg
1881	05	23	07	00	0	5.69	|	orig=168 inHg|Local time: 0700|QC flag: low value|Image File: YorkFactory_USSS-314_M1958_1881-05-01_OBS-2.jpg
1881	05	23	14	00	0	6.40	|	orig=189 inHg|Local time: 1400|QC flag: low value|Image File: YorkFactory_USSS-314_M1958_1881-05-01_OBS-2.jpg
1881	05	23	21	00	0	5.45	|	orig=161 inHg|Local time: 2100|QC flag: low value|Image File: YorkFactory_USSS-314_M1958_1881-05-01_OBS-2.jpg
1881	05	24	07	00	0	5.22	|	orig=154 inHg|Local time: 0700|QC flag: low value|Image File: YorkFactory_USSS-314_M1958_1881-05-01_OBS-2.jpg
1881	05	24	14	00	0	6.40	|	orig=189 inHg|Local time: 1400|QC flag: low value|Image File: YorkFactory_USSS-314_M1958_1881-05-01_OBS-2.jpg
1881	05	24	21	00	0	5.93	|	orig=175 inHg|Local time: 2100|QC flag: low value|Image File: YorkFactory_USSS-314_M1958_1881-05-01_OBS-2.jpg
1881	05	25	07	00	0	5.69	|	orig=168 inHg|Local time: 0700|QC flag: low value|Image File: YorkFactory_USSS-314_M1958_1881-05-01_OBS-2.jpg
1881	05	25	14	00	0	7.25	|	orig=214 inHg|Local time: 1400|QC flag: none|Image File: YorkFactory_USSS-314_M1958_1881-05-01_OBS-2.jpg
1881	05	25	21	00	0	6.40	|	orig=189 inHg|Local time: 2100|QC flag: low value|Image File: YorkFactory_USSS-314_M1958_1881-05-01_OBS-2.jpg
1881	05	26	07	00	0	5.93	|	orig=175 inHg|Local time: 0700|QC flag: low value|Image File: YorkFactory_USSS-314_M1958_1881-05-01_OBS-2.jpg
1881	05	26	14	00	0	7.11	|	orig=210 inHg|Local time: 1400|QC flag: none|Image File: YorkFactory_USSS-314_M1958_1881-05-01_OBS-2.jpg
1881	05	26	21	00	0	6.40	|	orig=189 inHg|Local time: 2100|QC flag: low value|Image File: YorkFactory_USSS-314_M1958_1881-05-01_OBS-2.jpg
1881	05	27	07	00	0	6.16	|	orig=182 inHg|Local time: 0700|QC flag: low value|Image File: YorkFactory_USSS-314_M1958_1881-05-01_OBS-2.jpg
1881	05	27	14	00	0	7.55	|	orig=223 inHg|Local time: 1400|QC flag: none|Image File: YorkFactory_USSS-314_M1958_1881-05-01_OBS-2.jpg
1881	05	27	21	00	0	6.40	|	orig=189 inHg|Local time: 2100|QC flag: low value|Image File: YorkFactory_USSS-314_M1958_1881-05-01_OBS-2.jpg
1881	05	28	07	00	0	6.40	|	orig=189 inHg|Local time: 0700|QC flag: low value|Image File: YorkFactory_USSS-314_M1958_1881-05-01_OBS-2.jpg
1881	05	28	14	00	0	7.11	|	orig=210 inHg|Local time: 1400|QC flag: none|Image File: YorkFactory_USSS-314_M1958_1881-05-01_OBS-2.jpg
1881	05	28	21	00	0	6.67	|	orig=197 inHg|Local time: 2100|QC flag: low value|Image File: YorkFactory_USSS-314_M1958_1881-05-01_OBS-2.jpg
1881	05	29	07	00	0	6.94	|	orig=205 inHg|Local time: 0700|QC flag: none|Image File: YorkFactory_USSS-314_M1958_1881-05-01_OBS-2.jpg
1881	05	29	14	00	0	9.85	|	orig=291 inHg|Local time: 1400|QC flag: none|Image File: YorkFactory_USSS-314_M1958_1881-05-01_OBS-2.jpg
1881	05	29	21	00	0	8.50	|	orig=251 inHg|Local time: 2100|QC flag: none|Image File: YorkFactory_USSS-314_M1958_1881-05-01_OBS-2.jpg
1881	05	30	07	00	0	7.25	|	orig=214 inHg|Local time: 0700|QC flag: none|Image File: YorkFactory_USSS-314_M1958_1881-05-01_OBS-2.jpg
1881	05	30	14	00	0	10.23	|	orig=302 inHg|Local time: 1400|QC flag: none|Image File: YorkFactory_USSS-314_M1958_1881-05-01_OBS-2.jpg
1881	05	30	21	00	0	9.55	|	orig=282 inHg|Local time: 2100|QC flag: none|Image File: YorkFactory_USSS-314_M1958_1881-05-01_OBS-2.jpg
1881	05	31	07	00	0	8.50	|	orig=251 inHg|Local time: 0700|QC flag: none|Image File: YorkFactory_USSS-314_M1958_1881-05-01_OBS-2.jpg
1881	05	31	14	00	0	13.55	|	orig=400 inHg|Local time: 1400|QC flag: none|Image File: YorkFactory_USSS-314_M1958_1881-05-01_OBS-2.jpg
1881	05	31	21	00	0	11.11	|	orig=328 inHg|Local time: 2100|QC flag: none|Image File: YorkFactory_USSS-314_M1958_1881-05-01_OBS-2.jpg
1881	06	01	07	00	0	8.50	|	orig=.251 inHg|Local time: 0700|QC flag: none|Image File: YorkFactory_USSS-314_M1958_1881-06-01_OBS-2.jpg
1881	06	01	14	00	0	14.63	|	orig=.432 inHg|Local time: 1400|QC flag: none|Image File: YorkFactory_USSS-314_M1958_1881-06-01_OBS-2.jpg
1881	06	01	21	00	0	11.11	|	orig=.328 inHg|Local time: 2100|QC flag: none|Image File: YorkFactory_USSS-314_M1958_1881-06-01_OBS-2.jpg
1881	06	02	07	00	0	8.80	|	orig=.260 inHg|Local time: 0700|QC flag: none|Image File: YorkFactory_USSS-314_M1958_1881-06-01_OBS-2.jpg
1881	06	02	14	00	0	15.51	|	orig=.458 inHg|Local time: 1400|QC flag: none|Image File: YorkFactory_USSS-314_M1958_1881-06-01_OBS-2.jpg
1881	06	02	21	00	0	13.04	|	orig=.385 inHg|Local time: 2100|QC flag: none|Image File: YorkFactory_USSS-314_M1958_1881-06-01_OBS-2.jpg
1881	06	03	07	00	0	8.16	|	orig=.241 inHg|Local time: 0700|QC flag: none|Image File: YorkFactory_USSS-314_M1958_1881-06-01_OBS-2.jpg
1881	06	03	14	00	0	10.26	|	orig=.303 inHg|Local time: 1400|QC flag: none|Image File: YorkFactory_USSS-314_M1958_1881-06-01_OBS-2.jpg
1881	06	03	21	00	0	7.86	|	orig=.232 inHg|Local time: 2100|QC flag: none|Image File: YorkFactory_USSS-314_M1958_1881-06-01_OBS-2.jpg
1881	06	04	07	00	0	6.94	|	orig=.205 inHg|Local time: 0700|QC flag: none|Image File: YorkFactory_USSS-314_M1958_1881-06-01_OBS-2.jpg
1881	06	04	14	00	0	7.86	|	orig=.232 inHg|Local time: 1400|QC flag: none|Image File: YorkFactory_USSS-314_M1958_1881-06-01_OBS-2.jpg
1881	06	04	21	00	0	7.55	|	orig=.223 inHg|Local time: 2100|QC flag: none|Image File: YorkFactory_USSS-314_M1958_1881-06-01_OBS-2.jpg
1881	06	05	07	00	0	6.40	|	orig=.189 inHg|Local time: 0700|QC flag: low value|Image File: YorkFactory_USSS-314_M1958_1881-06-01_OBS-2.jpg
1881	06	05	14	00	0	6.94	|	orig=.205 inHg|Local time: 1400|QC flag: none|Image File: YorkFactory_USSS-314_M1958_1881-06-01_OBS-2.jpg
1881	06	05	21	00	0	6.16	|	orig=.182 inHg|Local time: 2100|QC flag: low value|Image File: YorkFactory_USSS-314_M1958_1881-06-01_OBS-2.jpg
1881	06	06	07	00	0	5.93	|	orig=.175 inHg|Local time: 0700|QC flag: low value|Image File: YorkFactory_USSS-314_M1958_1881-06-01_OBS-2.jpg
1881	06	06	14	00	0	6.50	|	orig=.192 inHg|Local time: 1400|QC flag: low value|Image File: YorkFactory_USSS-314_M1958_1881-06-01_OBS-2.jpg
1881	06	06	21	00	0	6.94	|	orig=.205 inHg|Local time: 2100|QC flag: none|Image File: YorkFactory_USSS-314_M1958_1881-06-01_OBS-2.jpg
1881	06	07	07	00	0	7.55	|	orig=.223 inHg|Local time: 0700|QC flag: none|Image File: YorkFactory_USSS-314_M1958_1881-06-01_OBS-2.jpg
1881	06	07	14	00	0	13.04	|	orig=.385 inHg|Local time: 1400|QC flag: none|Image File: YorkFactory_USSS-314_M1958_1881-06-01_OBS-2.jpg
1881	06	07	21	00	0	11.55	|	orig=.341 inHg|Local time: 2100|QC flag: none|Image File: YorkFactory_USSS-314_M1958_1881-06-01_OBS-2.jpg
1881	06	08	07	00	0	9.48	|	orig=.280 inHg|Local time: 0700|QC flag: none|Image File: YorkFactory_USSS-314_M1958_1881-06-01_OBS-2.jpg
1881	06	08	14	00	0	13.71	|	orig=.405 inHg|Local time: 1400|QC flag: none|Image File: YorkFactory_USSS-314_M1958_1881-06-01_OBS-2.jpg
1881	06	08	21	00	0	11.55	|	orig=.341 inHg|Local time: 2100|QC flag: none|Image File: YorkFactory_USSS-314_M1958_1881-06-01_OBS-2.jpg
1881	06	09	07	00	0	9.55	|	orig=.282 inHg|Local time: 0700|QC flag: none|Image File: YorkFactory_USSS-314_M1958_1881-06-01_OBS-2.jpg
1881	06	09	14	00	0	18.42	|	orig=.544 inHg|Local time: 1400|QC flag: none|Image File: YorkFactory_USSS-314_M1958_1881-06-01_OBS-2.jpg
1881	06	09	21	00	0	18.35	|	orig=.542 inHg|Local time: 2100|QC flag: none|Image File: YorkFactory_USSS-314_M1958_1881-06-01_OBS-2.jpg
1881	06	10	07	00	0	16.42	|	orig=.485 inHg|Local time: 0700|QC flag: none|Image File: YorkFactory_USSS-314_M1958_1881-06-01_OBS-2.jpg
1881	06	10	14	00	0	18.22	|	orig=.538 inHg|Local time: 1400|QC flag: none|Image File: YorkFactory_USSS-314_M1958_1881-06-01_OBS-2.jpg
1881	06	10	21	00	0	23.67	|	orig=.699 inHg|Local time: 2100|QC flag: none|Image File: YorkFactory_USSS-314_M1958_1881-06-01_OBS-2.jpg
1881	06	11	07	00	0	17.68	|	orig=.522 inHg|Local time: 0700|QC flag: none|Image File: YorkFactory_USSS-314_M1958_1881-06-01_OBS-2.jpg
1881	06	11	14	00	0	20.25	|	orig=.598 inHg|Local time: 1400|QC flag: none|Image File: YorkFactory_USSS-314_M1958_1881-06-01_OBS-2.jpg
1881	06	11	21	00	0	-999	|	orig=Illegible inHg|Local time: 2100|QC flag: illegible|Image File: YorkFactory_USSS-314_M1958_1881-06-01_OBS-2.jpg
1881	06	12	07	00	0	25.43	|	orig=.751 inHg|Local time: 0700|QC flag: none|Image File: YorkFactory_USSS-314_M1958_1881-06-01_OBS-2.jpg
1881	06	12	14	00	0	14.97	|	orig=.442 inHg|Local time: 1400|QC flag: none|Image File: YorkFactory_USSS-314_M1958_1881-06-01_OBS-2.jpg
1881	06	12	21	00	0	6.40	|	orig=.189 inHg|Local time: 2100|QC flag: low value|Image File: YorkFactory_USSS-314_M1958_1881-06-01_OBS-2.jpg
1881	06	13	07	00	0	5.93	|	orig=.175 inHg|Local time: 0700|QC flag: low value|Image File: YorkFactory_USSS-314_M1958_1881-06-01_OBS-2.jpg
1881	06	13	14	00	0	5.93	|	orig=.175 inHg|Local time: 1400|QC flag: low value|Image File: YorkFactory_USSS-314_M1958_1881-06-01_OBS-2.jpg
1881	06	13	21	00	0	-999	|	orig=Illegible inHg|Local time: 2100|QC flag: illegible|Image File: YorkFactory_USSS-314_M1958_1881-06-01_OBS-2.jpg
1881	06	14	07	00	0	5.01	|	orig=.148 inHg|Local time: 0700|QC flag: low value|Image File: YorkFactory_USSS-314_M1958_1881-06-01_OBS-2.jpg
1881	06	14	14	00	0	8.80	|	orig=.260 inHg|Local time: 1400|QC flag: none|Image File: YorkFactory_USSS-314_M1958_1881-06-01_OBS-2.jpg
1881	06	14	21	00	0	8.16	|	orig=.241 inHg|Local time: 2100|QC flag: none|Image File: YorkFactory_USSS-314_M1958_1881-06-01_OBS-2.jpg
1881	06	15	07	00	0	7.55	|	orig=.223 inHg|Local time: 0700|QC flag: none|Image File: YorkFactory_USSS-314_M1958_1881-06-01_OBS-2.jpg
1881	06	15	14	00	0	10.26	|	orig=.303 inHg|Local time: 1400|QC flag: none|Image File: YorkFactory_USSS-314_M1958_1881-06-01_OBS-2.jpg
1881	06	15	21	00	0	10.29	|	orig=.304 inHg|Local time: 2100|QC flag: none|Image File: YorkFactory_USSS-314_M1958_1881-06-01_OBS-2.jpg
1881	06	16	07	00	0	7.86	|	orig=.232 inHg|Local time: 0700|QC flag: none|Image File: YorkFactory_USSS-314_M1958_1881-06-01_OBS-2.jpg
1881	06	16	14	00	0	11.99	|	orig=.354 inHg|Local time: 1400|QC flag: none|Image File: YorkFactory_USSS-314_M1958_1881-06-01_OBS-2.jpg
1881	06	16	21	00	0	10.29	|	orig=.304 inHg|Local time: 2100|QC flag: none|Image File: YorkFactory_USSS-314_M1958_1881-06-01_OBS-2.jpg
1881	06	17	07	00	0	9.55	|	orig=.282 inHg|Local time: 0700|QC flag: none|Image File: YorkFactory_USSS-314_M1958_1881-06-01_OBS-2.jpg
1881	06	17	14	00	0	9.41	|	orig=.278 inHg|Local time: 1400|QC flag: none|Image File: YorkFactory_USSS-314_M1958_1881-06-01_OBS-2.jpg
1881	06	17	21	00	0	9.08	|	orig=.268 inHg|Local time: 2100|QC flag: none|Image File: YorkFactory_USSS-314_M1958_1881-06-01_OBS-2.jpg
1881	06	18	07	00	0	9.18	|	orig=.271 inHg|Local time: 0700|QC flag: none|Image File: YorkFactory_USSS-314_M1958_1881-06-01_OBS-2.jpg
1881	06	18	14	00	0	9.82	|	orig=.290 inHg|Local time: 1400|QC flag: none|Image File: YorkFactory_USSS-314_M1958_1881-06-01_OBS-2.jpg
1881	06	18	21	00	0	9.55	|	orig=.282 inHg|Local time: 2100|QC flag: none|Image File: YorkFactory_USSS-314_M1958_1881-06-01_OBS-2.jpg
1881	06	19	07	00	0	8.80	|	orig=.260 inHg|Local time: 0700|QC flag: none|Image File: YorkFactory_USSS-314_M1958_1881-06-01_OBS-2.jpg
1881	06	19	14	00	0	15.95	|	orig=.471 inHg|Local time: 1400|QC flag: none|Image File: YorkFactory_USSS-314_M1958_1881-06-01_OBS-2.jpg
1881	06	19	21	00	0	15.10	|	orig=.446 inHg|Local time: 2100|QC flag: none|Image File: YorkFactory_USSS-314_M1958_1881-06-01_OBS-2.jpg
1881	06	20	07	00	0	14.97	|	orig=.442 inHg|Local time: 0700|QC flag: none|Image File: YorkFactory_USSS-314_M1958_1881-06-01_OBS-2.jpg
1881	06	20	14	00	0	18.59	|	orig=.549 inHg|Local time: 1400|QC flag: none|Image File: YorkFactory_USSS-314_M1958_1881-06-01_OBS-2.jpg
1881	06	20	21	00	0	16.42	|	orig=.485 inHg|Local time: 2100|QC flag: none|Image File: YorkFactory_USSS-314_M1958_1881-06-01_OBS-2.jpg
1881	06	21	07	00	0	18.83	|	orig=.556 inHg|Local time: 0700|QC flag: none|Image File: YorkFactory_USSS-314_M1958_1881-06-01_OBS-2.jpg
1881	06	21	14	00	0	21.40	|	orig=.632 inHg|Local time: 1400|QC flag: none|Image File: YorkFactory_USSS-314_M1958_1881-06-01_OBS-2.jpg
1881	06	21	21	00	0	24.14	|	orig=.713 inHg|Local time: 2100|QC flag: none|Image File: YorkFactory_USSS-314_M1958_1881-06-01_OBS-2.jpg
1881	06	22	07	00	0	16.86	|	orig=.498 inHg|Local time: 0700|QC flag: none|Image File: YorkFactory_USSS-314_M1958_1881-06-01_OBS-2.jpg
1881	06	22	14	00	0	20.96	|	orig=.619 inHg|Local time: 1400|QC flag: none|Image File: YorkFactory_USSS-314_M1958_1881-06-01_OBS-2.jpg
1881	06	22	21	00	0	23.30	|	orig=.688 inHg|Local time: 2100|QC flag: none|Image File: YorkFactory_USSS-314_M1958_1881-06-01_OBS-2.jpg
1881	06	23	07	00	0	15.10	|	orig=.446 inHg|Local time: 0700|QC flag: none|Image File: YorkFactory_USSS-314_M1958_1881-06-01_OBS-2.jpg
1881	06	23	14	00	0	20.42	|	orig=.603 inHg|Local time: 1400|QC flag: none|Image File: YorkFactory_USSS-314_M1958_1881-06-01_OBS-2.jpg
1881	06	23	21	00	0	23.13	|	orig=.683 inHg|Local time: 2100|QC flag: none|Image File: YorkFactory_USSS-314_M1958_1881-06-01_OBS-2.jpg
1881	06	24	07	00	0	15.20	|	orig=.449 inHg|Local time: 0700|QC flag: none|Image File: YorkFactory_USSS-314_M1958_1881-06-01_OBS-2.jpg
1881	06	24	14	00	0	22.69	|	orig=.670 inHg|Local time: 1400|QC flag: none|Image File: YorkFactory_USSS-314_M1958_1881-06-01_OBS-2.jpg
1881	06	24	21	00	0	29.33	|	orig=.866 inHg|Local time: 2100|QC flag: none|Image File: YorkFactory_USSS-314_M1958_1881-06-01_OBS-2.jpg
1881	06	25	07	00	0	13.65	|	orig=.403 inHg|Local time: 0700|QC flag: none|Image File: YorkFactory_USSS-314_M1958_1881-06-01_OBS-2.jpg
1881	06	25	14	00	0	20.86	|	orig=.616 inHg|Local time: 1400|QC flag: none|Image File: YorkFactory_USSS-314_M1958_1881-06-01_OBS-2.jpg
1881	06	25	21	00	0	28.31	|	orig=.836 inHg|Local time: 2100|QC flag: none|Image File: YorkFactory_USSS-314_M1958_1881-06-01_OBS-2.jpg
1881	06	26	07	00	0	17.68	|	orig=.522 inHg|Local time: 0700|QC flag: none|Image File: YorkFactory_USSS-314_M1958_1881-06-01_OBS-2.jpg
1881	06	26	14	00	0	20.05	|	orig=.592 inHg|Local time: 1400|QC flag: none|Image File: YorkFactory_USSS-314_M1958_1881-06-01_OBS-2.jpg
1881	06	26	21	00	0	16.86	|	orig=.498 inHg|Local time: 2100|QC flag: none|Image File: YorkFactory_USSS-314_M1958_1881-06-01_OBS-2.jpg
1881	06	27	07	00	0	14.53	|	orig=.429 inHg|Local time: 0700|QC flag: none|Image File: YorkFactory_USSS-314_M1958_1881-06-01_OBS-2.jpg
1881	06	27	14	00	0	17.91	|	orig=.529 inHg|Local time: 1400|QC flag: none|Image File: YorkFactory_USSS-314_M1958_1881-06-01_OBS-2.jpg
1881	06	27	21	00	0	15.68	|	orig=.463 inHg|Local time: 2100|QC flag: none|Image File: YorkFactory_USSS-314_M1958_1881-06-01_OBS-2.jpg
1881	06	28	07	00	0	16.42	|	orig=.485 inHg|Local time: 0700|QC flag: none|Image File: YorkFactory_USSS-314_M1958_1881-06-01_OBS-2.jpg
1881	06	28	14	00	0	19.17	|	orig=.566 inHg|Local time: 1400|QC flag: none|Image File: YorkFactory_USSS-314_M1958_1881-06-01_OBS-2.jpg
1881	06	28	21	00	0	20.52	|	orig=.606 inHg|Local time: 2100|QC flag: none|Image File: YorkFactory_USSS-314_M1958_1881-06-01_OBS-2.jpg
1881	06	29	07	00	0	19.07	|	orig=.563 inHg|Local time: 0700|QC flag: none|Image File: YorkFactory_USSS-314_M1958_1881-06-01_OBS-2.jpg
1881	06	29	14	00	0	24.18	|	orig=.714 inHg|Local time: 1400|QC flag: none|Image File: YorkFactory_USSS-314_M1958_1881-06-01_OBS-2.jpg
1881	06	29	21	00	0	29.46	|	orig=.870 inHg|Local time: 2100|QC flag: none|Image File: YorkFactory_USSS-314_M1958_1881-06-01_OBS-2.jpg
1881	06	30	07	00	0	21.61	|	orig=.638 inHg|Local time: 0700|QC flag: none|Image File: YorkFactory_USSS-314_M1958_1881-06-01_OBS-2.jpg
1881	06	30	14	00	0	19.95	|	orig=.589 inHg|Local time: 1400|QC flag: none|Image File: YorkFactory_USSS-314_M1958_1881-06-01_OBS-2.jpg
1881	06	30	21	00	0	25.43	|	orig=.751 inHg|Local time: 2100|QC flag: none|Image File: YorkFactory_USSS-314_M1958_1881-06-01_OBS-2.jpg
1881	07	01	07	00	0	18.15	|	orig=536 inHg|Local time: 0700|QC flag: none|Image File: YorkFactory_USSS-314_M1958_1881-07-01_OBS-2.jpg
1881	07	01	14	00	0	20.05	|	orig=592 inHg|Local time: 1400|QC flag: none|Image File: YorkFactory_USSS-314_M1958_1881-07-01_OBS-2.jpg
1881	07	01	21	00	0	22.86	|	orig=675 inHg|Local time: 2100|QC flag: none|Image File: YorkFactory_USSS-314_M1958_1881-07-01_OBS-2.jpg
1881	07	02	07	00	0	23.30	|	orig=688 inHg|Local time: 0700|QC flag: none|Image File: YorkFactory_USSS-314_M1958_1881-07-01_OBS-2.jpg
1881	07	02	14	00	0	21.74	|	orig=642 inHg|Local time: 1400|QC flag: none|Image File: YorkFactory_USSS-314_M1958_1881-07-01_OBS-2.jpg
1881	07	02	21	00	0	19.27	|	orig=569 inHg|Local time: 2100|QC flag: none|Image File: YorkFactory_USSS-314_M1958_1881-07-01_OBS-2.jpg
1881	07	03	07	00	0	13.99	|	orig=413 inHg|Local time: 0700|QC flag: none|Image File: YorkFactory_USSS-314_M1958_1881-07-01_OBS-2.jpg
1881	07	03	14	00	0	20.05	|	orig=592 inHg|Local time: 1400|QC flag: none|Image File: YorkFactory_USSS-314_M1958_1881-07-01_OBS-2.jpg
1881	07	03	21	00	0	16.42	|	orig=485 inHg|Local time: 2100|QC flag: none|Image File: YorkFactory_USSS-314_M1958_1881-07-01_OBS-2.jpg
1881	07	04	07	00	0	15.10	|	orig=446 inHg|Local time: 0700|QC flag: none|Image File: YorkFactory_USSS-314_M1958_1881-07-01_OBS-2.jpg
1881	07	04	14	00	0	20.35	|	orig=601 inHg|Local time: 1400|QC flag: none|Image File: YorkFactory_USSS-314_M1958_1881-07-01_OBS-2.jpg
1881	07	04	21	00	0	15.95	|	orig=471 inHg|Local time: 2100|QC flag: none|Image File: YorkFactory_USSS-314_M1958_1881-07-01_OBS-2.jpg
1881	07	05	07	00	0	14.53	|	orig=429 inHg|Local time: 0700|QC flag: none|Image File: YorkFactory_USSS-314_M1958_1881-07-01_OBS-2.jpg
1881	07	05	14	00	0	19.61	|	orig=579 inHg|Local time: 1400|QC flag: none|Image File: YorkFactory_USSS-314_M1958_1881-07-01_OBS-2.jpg
1881	07	05	21	00	0	19.78	|	orig=584 inHg|Local time: 2100|QC flag: none|Image File: YorkFactory_USSS-314_M1958_1881-07-01_OBS-2.jpg
1881	07	06	07	00	0	13.99	|	orig=413 inHg|Local time: 0700|QC flag: none|Image File: YorkFactory_USSS-314_M1958_1881-07-01_OBS-2.jpg
1881	07	06	14	00	0	16.42	|	orig=485 inHg|Local time: 1400|QC flag: none|Image File: YorkFactory_USSS-314_M1958_1881-07-01_OBS-2.jpg
1881	07	06	21	00	0	11.55	|	orig=341 inHg|Local time: 2100|QC flag: none|Image File: YorkFactory_USSS-314_M1958_1881-07-01_OBS-2.jpg
1881	07	07	07	00	0	8.16	|	orig=241 inHg|Local time: 0700|QC flag: none|Image File: YorkFactory_USSS-314_M1958_1881-07-01_OBS-2.jpg
1881	07	07	14	00	0	10.67	|	orig=315 inHg|Local time: 1400|QC flag: none|Image File: YorkFactory_USSS-314_M1958_1881-07-01_OBS-2.jpg
1881	07	07	21	00	0	8.50	|	orig=251 inHg|Local time: 2100|QC flag: none|Image File: YorkFactory_USSS-314_M1958_1881-07-01_OBS-2.jpg
1881	07	08	07	00	0	9.55	|	orig=282 inHg|Local time: 0700|QC flag: none|Image File: YorkFactory_USSS-314_M1958_1881-07-01_OBS-2.jpg
1881	07	08	14	00	0	13.99	|	orig=413 inHg|Local time: 1400|QC flag: none|Image File: YorkFactory_USSS-314_M1958_1881-07-01_OBS-2.jpg
1881	07	08	21	00	0	11.55	|	orig=341 inHg|Local time: 2100|QC flag: none|Image File: YorkFactory_USSS-314_M1958_1881-07-01_OBS-2.jpg
1881	07	09	07	00	0	11.55	|	orig=341 inHg|Local time: 0700|QC flag: none|Image File: YorkFactory_USSS-314_M1958_1881-07-01_OBS-2.jpg
1881	07	09	14	00	0	13.65	|	orig=403 inHg|Local time: 1400|QC flag: none|Image File: YorkFactory_USSS-314_M1958_1881-07-01_OBS-2.jpg
1881	07	09	21	00	0	11.55	|	orig=341 inHg|Local time: 2100|QC flag: none|Image File: YorkFactory_USSS-314_M1958_1881-07-01_OBS-2.jpg
1881	07	10	07	00	0	9.85	|	orig=291 inHg|Local time: 0700|QC flag: none|Image File: YorkFactory_USSS-314_M1958_1881-07-01_OBS-2.jpg
1881	07	10	14	00	0	15.51	|	orig=458 inHg|Local time: 1400|QC flag: none|Image File: YorkFactory_USSS-314_M1958_1881-07-01_OBS-2.jpg
1881	07	10	21	00	0	14.53	|	orig=429 inHg|Local time: 2100|QC flag: none|Image File: YorkFactory_USSS-314_M1958_1881-07-01_OBS-2.jpg
1881	07	11	07	00	0	10.67	|	orig=315 inHg|Local time: 0700|QC flag: none|Image File: YorkFactory_USSS-314_M1958_1881-07-01_OBS-2.jpg
1881	07	11	14	00	0	17.71	|	orig=523 inHg|Local time: 1400|QC flag: none|Image File: YorkFactory_USSS-314_M1958_1881-07-01_OBS-2.jpg
1881	07	11	21	00	0	15.68	|	orig=463 inHg|Local time: 2100|QC flag: none|Image File: YorkFactory_USSS-314_M1958_1881-07-01_OBS-2.jpg
1881	07	12	07	00	0	12.97	|	orig=383 inHg|Local time: 0700|QC flag: none|Image File: YorkFactory_USSS-314_M1958_1881-07-01_OBS-2.jpg
1881	07	12	14	00	0	18.69	|	orig=552 inHg|Local time: 1400|QC flag: none|Image File: YorkFactory_USSS-314_M1958_1881-07-01_OBS-2.jpg
1881	07	12	21	00	0	16.86	|	orig=498 inHg|Local time: 2100|QC flag: none|Image File: YorkFactory_USSS-314_M1958_1881-07-01_OBS-2.jpg
1881	07	13	07	00	0	15.10	|	orig=446 inHg|Local time: 0700|QC flag: none|Image File: YorkFactory_USSS-314_M1958_1881-07-01_OBS-2.jpg
1881	07	13	14	00	0	16.86	|	orig=498 inHg|Local time: 1400|QC flag: none|Image File: YorkFactory_USSS-314_M1958_1881-07-01_OBS-2.jpg
1881	07	13	21	00	0	16.59	|	orig=490 inHg|Local time: 2100|QC flag: none|Image File: YorkFactory_USSS-314_M1958_1881-07-01_OBS-2.jpg
1881	07	14	07	00	0	16.42	|	orig=485 inHg|Local time: 0700|QC flag: none|Image File: YorkFactory_USSS-314_M1958_1881-07-01_OBS-2.jpg
1881	07	14	14	00	0	18.42	|	orig=544 inHg|Local time: 1400|QC flag: none|Image File: YorkFactory_USSS-314_M1958_1881-07-01_OBS-2.jpg
1881	07	14	21	00	0	20.52	|	orig=606 inHg|Local time: 2100|QC flag: none|Image File: YorkFactory_USSS-314_M1958_1881-07-01_OBS-2.jpg
1881	07	15	07	00	0	16.25	|	orig=480 inHg|Local time: 0700|QC flag: none|Image File: YorkFactory_USSS-314_M1958_1881-07-01_OBS-2.jpg
1881	07	15	14	00	0	19.54	|	orig=577 inHg|Local time: 1400|QC flag: none|Image File: YorkFactory_USSS-314_M1958_1881-07-01_OBS-2.jpg
1881	07	15	21	00	0	18.69	|	orig=552 inHg|Local time: 2100|QC flag: none|Image File: YorkFactory_USSS-314_M1958_1881-07-01_OBS-2.jpg
1881	07	16	07	00	0	13.55	|	orig=400 inHg|Local time: 0700|QC flag: none|Image File: YorkFactory_USSS-314_M1958_1881-07-01_OBS-2.jpg
1881	07	16	14	00	0	24.52	|	orig=724 inHg|Local time: 1400|QC flag: none|Image File: YorkFactory_USSS-314_M1958_1881-07-01_OBS-2.jpg
1881	07	16	21	00	0	15.95	|	orig=471 inHg|Local time: 2100|QC flag: none|Image File: YorkFactory_USSS-314_M1958_1881-07-01_OBS-2.jpg
1881	07	17	07	00	0	14.53	|	orig=429 inHg|Local time: 0700|QC flag: none|Image File: YorkFactory_USSS-314_M1958_1881-07-01_OBS-2.jpg
1881	07	17	14	00	0	15.98	|	orig=472 inHg|Local time: 1400|QC flag: none|Image File: YorkFactory_USSS-314_M1958_1881-07-01_OBS-2.jpg
1881	07	17	21	00	0	20.83	|	orig=615 inHg|Local time: 2100|QC flag: none|Image File: YorkFactory_USSS-314_M1958_1881-07-01_OBS-2.jpg
1881	07	18	07	00	0	12.97	|	orig=383 inHg|Local time: 0700|QC flag: none|Image File: YorkFactory_USSS-314_M1958_1881-07-01_OBS-2.jpg
1881	07	18	14	00	0	15.07	|	orig=445 inHg|Local time: 1400|QC flag: none|Image File: YorkFactory_USSS-314_M1958_1881-07-01_OBS-2.jpg
1881	07	18	21	00	0	20.52	|	orig=606 inHg|Local time: 2100|QC flag: none|Image File: YorkFactory_USSS-314_M1958_1881-07-01_OBS-2.jpg
1881	07	19	07	00	0	13.99	|	orig=413 inHg|Local time: 0700|QC flag: none|Image File: YorkFactory_USSS-314_M1958_1881-07-01_OBS-2.jpg
1881	07	19	14	00	0	15.81	|	orig=467 inHg|Local time: 1400|QC flag: none|Image File: YorkFactory_USSS-314_M1958_1881-07-01_OBS-2.jpg
1881	07	19	21	00	0	19.07	|	orig=563 inHg|Local time: 2100|QC flag: none|Image File: YorkFactory_USSS-314_M1958_1881-07-01_OBS-2.jpg
1881	07	20	07	00	0	13.48	|	orig=398 inHg|Local time: 0700|QC flag: none|Image File: YorkFactory_USSS-314_M1958_1881-07-01_OBS-2.jpg
1881	07	20	14	00	0	16.73	|	orig=494 inHg|Local time: 1400|QC flag: none|Image File: YorkFactory_USSS-314_M1958_1881-07-01_OBS-2.jpg
1881	07	20	21	00	0	17.68	|	orig=522 inHg|Local time: 2100|QC flag: none|Image File: YorkFactory_USSS-314_M1958_1881-07-01_OBS-2.jpg
1881	07	21	07	00	0	14.63	|	orig=432 inHg|Local time: 0700|QC flag: none|Image File: YorkFactory_USSS-314_M1958_1881-07-01_OBS-2.jpg
1881	07	21	14	00	0	18.42	|	orig=544 inHg|Local time: 1400|QC flag: none|Image File: YorkFactory_USSS-314_M1958_1881-07-01_OBS-2.jpg
1881	07	21	21	00	0	19.07	|	orig=563 inHg|Local time: 2100|QC flag: none|Image File: YorkFactory_USSS-314_M1958_1881-07-01_OBS-2.jpg
1881	07	22	07	00	0	15.20	|	orig=449 inHg|Local time: 0700|QC flag: none|Image File: YorkFactory_USSS-314_M1958_1881-07-01_OBS-2.jpg
1881	07	22	14	00	0	15.37	|	orig=454 inHg|Local time: 1400|QC flag: none|Image File: YorkFactory_USSS-314_M1958_1881-07-01_OBS-2.jpg
1881	07	22	21	00	0	20.35	|	orig=601 inHg|Local time: 2100|QC flag: none|Image File: YorkFactory_USSS-314_M1958_1881-07-01_OBS-2.jpg
1881	07	23	07	00	0	15.81	|	orig=467 inHg|Local time: 0700|QC flag: none|Image File: YorkFactory_USSS-314_M1958_1881-07-01_OBS-2.jpg
1881	07	23	14	00	0	20.86	|	orig=616 inHg|Local time: 1400|QC flag: none|Image File: YorkFactory_USSS-314_M1958_1881-07-01_OBS-2.jpg
1881	07	23	21	00	0	23.23	|	orig=686 inHg|Local time: 2100|QC flag: none|Image File: YorkFactory_USSS-314_M1958_1881-07-01_OBS-2.jpg
1881	07	24	07	00	0	19.07	|	orig=563 inHg|Local time: 0700|QC flag: none|Image File: YorkFactory_USSS-314_M1958_1881-07-01_OBS-2.jpg
1881	07	24	14	00	0	18.22	|	orig=538 inHg|Local time: 1400|QC flag: none|Image File: YorkFactory_USSS-314_M1958_1881-07-01_OBS-2.jpg
1881	07	24	21	00	0	23.16	|	orig=684 inHg|Local time: 2100|QC flag: none|Image File: YorkFactory_USSS-314_M1958_1881-07-01_OBS-2.jpg
1881	07	25	07	00	0	18.59	|	orig=549 inHg|Local time: 0700|QC flag: none|Image File: YorkFactory_USSS-314_M1958_1881-07-01_OBS-2.jpg
1881	07	25	14	00	0	19.95	|	orig=589 inHg|Local time: 1400|QC flag: none|Image File: YorkFactory_USSS-314_M1958_1881-07-01_OBS-2.jpg
1881	07	25	21	00	0	22.76	|	orig=672 inHg|Local time: 2100|QC flag: none|Image File: YorkFactory_USSS-314_M1958_1881-07-01_OBS-2.jpg
1881	07	26	07	00	0	18.35	|	orig=542 inHg|Local time: 0700|QC flag: none|Image File: YorkFactory_USSS-314_M1958_1881-07-01_OBS-2.jpg
1881	07	26	14	00	0	18.66	|	orig=551 inHg|Local time: 1400|QC flag: none|Image File: YorkFactory_USSS-314_M1958_1881-07-01_OBS-2.jpg
1881	07	26	21	00	0	23.23	|	orig=686 inHg|Local time: 2100|QC flag: none|Image File: YorkFactory_USSS-314_M1958_1881-07-01_OBS-2.jpg
1881	07	27	07	00	0	17.68	|	orig=522 inHg|Local time: 0700|QC flag: none|Image File: YorkFactory_USSS-314_M1958_1881-07-01_OBS-2.jpg
1881	07	27	14	00	0	20.42	|	orig=603 inHg|Local time: 1400|QC flag: none|Image File: YorkFactory_USSS-314_M1958_1881-07-01_OBS-2.jpg
1881	07	27	21	00	0	25.43	|	orig=751 inHg|Local time: 2100|QC flag: none|Image File: YorkFactory_USSS-314_M1958_1881-07-01_OBS-2.jpg
1881	07	28	07	00	0	16.25	|	orig=480 inHg|Local time: 0700|QC flag: none|Image File: YorkFactory_USSS-314_M1958_1881-07-01_OBS-2.jpg
1881	07	28	14	00	0	21.77	|	orig=643 inHg|Local time: 1400|QC flag: none|Image File: YorkFactory_USSS-314_M1958_1881-07-01_OBS-2.jpg
1881	07	28	21	00	0	26.35	|	orig=778 inHg|Local time: 2100|QC flag: none|Image File: YorkFactory_USSS-314_M1958_1881-07-01_OBS-2.jpg
1881	07	29	07	00	0	16.86	|	orig=498 inHg|Local time: 0700|QC flag: none|Image File: YorkFactory_USSS-314_M1958_1881-07-01_OBS-2.jpg
1881	07	29	14	00	0	25.09	|	orig=741 inHg|Local time: 1400|QC flag: none|Image File: YorkFactory_USSS-314_M1958_1881-07-01_OBS-2.jpg
1881	07	29	21	00	0	19.17	|	orig=566 inHg|Local time: 2100|QC flag: none|Image File: YorkFactory_USSS-314_M1958_1881-07-01_OBS-2.jpg
1881	07	30	07	00	0	16.42	|	orig=485 inHg|Local time: 0700|QC flag: none|Image File: YorkFactory_USSS-314_M1958_1881-07-01_OBS-2.jpg
1881	07	30	14	00	0	19.95	|	orig=589 inHg|Local time: 1400|QC flag: none|Image File: YorkFactory_USSS-314_M1958_1881-07-01_OBS-2.jpg
1881	07	30	21	00	0	23.23	|	orig=686 inHg|Local time: 2100|QC flag: none|Image File: YorkFactory_USSS-314_M1958_1881-07-01_OBS-2.jpg
1881	07	31	07	00	0	24.52	|	orig=724 inHg|Local time: 0700|QC flag: none|Image File: YorkFactory_USSS-314_M1958_1881-07-01_OBS-2.jpg
1881	07	31	14	00	0	22.82	|	orig=674 inHg|Local time: 1400|QC flag: none|Image File: YorkFactory_USSS-314_M1958_1881-07-01_OBS-2.jpg
1881	07	31	21	00	0	27.06	|	orig=799 inHg|Local time: 2100|QC flag: none|Image File: YorkFactory_USSS-314_M1958_1881-07-01_OBS-2.jpg
1881	08	01	07	00	0	24.08	|	orig=711 inHg|Local time: 0700|QC flag: none|Image File: YorkFactory_USSS-314_M1958_1881-08-01_OBS-2.jpg
1881	08	01	14	00	0	22.01	|	orig=650 inHg|Local time: 1400|QC flag: none|Image File: YorkFactory_USSS-314_M1958_1881-08-01_OBS-2.jpg
1881	08	01	21	00	0	18.59	|	orig=549 inHg|Local time: 2100|QC flag: none|Image File: YorkFactory_USSS-314_M1958_1881-08-01_OBS-2.jpg
1881	08	02	07	00	0	12.02	|	orig=355 inHg|Local time: 0700|QC flag: none|Image File: YorkFactory_USSS-314_M1958_1881-08-01_OBS-2.jpg
1881	08	02	14	00	0	17.71	|	orig=523 inHg|Local time: 1400|QC flag: none|Image File: YorkFactory_USSS-314_M1958_1881-08-01_OBS-2.jpg
1881	08	02	21	00	0	13.11	|	orig=387 inHg|Local time: 2100|QC flag: none|Image File: YorkFactory_USSS-314_M1958_1881-08-01_OBS-2.jpg
1881	08	03	07	00	0	12.97	|	orig=383 inHg|Local time: 0700|QC flag: none|Image File: YorkFactory_USSS-314_M1958_1881-08-01_OBS-2.jpg
1881	08	03	14	00	0	18.25	|	orig=539 inHg|Local time: 1400|QC flag: none|Image File: YorkFactory_USSS-314_M1958_1881-08-01_OBS-2.jpg
1881	08	03	21	00	0	12.53	|	orig=370 inHg|Local time: 2100|QC flag: none|Image File: YorkFactory_USSS-314_M1958_1881-08-01_OBS-2.jpg
1881	08	04	07	00	0	10.94	|	orig=323 inHg|Local time: 0700|QC flag: none|Image File: YorkFactory_USSS-314_M1958_1881-08-01_OBS-2.jpg
1881	08	04	14	00	0	23.20	|	orig=685 inHg|Local time: 1400|QC flag: none|Image File: YorkFactory_USSS-314_M1958_1881-08-01_OBS-2.jpg
1881	08	04	21	00	0	14.16	|	orig=418 inHg|Local time: 2100|QC flag: none|Image File: YorkFactory_USSS-314_M1958_1881-08-01_OBS-2.jpg
1881	08	05	07	00	0	8.50	|	orig=251 inHg|Local time: 0700|QC flag: none|Image File: YorkFactory_USSS-314_M1958_1881-08-01_OBS-2.jpg
1881	08	05	14	00	0	13.99	|	orig=413 inHg|Local time: 1400|QC flag: none|Image File: YorkFactory_USSS-314_M1958_1881-08-01_OBS-2.jpg
1881	08	05	21	00	0	9.92	|	orig=293 inHg|Local time: 2100|QC flag: none|Image File: YorkFactory_USSS-314_M1958_1881-08-01_OBS-2.jpg
1881	08	06	07	00	0	6.40	|	orig=189 inHg|Local time: 0700|QC flag: low value|Image File: YorkFactory_USSS-314_M1958_1881-08-01_OBS-2.jpg
1881	08	06	14	00	0	15.68	|	orig=463 inHg|Local time: 1400|QC flag: none|Image File: YorkFactory_USSS-314_M1958_1881-08-01_OBS-2.jpg
1881	08	06	21	00	0	17.51	|	orig=517 inHg|Local time: 2100|QC flag: none|Image File: YorkFactory_USSS-314_M1958_1881-08-01_OBS-2.jpg
1881	08	07	07	00	0	14.97	|	orig=442 inHg|Local time: 0700|QC flag: none|Image File: YorkFactory_USSS-314_M1958_1881-08-01_OBS-2.jpg
1881	08	07	14	00	0	15.54	|	orig=459 inHg|Local time: 1400|QC flag: none|Image File: YorkFactory_USSS-314_M1958_1881-08-01_OBS-2.jpg
1881	08	07	21	00	0	11.99	|	orig=354 inHg|Local time: 2100|QC flag: none|Image File: YorkFactory_USSS-314_M1958_1881-08-01_OBS-2.jpg
1881	08	08	07	00	0	8.50	|	orig=251 inHg|Local time: 0700|QC flag: none|Image File: YorkFactory_USSS-314_M1958_1881-08-01_OBS-2.jpg
1881	08	08	14	00	0	11.14	|	orig=329 inHg|Local time: 1400|QC flag: none|Image File: YorkFactory_USSS-314_M1958_1881-08-01_OBS-2.jpg
1881	08	08	21	00	0	9.55	|	orig=282 inHg|Local time: 2100|QC flag: none|Image File: YorkFactory_USSS-314_M1958_1881-08-01_OBS-2.jpg
1881	08	09	07	00	0	8.50	|	orig=251 inHg|Local time: 0700|QC flag: none|Image File: YorkFactory_USSS-314_M1958_1881-08-01_OBS-2.jpg
1881	08	09	14	00	0	18.35	|	orig=542 inHg|Local time: 1400|QC flag: none|Image File: YorkFactory_USSS-314_M1958_1881-08-01_OBS-2.jpg
1881	08	09	21	00	0	19.17	|	orig=566 inHg|Local time: 2100|QC flag: none|Image File: YorkFactory_USSS-314_M1958_1881-08-01_OBS-2.jpg
1881	08	10	07	00	0	14.97	|	orig=442 inHg|Local time: 0700|QC flag: none|Image File: YorkFactory_USSS-314_M1958_1881-08-01_OBS-2.jpg
1881	08	10	14	00	0	17.51	|	orig=517 inHg|Local time: 1400|QC flag: none|Image File: YorkFactory_USSS-314_M1958_1881-08-01_OBS-2.jpg
1881	08	10	21	00	0	14.43	|	orig=426 inHg|Local time: 2100|QC flag: none|Image File: YorkFactory_USSS-314_M1958_1881-08-01_OBS-2.jpg
1881	08	11	07	00	0	11.55	|	orig=341 inHg|Local time: 0700|QC flag: none|Image File: YorkFactory_USSS-314_M1958_1881-08-01_OBS-2.jpg
1881	08	11	14	00	0	14.43	|	orig=426 inHg|Local time: 1400|QC flag: none|Image File: YorkFactory_USSS-314_M1958_1881-08-01_OBS-2.jpg
1881	08	11	21	00	0	12.46	|	orig=368 inHg|Local time: 2100|QC flag: none|Image File: YorkFactory_USSS-314_M1958_1881-08-01_OBS-2.jpg
1881	08	12	07	00	0	10.70	|	orig=316 inHg|Local time: 0700|QC flag: none|Image File: YorkFactory_USSS-314_M1958_1881-08-01_OBS-2.jpg
1881	08	12	14	00	0	11.55	|	orig=341 inHg|Local time: 1400|QC flag: none|Image File: YorkFactory_USSS-314_M1958_1881-08-01_OBS-2.jpg
1881	08	12	21	00	0	9.55	|	orig=282 inHg|Local time: 2100|QC flag: none|Image File: YorkFactory_USSS-314_M1958_1881-08-01_OBS-2.jpg
1881	08	13	07	00	0	8.50	|	orig=251 inHg|Local time: 0700|QC flag: none|Image File: YorkFactory_USSS-314_M1958_1881-08-01_OBS-2.jpg
1881	08	13	14	00	0	11.99	|	orig=354 inHg|Local time: 1400|QC flag: none|Image File: YorkFactory_USSS-314_M1958_1881-08-01_OBS-2.jpg
1881	08	13	21	00	0	11.14	|	orig=329 inHg|Local time: 2100|QC flag: none|Image File: YorkFactory_USSS-314_M1958_1881-08-01_OBS-2.jpg
1881	08	14	07	00	0	9.55	|	orig=282 inHg|Local time: 0700|QC flag: none|Image File: YorkFactory_USSS-314_M1958_1881-08-01_OBS-2.jpg
1881	08	14	14	00	0	18.15	|	orig=536 inHg|Local time: 1400|QC flag: none|Image File: YorkFactory_USSS-314_M1958_1881-08-01_OBS-2.jpg
1881	08	14	21	00	0	15.81	|	orig=467 inHg|Local time: 2100|QC flag: none|Image File: YorkFactory_USSS-314_M1958_1881-08-01_OBS-2.jpg
1881	08	15	07	00	0	9.55	|	orig=282 inHg|Local time: 0700|QC flag: none|Image File: YorkFactory_USSS-314_M1958_1881-08-01_OBS-2.jpg
1881	08	15	14	00	0	18.69	|	orig=552 inHg|Local time: 1400|QC flag: none|Image File: YorkFactory_USSS-314_M1958_1881-08-01_OBS-2.jpg
1881	08	15	21	00	0	19.07	|	orig=563 inHg|Local time: 2100|QC flag: none|Image File: YorkFactory_USSS-314_M1958_1881-08-01_OBS-2.jpg
1881	08	16	07	00	0	21.44	|	orig=633 inHg|Local time: 0700|QC flag: none|Image File: YorkFactory_USSS-314_M1958_1881-08-01_OBS-2.jpg
1881	08	16	14	00	0	21.44	|	orig=633 inHg|Local time: 1400|QC flag: none|Image File: YorkFactory_USSS-314_M1958_1881-08-01_OBS-2.jpg
1881	08	16	21	00	0	14.97	|	orig=442 inHg|Local time: 2100|QC flag: none|Image File: YorkFactory_USSS-314_M1958_1881-08-01_OBS-2.jpg
1881	08	17	07	00	0	11.55	|	orig=341 inHg|Local time: 0700|QC flag: none|Image File: YorkFactory_USSS-314_M1958_1881-08-01_OBS-2.jpg
1881	08	17	14	00	0	16.69	|	orig=493 inHg|Local time: 1400|QC flag: none|Image File: YorkFactory_USSS-314_M1958_1881-08-01_OBS-2.jpg
1881	08	17	21	00	0	11.14	|	orig=329 inHg|Local time: 2100|QC flag: none|Image File: YorkFactory_USSS-314_M1958_1881-08-01_OBS-2.jpg
1881	08	18	07	00	0	6.67	|	orig=197 inHg|Local time: 0700|QC flag: low value|Image File: YorkFactory_USSS-314_M1958_1881-08-01_OBS-2.jpg
1881	08	18	14	00	0	12.56	|	orig=371 inHg|Local time: 1400|QC flag: none|Image File: YorkFactory_USSS-314_M1958_1881-08-01_OBS-2.jpg
1881	08	18	21	00	0	12.56	|	orig=371 inHg|Local time: 2100|QC flag: none|Image File: YorkFactory_USSS-314_M1958_1881-08-01_OBS-2.jpg
1881	08	19	07	00	0	6.16	|	orig=182 inHg|Local time: 0700|QC flag: low value|Image File: YorkFactory_USSS-314_M1958_1881-08-01_OBS-2.jpg
1881	08	19	14	00	0	16.69	|	orig=493 inHg|Local time: 1400|QC flag: none|Image File: YorkFactory_USSS-314_M1958_1881-08-01_OBS-2.jpg
1881	08	19	21	00	0	10.70	|	orig=316 inHg|Local time: 2100|QC flag: none|Image File: YorkFactory_USSS-314_M1958_1881-08-01_OBS-2.jpg
1881	08	20	07	00	0	8.80	|	orig=260 inHg|Local time: 0700|QC flag: none|Image File: YorkFactory_USSS-314_M1958_1881-08-01_OBS-2.jpg
1881	08	20	14	00	0	14.53	|	orig=429 inHg|Local time: 1400|QC flag: none|Image File: YorkFactory_USSS-314_M1958_1881-08-01_OBS-2.jpg
1881	08	20	21	00	0	12.46	|	orig=368 inHg|Local time: 2100|QC flag: none|Image File: YorkFactory_USSS-314_M1958_1881-08-01_OBS-2.jpg
1881	08	21	07	00	0	12.94	|	orig=382 inHg|Local time: 0700|QC flag: none|Image File: YorkFactory_USSS-314_M1958_1881-08-01_OBS-2.jpg
1881	08	21	14	00	0	18.15	|	orig=536 inHg|Local time: 1400|QC flag: none|Image File: YorkFactory_USSS-314_M1958_1881-08-01_OBS-2.jpg
1881	08	21	21	00	0	14.97	|	orig=442 inHg|Local time: 2100|QC flag: none|Image File: YorkFactory_USSS-314_M1958_1881-08-01_OBS-2.jpg
1881	08	22	07	00	0	11.55	|	orig=341 inHg|Local time: 0700|QC flag: none|Image File: YorkFactory_USSS-314_M1958_1881-08-01_OBS-2.jpg
1881	08	22	14	00	0	18.15	|	orig=536 inHg|Local time: 1400|QC flag: none|Image File: YorkFactory_USSS-314_M1958_1881-08-01_OBS-2.jpg
1881	08	22	21	00	0	16.42	|	orig=485 inHg|Local time: 2100|QC flag: none|Image File: YorkFactory_USSS-314_M1958_1881-08-01_OBS-2.jpg
1881	08	23	07	00	0	14.97	|	orig=442 inHg|Local time: 0700|QC flag: none|Image File: YorkFactory_USSS-314_M1958_1881-08-01_OBS-2.jpg
1881	08	23	14	00	0	22.72	|	orig=671 inHg|Local time: 1400|QC flag: none|Image File: YorkFactory_USSS-314_M1958_1881-08-01_OBS-2.jpg
1881	08	23	21	00	0	18.59	|	orig=549 inHg|Local time: 2100|QC flag: none|Image File: YorkFactory_USSS-314_M1958_1881-08-01_OBS-2.jpg
1881	08	24	07	00	0	11.14	|	orig=329 inHg|Local time: 0700|QC flag: none|Image File: YorkFactory_USSS-314_M1958_1881-08-01_OBS-2.jpg
1881	08	24	14	00	0	13.41	|	orig=396 inHg|Local time: 1400|QC flag: none|Image File: YorkFactory_USSS-314_M1958_1881-08-01_OBS-2.jpg
1881	08	24	21	00	0	12.94	|	orig=382 inHg|Local time: 2100|QC flag: none|Image File: YorkFactory_USSS-314_M1958_1881-08-01_OBS-2.jpg
1881	08	25	07	00	0	8.80	|	orig=260 inHg|Local time: 0700|QC flag: none|Image File: YorkFactory_USSS-314_M1958_1881-08-01_OBS-2.jpg
1881	08	25	14	00	0	11.55	|	orig=341 inHg|Local time: 1400|QC flag: none|Image File: YorkFactory_USSS-314_M1958_1881-08-01_OBS-2.jpg
1881	08	25	21	00	0	11.14	|	orig=329 inHg|Local time: 2100|QC flag: none|Image File: YorkFactory_USSS-314_M1958_1881-08-01_OBS-2.jpg
1881	08	26	07	00	0	10.73	|	orig=317 inHg|Local time: 0700|QC flag: none|Image File: YorkFactory_USSS-314_M1958_1881-08-01_OBS-2.jpg
1881	08	26	14	00	0	16.69	|	orig=493 inHg|Local time: 1400|QC flag: none|Image File: YorkFactory_USSS-314_M1958_1881-08-01_OBS-2.jpg
1881	08	26	21	00	0	12.94	|	orig=382 inHg|Local time: 2100|QC flag: none|Image File: YorkFactory_USSS-314_M1958_1881-08-01_OBS-2.jpg
1881	08	27	07	00	0	13.92	|	orig=411 inHg|Local time: 0700|QC flag: none|Image File: YorkFactory_USSS-314_M1958_1881-08-01_OBS-2.jpg
1881	08	27	14	00	0	18.86	|	orig=557 inHg|Local time: 1400|QC flag: none|Image File: YorkFactory_USSS-314_M1958_1881-08-01_OBS-2.jpg
1881	08	27	21	00	0	15.68	|	orig=463 inHg|Local time: 2100|QC flag: none|Image File: YorkFactory_USSS-314_M1958_1881-08-01_OBS-2.jpg
1881	08	28	07	00	0	9.55	|	orig=282 inHg|Local time: 0700|QC flag: none|Image File: YorkFactory_USSS-314_M1958_1881-08-01_OBS-2.jpg
1881	08	28	14	00	0	12.90	|	orig=381 inHg|Local time: 1400|QC flag: none|Image File: YorkFactory_USSS-314_M1958_1881-08-01_OBS-2.jpg
1881	08	28	21	00	0	11.14	|	orig=329 inHg|Local time: 2100|QC flag: none|Image File: YorkFactory_USSS-314_M1958_1881-08-01_OBS-2.jpg
1881	08	29	07	00	0	11.14	|	orig=329 inHg|Local time: 0700|QC flag: none|Image File: YorkFactory_USSS-314_M1958_1881-08-01_OBS-2.jpg
1881	08	29	14	00	0	15.54	|	orig=459 inHg|Local time: 1400|QC flag: none|Image File: YorkFactory_USSS-314_M1958_1881-08-01_OBS-2.jpg
1881	08	29	21	00	0	12.46	|	orig=368 inHg|Local time: 2100|QC flag: none|Image File: YorkFactory_USSS-314_M1958_1881-08-01_OBS-2.jpg
1881	08	30	07	00	0	10.29	|	orig=304 inHg|Local time: 0700|QC flag: none|Image File: YorkFactory_USSS-314_M1958_1881-08-01_OBS-2.jpg
1881	08	30	14	00	0	17.95	|	orig=530 inHg|Local time: 1400|QC flag: none|Image File: YorkFactory_USSS-314_M1958_1881-08-01_OBS-2.jpg
1881	08	30	21	00	0	11.55	|	orig=341 inHg|Local time: 2100|QC flag: none|Image File: YorkFactory_USSS-314_M1958_1881-08-01_OBS-2.jpg
1881	08	31	07	00	0	8.80	|	orig=260 inHg|Local time: 0700|QC flag: none|Image File: YorkFactory_USSS-314_M1958_1881-08-01_OBS-2.jpg
1881	08	31	14	00	0	16.12	|	orig=476 inHg|Local time: 1400|QC flag: none|Image File: YorkFactory_USSS-314_M1958_1881-08-01_OBS-2.jpg
1881	08	31	21	00	0	12.94	|	orig=382 inHg|Local time: 2100|QC flag: none|Image File: YorkFactory_USSS-314_M1958_1881-08-01_OBS-2.jpg
1881	09	01	07	00	0	9.18	|	orig=271 inHg|Local time: 0700|QC flag: none|Image File: YorkFactory_USSS-314_M1958_1881-09-01_OBS-2.jpg
1881	09	01	14	00	0	14.97	|	orig=442 inHg|Local time: 1400|QC flag: none|Image File: YorkFactory_USSS-314_M1958_1881-09-01_OBS-2.jpg
1881	09	01	21	00	0	11.55	|	orig=341 inHg|Local time: 2100|QC flag: none|Image File: YorkFactory_USSS-314_M1958_1881-09-01_OBS-2.jpg
1881	09	02	07	00	0	9.55	|	orig=282 inHg|Local time: 0700|QC flag: none|Image File: YorkFactory_USSS-314_M1958_1881-09-01_OBS-2.jpg
1881	09	02	14	00	0	14.53	|	orig=429 inHg|Local time: 1400|QC flag: none|Image File: YorkFactory_USSS-314_M1958_1881-09-01_OBS-2.jpg
1881	09	02	21	00	0	11.55	|	orig=341 inHg|Local time: 2100|QC flag: none|Image File: YorkFactory_USSS-314_M1958_1881-09-01_OBS-2.jpg
1881	09	03	07	00	0	8.16	|	orig=241 inHg|Local time: 0700|QC flag: none|Image File: YorkFactory_USSS-314_M1958_1881-09-01_OBS-2.jpg
1881	09	03	14	00	0	14.53	|	orig=429 inHg|Local time: 1400|QC flag: none|Image File: YorkFactory_USSS-314_M1958_1881-09-01_OBS-2.jpg
1881	09	03	21	00	0	13.99	|	orig=413 inHg|Local time: 2100|QC flag: none|Image File: YorkFactory_USSS-314_M1958_1881-09-01_OBS-2.jpg
1881	09	04	07	00	0	7.55	|	orig=223 inHg|Local time: 0700|QC flag: none|Image File: YorkFactory_USSS-314_M1958_1881-09-01_OBS-2.jpg
1881	09	04	14	00	0	11.14	|	orig=329 inHg|Local time: 1400|QC flag: none|Image File: YorkFactory_USSS-314_M1958_1881-09-01_OBS-2.jpg
1881	09	04	21	00	0	10.29	|	orig=304 inHg|Local time: 2100|QC flag: none|Image File: YorkFactory_USSS-314_M1958_1881-09-01_OBS-2.jpg
1881	09	05	07	00	0	7.86	|	orig=232 inHg|Local time: 0700|QC flag: none|Image File: YorkFactory_USSS-314_M1958_1881-09-01_OBS-2.jpg
1881	09	05	14	00	0	12.97	|	orig=383 inHg|Local time: 1400|QC flag: none|Image File: YorkFactory_USSS-314_M1958_1881-09-01_OBS-2.jpg
1881	09	05	21	00	0	11.55	|	orig=341 inHg|Local time: 2100|QC flag: none|Image File: YorkFactory_USSS-314_M1958_1881-09-01_OBS-2.jpg
1881	09	06	07	00	0	8.16	|	orig=241 inHg|Local time: 0700|QC flag: none|Image File: YorkFactory_USSS-314_M1958_1881-09-01_OBS-2.jpg
1881	09	06	14	00	0	14.43	|	orig=426 inHg|Local time: 1400|QC flag: none|Image File: YorkFactory_USSS-314_M1958_1881-09-01_OBS-2.jpg
1881	09	06	21	00	0	11.99	|	orig=354 inHg|Local time: 2100|QC flag: none|Image File: YorkFactory_USSS-314_M1958_1881-09-01_OBS-2.jpg
1881	09	07	07	00	0	7.55	|	orig=223 inHg|Local time: 0700|QC flag: none|Image File: YorkFactory_USSS-314_M1958_1881-09-01_OBS-2.jpg
1881	09	07	14	00	0	12.97	|	orig=383 inHg|Local time: 1400|QC flag: none|Image File: YorkFactory_USSS-314_M1958_1881-09-01_OBS-2.jpg
1881	09	07	21	00	0	11.55	|	orig=341 inHg|Local time: 2100|QC flag: none|Image File: YorkFactory_USSS-314_M1958_1881-09-01_OBS-2.jpg
1881	09	08	07	00	0	7.86	|	orig=232 inHg|Local time: 0700|QC flag: none|Image File: YorkFactory_USSS-314_M1958_1881-09-01_OBS-2.jpg
1881	09	08	14	00	0	12.46	|	orig=368 inHg|Local time: 1400|QC flag: none|Image File: YorkFactory_USSS-314_M1958_1881-09-01_OBS-2.jpg
1881	09	08	21	00	0	11.14	|	orig=329 inHg|Local time: 2100|QC flag: none|Image File: YorkFactory_USSS-314_M1958_1881-09-01_OBS-2.jpg
1881	09	09	07	00	0	7.55	|	orig=223 inHg|Local time: 0700|QC flag: none|Image File: YorkFactory_USSS-314_M1958_1881-09-01_OBS-2.jpg
1881	09	09	14	00	0	11.55	|	orig=341 inHg|Local time: 1400|QC flag: none|Image File: YorkFactory_USSS-314_M1958_1881-09-01_OBS-2.jpg
1881	09	09	21	00	0	10.29	|	orig=304 inHg|Local time: 2100|QC flag: none|Image File: YorkFactory_USSS-314_M1958_1881-09-01_OBS-2.jpg
1881	09	10	07	00	0	7.31	|	orig=216 inHg|Local time: 0700|QC flag: none|Image File: YorkFactory_USSS-314_M1958_1881-09-01_OBS-2.jpg
1881	09	10	14	00	0	12.43	|	orig=367 inHg|Local time: 1400|QC flag: none|Image File: YorkFactory_USSS-314_M1958_1881-09-01_OBS-2.jpg
1881	09	10	21	00	0	10.70	|	orig=316 inHg|Local time: 2100|QC flag: none|Image File: YorkFactory_USSS-314_M1958_1881-09-01_OBS-2.jpg
1881	09	11	07	00	0	7.55	|	orig=223 inHg|Local time: 0700|QC flag: none|Image File: YorkFactory_USSS-314_M1958_1881-09-01_OBS-2.jpg
1881	09	11	14	00	0	9.18	|	orig=271 inHg|Local time: 1400|QC flag: none|Image File: YorkFactory_USSS-314_M1958_1881-09-01_OBS-2.jpg
1881	09	11	21	00	0	8.50	|	orig=251 inHg|Local time: 2100|QC flag: none|Image File: YorkFactory_USSS-314_M1958_1881-09-01_OBS-2.jpg
1881	09	12	07	00	0	7.25	|	orig=214 inHg|Local time: 0700|QC flag: none|Image File: YorkFactory_USSS-314_M1958_1881-09-01_OBS-2.jpg
1881	09	12	14	00	0	9.55	|	orig=282 inHg|Local time: 1400|QC flag: none|Image File: YorkFactory_USSS-314_M1958_1881-09-01_OBS-2.jpg
1881	09	12	21	00	0	8.16	|	orig=241 inHg|Local time: 2100|QC flag: none|Image File: YorkFactory_USSS-314_M1958_1881-09-01_OBS-2.jpg
1881	09	13	07	00	0	6.94	|	orig=205 inHg|Local time: 0700|QC flag: none|Image File: YorkFactory_USSS-314_M1958_1881-09-01_OBS-2.jpg
1881	09	13	14	00	0	8.80	|	orig=260 inHg|Local time: 1400|QC flag: none|Image File: YorkFactory_USSS-314_M1958_1881-09-01_OBS-2.jpg
1881	09	13	21	00	0	8.16	|	orig=241 inHg|Local time: 2100|QC flag: none|Image File: YorkFactory_USSS-314_M1958_1881-09-01_OBS-2.jpg
1881	09	14	07	00	0	6.67	|	orig=197 inHg|Local time: 0700|QC flag: low value|Image File: YorkFactory_USSS-314_M1958_1881-09-01_OBS-2.jpg
1881	09	14	14	00	0	8.50	|	orig=251 inHg|Local time: 1400|QC flag: none|Image File: YorkFactory_USSS-314_M1958_1881-09-01_OBS-2.jpg
1881	09	14	21	00	0	7.55	|	orig=223 inHg|Local time: 2100|QC flag: none|Image File: YorkFactory_USSS-314_M1958_1881-09-01_OBS-2.jpg
1881	09	15	07	00	0	6.40	|	orig=189 inHg|Local time: 0700|QC flag: low value|Image File: YorkFactory_USSS-314_M1958_1881-09-01_OBS-2.jpg
1881	09	15	14	00	0	8.16	|	orig=241 inHg|Local time: 1400|QC flag: none|Image File: YorkFactory_USSS-314_M1958_1881-09-01_OBS-2.jpg
1881	09	15	21	00	0	7.55	|	orig=223 inHg|Local time: 2100|QC flag: none|Image File: YorkFactory_USSS-314_M1958_1881-09-01_OBS-2.jpg
1881	09	16	07	00	0	6.67	|	orig=197 inHg|Local time: 0700|QC flag: low value|Image File: YorkFactory_USSS-314_M1958_1881-09-01_OBS-2.jpg
1881	09	16	14	00	0	8.80	|	orig=260 inHg|Local time: 1400|QC flag: none|Image File: YorkFactory_USSS-314_M1958_1881-09-01_OBS-2.jpg
1881	09	16	21	00	0	7.86	|	orig=232 inHg|Local time: 2100|QC flag: none|Image File: YorkFactory_USSS-314_M1958_1881-09-01_OBS-2.jpg
1881	09	17	07	00	0	6.40	|	orig=189 inHg|Local time: 0700|QC flag: low value|Image File: YorkFactory_USSS-314_M1958_1881-09-01_OBS-2.jpg
1881	09	17	14	00	0	8.50	|	orig=251 inHg|Local time: 1400|QC flag: none|Image File: YorkFactory_USSS-314_M1958_1881-09-01_OBS-2.jpg
1881	09	17	21	00	0	7.86	|	orig=232 inHg|Local time: 2100|QC flag: none|Image File: YorkFactory_USSS-314_M1958_1881-09-01_OBS-2.jpg
1881	09	18	07	00	0	6.67	|	orig=197 inHg|Local time: 0700|QC flag: low value|Image File: YorkFactory_USSS-314_M1958_1881-09-01_OBS-2.jpg
1881	09	18	14	00	0	8.50	|	orig=251 inHg|Local time: 1400|QC flag: none|Image File: YorkFactory_USSS-314_M1958_1881-09-01_OBS-2.jpg
1881	09	18	21	00	0	7.86	|	orig=232 inHg|Local time: 2100|QC flag: none|Image File: YorkFactory_USSS-314_M1958_1881-09-01_OBS-2.jpg
1881	09	19	07	00	0	6.94	|	orig=205 inHg|Local time: 0700|QC flag: none|Image File: YorkFactory_USSS-314_M1958_1881-09-01_OBS-2.jpg
1881	09	19	14	00	0	8.50	|	orig=251 inHg|Local time: 1400|QC flag: none|Image File: YorkFactory_USSS-314_M1958_1881-09-01_OBS-2.jpg
1881	09	19	21	00	0	8.16	|	orig=241 inHg|Local time: 2100|QC flag: none|Image File: YorkFactory_USSS-314_M1958_1881-09-01_OBS-2.jpg
1881	09	20	07	00	0	7.25	|	orig=214 inHg|Local time: 0700|QC flag: none|Image File: YorkFactory_USSS-314_M1958_1881-09-01_OBS-2.jpg
1881	09	20	14	00	0	9.18	|	orig=271 inHg|Local time: 1400|QC flag: none|Image File: YorkFactory_USSS-314_M1958_1881-09-01_OBS-2.jpg
1881	09	20	21	00	0	8.87	|	orig=262 inHg|Local time: 2100|QC flag: none|Image File: YorkFactory_USSS-314_M1958_1881-09-01_OBS-2.jpg
1881	09	21	07	00	0	7.59	|	orig=224 inHg|Local time: 0700|QC flag: none|Image File: YorkFactory_USSS-314_M1958_1881-09-01_OBS-2.jpg
1881	09	21	14	00	0	8.80	|	orig=260 inHg|Local time: 1400|QC flag: none|Image File: YorkFactory_USSS-314_M1958_1881-09-01_OBS-2.jpg
1881	09	21	21	00	0	8.16	|	orig=241 inHg|Local time: 2100|QC flag: none|Image File: YorkFactory_USSS-314_M1958_1881-09-01_OBS-2.jpg
1881	09	22	07	00	0	6.94	|	orig=205 inHg|Local time: 0700|QC flag: none|Image File: YorkFactory_USSS-314_M1958_1881-09-01_OBS-2.jpg
1881	09	22	14	00	0	8.50	|	orig=251 inHg|Local time: 1400|QC flag: none|Image File: YorkFactory_USSS-314_M1958_1881-09-01_OBS-2.jpg
1881	09	22	21	00	0	8.16	|	orig=241 inHg|Local time: 2100|QC flag: none|Image File: YorkFactory_USSS-314_M1958_1881-09-01_OBS-2.jpg
1881	09	23	07	00	0	6.67	|	orig=197 inHg|Local time: 0700|QC flag: low value|Image File: YorkFactory_USSS-314_M1958_1881-09-01_OBS-2.jpg
1881	09	23	14	00	0	8.16	|	orig=241 inHg|Local time: 1400|QC flag: none|Image File: YorkFactory_USSS-314_M1958_1881-09-01_OBS-2.jpg
1881	09	23	21	00	0	7.55	|	orig=223 inHg|Local time: 2100|QC flag: none|Image File: YorkFactory_USSS-314_M1958_1881-09-01_OBS-2.jpg
1881	09	24	07	00	0	6.94	|	orig=205 inHg|Local time: 0700|QC flag: none|Image File: YorkFactory_USSS-314_M1958_1881-09-01_OBS-2.jpg
1881	09	24	14	00	0	8.16	|	orig=241 inHg|Local time: 1400|QC flag: none|Image File: YorkFactory_USSS-314_M1958_1881-09-01_OBS-2.jpg
1881	09	24	21	00	0	7.25	|	orig=214 inHg|Local time: 2100|QC flag: none|Image File: YorkFactory_USSS-314_M1958_1881-09-01_OBS-2.jpg
1881	09	25	07	00	0	6.94	|	orig=205 inHg|Local time: 0700|QC flag: none|Image File: YorkFactory_USSS-314_M1958_1881-09-01_OBS-2.jpg
1881	09	25	14	00	0	6.67	|	orig=197 inHg|Local time: 1400|QC flag: low value|Image File: YorkFactory_USSS-314_M1958_1881-09-01_OBS-2.jpg
1881	09	25	21	00	0	6.40	|	orig=189 inHg|Local time: 2100|QC flag: low value|Image File: YorkFactory_USSS-314_M1958_1881-09-01_OBS-2.jpg
1881	09	26	07	00	0	5.69	|	orig=168 inHg|Local time: 0700|QC flag: low value|Image File: YorkFactory_USSS-314_M1958_1881-09-01_OBS-2.jpg
1881	09	26	14	00	0	6.16	|	orig=182 inHg|Local time: 1400|QC flag: low value|Image File: YorkFactory_USSS-314_M1958_1881-09-01_OBS-2.jpg
1881	09	26	21	00	0	6.23	|	orig=184 inHg|Local time: 2100|QC flag: low value|Image File: YorkFactory_USSS-314_M1958_1881-09-01_OBS-2.jpg
1881	09	27	07	00	0	5.69	|	orig=168 inHg|Local time: 0700|QC flag: low value|Image File: YorkFactory_USSS-314_M1958_1881-09-01_OBS-2.jpg
1881	09	27	14	00	0	5.93	|	orig=175 inHg|Local time: 1400|QC flag: low value|Image File: YorkFactory_USSS-314_M1958_1881-09-01_OBS-2.jpg
1881	09	27	21	00	0	5.01	|	orig=148 inHg|Local time: 2100|QC flag: low value|Image File: YorkFactory_USSS-314_M1958_1881-09-01_OBS-2.jpg
1881	09	28	07	00	0	5.93	|	orig=175 inHg|Local time: 0700|QC flag: low value|Image File: YorkFactory_USSS-314_M1958_1881-09-01_OBS-2.jpg
1881	09	28	14	00	0	7.55	|	orig=223 inHg|Local time: 1400|QC flag: none|Image File: YorkFactory_USSS-314_M1958_1881-09-01_OBS-2.jpg
1881	09	28	21	00	0	6.67	|	orig=197 inHg|Local time: 2100|QC flag: low value|Image File: YorkFactory_USSS-314_M1958_1881-09-01_OBS-2.jpg
1881	09	29	07	00	0	5.69	|	orig=168 inHg|Local time: 0700|QC flag: low value|Image File: YorkFactory_USSS-314_M1958_1881-09-01_OBS-2.jpg
1881	09	29	14	00	0	7.25	|	orig=214 inHg|Local time: 1400|QC flag: none|Image File: YorkFactory_USSS-314_M1958_1881-09-01_OBS-2.jpg
1881	09	29	21	00	0	6.40	|	orig=189 inHg|Local time: 2100|QC flag: low value|Image File: YorkFactory_USSS-314_M1958_1881-09-01_OBS-2.jpg
1881	09	30	07	00	0	5.45	|	orig=161 inHg|Local time: 0700|QC flag: low value|Image File: YorkFactory_USSS-314_M1958_1881-09-01_OBS-2.jpg
1881	09	30	14	00	0	6.16	|	orig=182 inHg|Local time: 1400|QC flag: low value|Image File: YorkFactory_USSS-314_M1958_1881-09-01_OBS-2.jpg
1881	09	30	21	00	0	5.93	|	orig=175 inHg|Local time: 2100|QC flag: low value|Image File: YorkFactory_USSS-314_M1958_1881-09-01_OBS-2.jpg
1881	10	01	07	00	0	5.01	|	orig=.148 inHg|Local time: 0700|QC flag: low value|Image File: YorkFactory_USSS-314_M1958_1881-10-01_OBS-2.jpg
1881	10	01	14	00	0	5.69	|	orig=.168 inHg|Local time: 1400|QC flag: low value|Image File: YorkFactory_USSS-314_M1958_1881-10-01_OBS-2.jpg
1881	10	01	21	00	0	5.22	|	orig=.154 inHg|Local time: 2100|QC flag: low value|Image File: YorkFactory_USSS-314_M1958_1881-10-01_OBS-2.jpg
1881	10	02	07	00	0	3.62	|	orig=.107 inHg|Local time: 0700|QC flag: low value|Image File: YorkFactory_USSS-314_M1958_1881-10-01_OBS-2.jpg
1881	10	02	14	00	0	7.86	|	orig=232 inHg|Local time: 1400|QC flag: none|Image File: YorkFactory_USSS-314_M1958_1881-10-01_OBS-2.jpg
1881	10	02	21	00	0	5.45	|	orig=.161 inHg|Local time: 2100|QC flag: low value|Image File: YorkFactory_USSS-314_M1958_1881-10-01_OBS-2.jpg
1881	10	03	07	00	0	2.44	|	orig=.072 inHg|Local time: 0700|QC flag: low value|Image File: YorkFactory_USSS-314_M1958_1881-10-01_OBS-2.jpg
1881	10	03	14	00	0	4.37	|	orig=.129 inHg|Local time: 1400|QC flag: low value|Image File: YorkFactory_USSS-314_M1958_1881-10-01_OBS-2.jpg
1881	10	03	21	00	0	3.79	|	orig=.112 inHg|Local time: 2100|QC flag: low value|Image File: YorkFactory_USSS-314_M1958_1881-10-01_OBS-2.jpg
1881	10	04	07	00	0	2.98	|	orig=.088 inHg|Local time: 0700|QC flag: low value|Image File: YorkFactory_USSS-314_M1958_1881-10-01_OBS-2.jpg
1881	10	04	14	00	0	5.01	|	orig=.148 inHg|Local time: 1400|QC flag: low value|Image File: YorkFactory_USSS-314_M1958_1881-10-01_OBS-2.jpg
1881	10	04	21	00	0	4.57	|	orig=.135 inHg|Local time: 2100|QC flag: low value|Image File: YorkFactory_USSS-314_M1958_1881-10-01_OBS-2.jpg
1881	10	05	07	00	0	3.45	|	orig=.102 inHg|Local time: 0700|QC flag: low value|Image File: YorkFactory_USSS-314_M1958_1881-10-01_OBS-2.jpg
1881	10	05	14	00	0	5.93	|	orig=.175 inHg|Local time: 1400|QC flag: low value|Image File: YorkFactory_USSS-314_M1958_1881-10-01_OBS-2.jpg
1881	10	05	21	00	0	5.69	|	orig=.168 inHg|Local time: 2100|QC flag: low value|Image File: YorkFactory_USSS-314_M1958_1881-10-01_OBS-2.jpg
1881	10	06	07	00	0	4.57	|	orig=.135 inHg|Local time: 0700|QC flag: low value|Image File: YorkFactory_USSS-314_M1958_1881-10-01_OBS-2.jpg
1881	10	06	14	00	0	6.40	|	orig=.189 inHg|Local time: 1400|QC flag: low value|Image File: YorkFactory_USSS-314_M1958_1881-10-01_OBS-2.jpg
1881	10	06	21	00	0	6.16	|	orig=.182 inHg|Local time: 2100|QC flag: low value|Image File: YorkFactory_USSS-314_M1958_1881-10-01_OBS-2.jpg
1881	10	07	07	00	0	6.50	|	orig=.192 inHg|Local time: 0700|QC flag: low value|Image File: YorkFactory_USSS-314_M1958_1881-10-01_OBS-2.jpg
1881	10	07	14	00	0	6.23	|	orig=.184 inHg|Local time: 1400|QC flag: low value|Image File: YorkFactory_USSS-314_M1958_1881-10-01_OBS-2.jpg
1881	10	07	21	00	0	6.03	|	orig=.178 inHg|Local time: 2100|QC flag: low value|Image File: YorkFactory_USSS-314_M1958_1881-10-01_OBS-2.jpg
1881	10	08	07	00	0	5.69	|	orig=.168 inHg|Local time: 0700|QC flag: low value|Image File: YorkFactory_USSS-314_M1958_1881-10-01_OBS-2.jpg
1881	10	08	14	00	0	5.93	|	orig=.175 inHg|Local time: 1400|QC flag: low value|Image File: YorkFactory_USSS-314_M1958_1881-10-01_OBS-2.jpg
1881	10	08	21	00	0	5.45	|	orig=.161 inHg|Local time: 2100|QC flag: low value|Image File: YorkFactory_USSS-314_M1958_1881-10-01_OBS-2.jpg
1881	10	09	07	00	0	3.62	|	orig=.107 inHg|Local time: 0700|QC flag: low value|Image File: YorkFactory_USSS-314_M1958_1881-10-01_OBS-2.jpg
1881	10	09	14	00	0	5.22	|	orig=.154 inHg|Local time: 1400|QC flag: low value|Image File: YorkFactory_USSS-314_M1958_1881-10-01_OBS-2.jpg
1881	10	09	21	00	0	4.57	|	orig=.135 inHg|Local time: 2100|QC flag: low value|Image File: YorkFactory_USSS-314_M1958_1881-10-01_OBS-2.jpg
1881	10	10	07	00	0	3.15	|	orig=.093 inHg|Local time: 0700|QC flag: low value|Image File: YorkFactory_USSS-314_M1958_1881-10-01_OBS-2.jpg
1881	10	10	14	00	0	4.57	|	orig=.135 inHg|Local time: 1400|QC flag: low value|Image File: YorkFactory_USSS-314_M1958_1881-10-01_OBS-2.jpg
1881	10	10	21	00	0	4.17	|	orig=.123 inHg|Local time: 2100|QC flag: low value|Image File: YorkFactory_USSS-314_M1958_1881-10-01_OBS-2.jpg
1881	10	11	07	00	0	3.28	|	orig=.097 inHg|Local time: 0700|QC flag: low value|Image File: YorkFactory_USSS-314_M1958_1881-10-01_OBS-2.jpg
1881	10	11	14	00	0	4.77	|	orig=.141 inHg|Local time: 1400|QC flag: low value|Image File: YorkFactory_USSS-314_M1958_1881-10-01_OBS-2.jpg
1881	10	11	21	00	0	4.37	|	orig=.129 inHg|Local time: 2100|QC flag: low value|Image File: YorkFactory_USSS-314_M1958_1881-10-01_OBS-2.jpg
1881	10	12	07	00	0	3.45	|	orig=.102 inHg|Local time: 0700|QC flag: low value|Image File: YorkFactory_USSS-314_M1958_1881-10-01_OBS-2.jpg
1881	10	12	14	00	0	5.01	|	orig=.148 inHg|Local time: 1400|QC flag: low value|Image File: YorkFactory_USSS-314_M1958_1881-10-01_OBS-2.jpg
1881	10	12	21	00	0	4.17	|	orig=.123 inHg|Local time: 2100|QC flag: low value|Image File: YorkFactory_USSS-314_M1958_1881-10-01_OBS-2.jpg
1881	10	13	07	00	0	3.62	|	orig=.107 inHg|Local time: 0700|QC flag: low value|Image File: YorkFactory_USSS-314_M1958_1881-10-01_OBS-2.jpg
1881	10	13	14	00	0	5.01	|	orig=.148 inHg|Local time: 1400|QC flag: low value|Image File: YorkFactory_USSS-314_M1958_1881-10-01_OBS-2.jpg
1881	10	13	21	00	0	4.37	|	orig=.129 inHg|Local time: 2100|QC flag: low value|Image File: YorkFactory_USSS-314_M1958_1881-10-01_OBS-2.jpg
1881	10	14	07	00	0	4.17	|	orig=.123 inHg|Local time: 0700|QC flag: low value|Image File: YorkFactory_USSS-314_M1958_1881-10-01_OBS-2.jpg
1881	10	14	14	00	0	5.69	|	orig=.168 inHg|Local time: 1400|QC flag: low value|Image File: YorkFactory_USSS-314_M1958_1881-10-01_OBS-2.jpg
1881	10	14	21	00	0	5.01	|	orig=.148 inHg|Local time: 2100|QC flag: low value|Image File: YorkFactory_USSS-314_M1958_1881-10-01_OBS-2.jpg
1881	10	15	07	00	0	4.00	|	orig=.118 inHg|Local time: 0700|QC flag: low value|Image File: YorkFactory_USSS-314_M1958_1881-10-01_OBS-2.jpg
1881	10	15	14	00	0	3.79	|	orig=.112 inHg|Local time: 1400|QC flag: low value|Image File: YorkFactory_USSS-314_M1958_1881-10-01_OBS-2.jpg
1881	10	15	21	00	0	2.84	|	orig=.084 inHg|Local time: 2100|QC flag: low value|Image File: YorkFactory_USSS-314_M1958_1881-10-01_OBS-2.jpg
1881	10	16	07	00	0	1.56	|	orig=.046 inHg|Local time: 0700|QC flag: low value|Image File: YorkFactory_USSS-314_M1958_1881-10-01_OBS-2.jpg
1881	10	16	14	00	0	2.84	|	orig=.084 inHg|Local time: 1400|QC flag: low value|Image File: YorkFactory_USSS-314_M1958_1881-10-01_OBS-2.jpg
1881	10	16	21	00	0	2.34	|	orig=.069 inHg|Local time: 2100|QC flag: low value|Image File: YorkFactory_USSS-314_M1958_1881-10-01_OBS-2.jpg
1881	10	17	07	00	0	1.42	|	orig=.042 inHg|Local time: 0700|QC flag: low value|Image File: YorkFactory_USSS-314_M1958_1881-10-01_OBS-2.jpg
1881	10	17	14	00	0	2.57	|	orig=.076 inHg|Local time: 1400|QC flag: low value|Image File: YorkFactory_USSS-314_M1958_1881-10-01_OBS-2.jpg
1881	10	17	21	00	0	2.34	|	orig=.069 inHg|Local time: 2100|QC flag: low value|Image File: YorkFactory_USSS-314_M1958_1881-10-01_OBS-2.jpg
1881	10	18	07	00	0	2.34	|	orig=.069 inHg|Local time: 0700|QC flag: low value|Image File: YorkFactory_USSS-314_M1958_1881-10-01_OBS-2.jpg
1881	10	18	14	00	0	2.84	|	orig=.084 inHg|Local time: 1400|QC flag: low value|Image File: YorkFactory_USSS-314_M1958_1881-10-01_OBS-2.jpg
1881	10	18	21	00	0	2.57	|	orig=.076 inHg|Local time: 2100|QC flag: low value|Image File: YorkFactory_USSS-314_M1958_1881-10-01_OBS-2.jpg
1881	10	19	07	00	0	2.57	|	orig=.076 inHg|Local time: 0700|QC flag: low value|Image File: YorkFactory_USSS-314_M1958_1881-10-01_OBS-2.jpg
1881	10	19	14	00	0	3.79	|	orig=.112 inHg|Local time: 1400|QC flag: low value|Image File: YorkFactory_USSS-314_M1958_1881-10-01_OBS-2.jpg
1881	10	19	21	00	0	3.79	|	orig=.112 inHg|Local time: 2100|QC flag: low value|Image File: YorkFactory_USSS-314_M1958_1881-10-01_OBS-2.jpg
1881	10	20	07	00	0	3.79	|	orig=.112 inHg|Local time: 0700|QC flag: low value|Image File: YorkFactory_USSS-314_M1958_1881-10-01_OBS-2.jpg
1881	10	20	14	00	0	4.17	|	orig=.123 inHg|Local time: 1400|QC flag: low value|Image File: YorkFactory_USSS-314_M1958_1881-10-01_OBS-2.jpg
1881	10	20	21	00	0	3.15	|	orig=.093 inHg|Local time: 2100|QC flag: low value|Image File: YorkFactory_USSS-314_M1958_1881-10-01_OBS-2.jpg
1881	10	21	07	00	0	1.32	|	orig=.039 inHg|Local time: 0700|QC flag: low value|Image File: YorkFactory_USSS-314_M1958_1881-10-01_OBS-2.jpg
1881	10	21	14	00	0	2.57	|	orig=.076 inHg|Local time: 1400|QC flag: low value|Image File: YorkFactory_USSS-314_M1958_1881-10-01_OBS-2.jpg
1881	10	21	21	00	0	2.34	|	orig=.069 inHg|Local time: 2100|QC flag: low value|Image File: YorkFactory_USSS-314_M1958_1881-10-01_OBS-2.jpg
1881	10	22	07	00	0	2.10	|	orig=.062 inHg|Local time: 0700|QC flag: low value|Image File: YorkFactory_USSS-314_M1958_1881-10-01_OBS-2.jpg
1881	10	22	14	00	0	2.98	|	orig=.088 inHg|Local time: 1400|QC flag: low value|Image File: YorkFactory_USSS-314_M1958_1881-10-01_OBS-2.jpg
1881	10	22	21	00	0	2.24	|	orig=.066 inHg|Local time: 2100|QC flag: low value|Image File: YorkFactory_USSS-314_M1958_1881-10-01_OBS-2.jpg
1881	10	23	07	00	0	1.93	|	orig=.057 inHg|Local time: 0700|QC flag: low value|Image File: YorkFactory_USSS-314_M1958_1881-10-01_OBS-2.jpg
1881	10	23	14	00	0	2.57	|	orig=.076 inHg|Local time: 1400|QC flag: low value|Image File: YorkFactory_USSS-314_M1958_1881-10-01_OBS-2.jpg
1881	10	23	21	00	0	2.44	|	orig=.072 inHg|Local time: 2100|QC flag: low value|Image File: YorkFactory_USSS-314_M1958_1881-10-01_OBS-2.jpg
1881	10	24	07	00	0	2.84	|	orig=.084 inHg|Local time: 0700|QC flag: low value|Image File: YorkFactory_USSS-314_M1958_1881-10-01_OBS-2.jpg
1881	10	24	14	00	0	4.17	|	orig=.123 inHg|Local time: 1400|QC flag: low value|Image File: YorkFactory_USSS-314_M1958_1881-10-01_OBS-2.jpg
1881	10	24	21	00	0	3.45	|	orig=.102 inHg|Local time: 2100|QC flag: low value|Image File: YorkFactory_USSS-314_M1958_1881-10-01_OBS-2.jpg
1881	10	25	07	00	0	2.34	|	orig=.069 inHg|Local time: 0700|QC flag: low value|Image File: YorkFactory_USSS-314_M1958_1881-10-01_OBS-2.jpg
1881	10	25	14	00	0	3.79	|	orig=.112 inHg|Local time: 1400|QC flag: low value|Image File: YorkFactory_USSS-314_M1958_1881-10-01_OBS-2.jpg
1881	10	25	21	00	0	1.73	|	orig=.051 inHg|Local time: 2100|QC flag: low value|Image File: YorkFactory_USSS-314_M1958_1881-10-01_OBS-2.jpg
1881	10	26	07	00	0	2.57	|	orig=.076 inHg|Local time: 0700|QC flag: low value|Image File: YorkFactory_USSS-314_M1958_1881-10-01_OBS-2.jpg
1881	10	26	14	00	0	3.62	|	orig=.107 inHg|Local time: 1400|QC flag: low value|Image File: YorkFactory_USSS-314_M1958_1881-10-01_OBS-2.jpg
1881	10	26	21	00	0	2.71	|	orig=.080 inHg|Local time: 2100|QC flag: low value|Image File: YorkFactory_USSS-314_M1958_1881-10-01_OBS-2.jpg
1881	10	27	07	00	0	2.84	|	orig=.084 inHg|Local time: 0700|QC flag: low value|Image File: YorkFactory_USSS-314_M1958_1881-10-01_OBS-2.jpg
1881	10	27	14	00	0	5.01	|	orig=.148 inHg|Local time: 1400|QC flag: low value|Image File: YorkFactory_USSS-314_M1958_1881-10-01_OBS-2.jpg
1881	10	27	21	00	0	4.77	|	orig=.141 inHg|Local time: 2100|QC flag: low value|Image File: YorkFactory_USSS-314_M1958_1881-10-01_OBS-2.jpg
1881	10	28	07	00	0	4.77	|	orig=.141 inHg|Local time: 0700|QC flag: low value|Image File: YorkFactory_USSS-314_M1958_1881-10-01_OBS-2.jpg
1881	10	28	14	00	0	5.69	|	orig=.168 inHg|Local time: 1400|QC flag: low value|Image File: YorkFactory_USSS-314_M1958_1881-10-01_OBS-2.jpg
1881	10	28	21	00	0	5.69	|	orig=.168 inHg|Local time: 2100|QC flag: low value|Image File: YorkFactory_USSS-314_M1958_1881-10-01_OBS-2.jpg
1881	10	29	07	00	0	5.55	|	orig=.164 inHg|Local time: 0700|QC flag: low value|Image File: YorkFactory_USSS-314_M1958_1881-10-01_OBS-2.jpg
1881	10	29	14	00	0	4.88	|	orig=.144 inHg|Local time: 1400|QC flag: low value|Image File: YorkFactory_USSS-314_M1958_1881-10-01_OBS-2.jpg
1881	10	29	21	00	0	4.88	|	orig=.144 inHg|Local time: 2100|QC flag: low value|Image File: YorkFactory_USSS-314_M1958_1881-10-01_OBS-2.jpg
1881	10	30	07	00	0	5.18	|	orig=.153 inHg|Local time: 0700|QC flag: low value|Image File: YorkFactory_USSS-314_M1958_1881-10-01_OBS-2.jpg
1881	10	30	14	00	0	5.89	|	orig=.174 inHg|Local time: 1400|QC flag: low value|Image File: YorkFactory_USSS-314_M1958_1881-10-01_OBS-2.jpg
1881	10	30	21	00	0	4.98	|	orig=.147 inHg|Local time: 2100|QC flag: low value|Image File: YorkFactory_USSS-314_M1958_1881-10-01_OBS-2.jpg
1881	10	31	07	00	0	5.08	|	orig=.150 inHg|Local time: 0700|QC flag: low value|Image File: YorkFactory_USSS-314_M1958_1881-10-01_OBS-2.jpg
1881	10	31	14	00	0	5.99	|	orig=.177 inHg|Local time: 1400|QC flag: low value|Image File: YorkFactory_USSS-314_M1958_1881-10-01_OBS-2.jpg
1881	10	31	21	00	0	5.42	|	orig=.160 inHg|Local time: 2100|QC flag: low value|Image File: YorkFactory_USSS-314_M1958_1881-10-01_OBS-2.jpg
1881	11	01	07	00	0	5.18	|	orig=.153 inHg|Local time: 0700|QC flag: low value|Image File: YorkFactory_USSS-314_M1958_1881-11-01_OBS-2.jpg
1881	11	01	14	00	0	5.76	|	orig=.170 inHg|Local time: 1400|QC flag: low value|Image File: YorkFactory_USSS-314_M1958_1881-11-01_OBS-2.jpg
1881	11	01	21	00	0	3.39	|	orig=.100 inHg|Local time: 2100|QC flag: low value|Image File: YorkFactory_USSS-314_M1958_1881-11-01_OBS-2.jpg
1881	11	02	07	00	0	2.57	|	orig=.076 inHg|Local time: 0700|QC flag: low value|Image File: YorkFactory_USSS-314_M1958_1881-11-01_OBS-2.jpg
1881	11	02	14	00	0	2.84	|	orig=.084 inHg|Local time: 1400|QC flag: low value|Image File: YorkFactory_USSS-314_M1958_1881-11-01_OBS-2.jpg
1881	11	02	21	00	0	2.10	|	orig=.062 inHg|Local time: 2100|QC flag: low value|Image File: YorkFactory_USSS-314_M1958_1881-11-01_OBS-2.jpg
1881	11	03	07	00	0	1.42	|	orig=.042 inHg|Local time: 0700|QC flag: low value|Image File: YorkFactory_USSS-314_M1958_1881-11-01_OBS-2.jpg
1881	11	03	14	00	0	25.74	|	orig=.76 inHg|Local time: 1400|QC flag: none|Image File: YorkFactory_USSS-314_M1958_1881-11-01_OBS-2.jpg
1881	11	03	21	00	0	2.34	|	orig=.069 inHg|Local time: 2100|QC flag: low value|Image File: YorkFactory_USSS-314_M1958_1881-11-01_OBS-2.jpg
1881	11	04	07	00	0	2.54	|	orig=.075 inHg|Local time: 0700|QC flag: low value|Image File: YorkFactory_USSS-314_M1958_1881-11-01_OBS-2.jpg
1881	11	04	14	00	0	2.71	|	orig=.080 inHg|Local time: 1400|QC flag: low value|Image File: YorkFactory_USSS-314_M1958_1881-11-01_OBS-2.jpg
1881	11	04	21	00	0	2.34	|	orig=.069 inHg|Local time: 2100|QC flag: low value|Image File: YorkFactory_USSS-314_M1958_1881-11-01_OBS-2.jpg
1881	11	05	07	00	0	2.47	|	orig=.073 inHg|Local time: 0700|QC flag: low value|Image File: YorkFactory_USSS-314_M1958_1881-11-01_OBS-2.jpg
1881	11	05	14	00	0	2.44	|	orig=.072 inHg|Local time: 1400|QC flag: low value|Image File: YorkFactory_USSS-314_M1958_1881-11-01_OBS-2.jpg
1881	11	05	21	00	0	2.34	|	orig=.069 inHg|Local time: 2100|QC flag: low value|Image File: YorkFactory_USSS-314_M1958_1881-11-01_OBS-2.jpg
1881	11	06	07	00	0	4.57	|	orig=.135 inHg|Local time: 0700|QC flag: low value|Image File: YorkFactory_USSS-314_M1958_1881-11-01_OBS-2.jpg
1881	11	06	14	00	0	5.01	|	orig=148 inHg|Local time: 1400|QC flag: low value|Image File: YorkFactory_USSS-314_M1958_1881-11-01_OBS-2.jpg
1881	11	06	21	00	0	4.57	|	orig=.135 inHg|Local time: 2100|QC flag: low value|Image File: YorkFactory_USSS-314_M1958_1881-11-01_OBS-2.jpg
1881	11	07	07	00	0	5.28	|	orig=.156 inHg|Local time: 0700|QC flag: low value|Image File: YorkFactory_USSS-314_M1958_1881-11-01_OBS-2.jpg
1881	11	07	14	00	0	5.99	|	orig=.177 inHg|Local time: 1400|QC flag: low value|Image File: YorkFactory_USSS-314_M1958_1881-11-01_OBS-2.jpg
1881	11	07	21	00	0	5.89	|	orig=.174 inHg|Local time: 2100|QC flag: low value|Image File: YorkFactory_USSS-314_M1958_1881-11-01_OBS-2.jpg
1881	11	08	07	00	0	4.88	|	orig=.144 inHg|Local time: 0700|QC flag: low value|Image File: YorkFactory_USSS-314_M1958_1881-11-01_OBS-2.jpg
1881	11	08	14	00	0	4.06	|	orig=.120 inHg|Local time: 1400|QC flag: low value|Image File: YorkFactory_USSS-314_M1958_1881-11-01_OBS-2.jpg
1881	11	08	21	00	0	3.76	|	orig=.111 inHg|Local time: 2100|QC flag: low value|Image File: YorkFactory_USSS-314_M1958_1881-11-01_OBS-2.jpg
1881	11	09	07	00	0	2.54	|	orig=.075 inHg|Local time: 0700|QC flag: low value|Image File: YorkFactory_USSS-314_M1958_1881-11-01_OBS-2.jpg
1881	11	09	14	00	0	1.35	|	orig=.040 inHg|Local time: 1400|QC flag: low value|Image File: YorkFactory_USSS-314_M1958_1881-11-01_OBS-2.jpg
1881	11	09	21	00	0	1.02	|	orig=.030 inHg|Local time: 2100|QC flag: low value|Image File: YorkFactory_USSS-314_M1958_1881-11-01_OBS-2.jpg
1881	11	10	07	00	0	-999	|	orig=" inHg|Local time: 0700|QC flag: missing|Image File: YorkFactory_USSS-314_M1958_1881-11-01_OBS-2.jpg
1881	11	10	14	00	0	1.35	|	orig=.040 inHg|Local time: 1400|QC flag: low value|Image File: YorkFactory_USSS-314_M1958_1881-11-01_OBS-2.jpg
1881	11	10	21	00	0	2.10	|	orig=.062 inHg|Local time: 2100|QC flag: low value|Image File: YorkFactory_USSS-314_M1958_1881-11-01_OBS-2.jpg
1881	11	11	07	00	0	2.84	|	orig=.084 inHg|Local time: 0700|QC flag: low value|Image File: YorkFactory_USSS-314_M1958_1881-11-01_OBS-2.jpg
1881	11	11	14	00	0	6.16	|	orig=.182 inHg|Local time: 1400|QC flag: low value|Image File: YorkFactory_USSS-314_M1958_1881-11-01_OBS-2.jpg
1881	11	11	21	00	0	4.57	|	orig=.135 inHg|Local time: 2100|QC flag: low value|Image File: YorkFactory_USSS-314_M1958_1881-11-01_OBS-2.jpg
1881	11	12	07	00	0	4.17	|	orig=.123 inHg|Local time: 0700|QC flag: low value|Image File: YorkFactory_USSS-314_M1958_1881-11-01_OBS-2.jpg
1881	11	12	14	00	0	2.84	|	orig=.084 inHg|Local time: 1400|QC flag: low value|Image File: YorkFactory_USSS-314_M1958_1881-11-01_OBS-2.jpg
1881	11	12	21	00	0	1.83	|	orig=054 inHg|Local time: 2100|QC flag: low value|Image File: YorkFactory_USSS-314_M1958_1881-11-01_OBS-2.jpg
1881	11	13	07	00	0	0.51	|	orig=.015 inHg|Local time: 0700|QC flag: low value|Image File: YorkFactory_USSS-314_M1958_1881-11-01_OBS-2.jpg
1881	11	13	14	00	0	0.81	|	orig=.024 inHg|Local time: 1400|QC flag: low value|Image File: YorkFactory_USSS-314_M1958_1881-11-01_OBS-2.jpg
1881	11	13	21	00	0	0.71	|	orig=.021 inHg|Local time: 2100|QC flag: low value|Image File: YorkFactory_USSS-314_M1958_1881-11-01_OBS-2.jpg
1881	11	14	07	00	0	0.64	|	orig=.019 inHg|Local time: 0700|QC flag: low value|Image File: YorkFactory_USSS-314_M1958_1881-11-01_OBS-2.jpg
1881	11	14	14	00	0	1.29	|	orig=.038 inHg|Local time: 1400|QC flag: low value|Image File: YorkFactory_USSS-314_M1958_1881-11-01_OBS-2.jpg
1881	11	14	21	00	0	1.02	|	orig=.030 inHg|Local time: 2100|QC flag: low value|Image File: YorkFactory_USSS-314_M1958_1881-11-01_OBS-2.jpg
1881	11	15	07	00	0	0.61	|	orig=.018 inHg|Local time: 0700|QC flag: low value|Image File: YorkFactory_USSS-314_M1958_1881-11-01_OBS-2.jpg
1881	11	15	14	00	0	0.71	|	orig=.021 inHg|Local time: 1400|QC flag: low value|Image File: YorkFactory_USSS-314_M1958_1881-11-01_OBS-2.jpg
1881	11	15	21	00	0	0.51	|	orig=.015 inHg|Local time: 2100|QC flag: low value|Image File: YorkFactory_USSS-314_M1958_1881-11-01_OBS-2.jpg
1881	11	16	07	00	0	-999	|	orig=" inHg|Local time: 0700|QC flag: missing|Image File: YorkFactory_USSS-314_M1958_1881-11-01_OBS-2.jpg
1881	11	16	14	00	0	0.64	|	orig=.019 inHg|Local time: 1400|QC flag: low value|Image File: YorkFactory_USSS-314_M1958_1881-11-01_OBS-2.jpg
1881	11	16	21	00	0	-999	|	orig=" inHg|Local time: 2100|QC flag: missing|Image File: YorkFactory_USSS-314_M1958_1881-11-01_OBS-2.jpg
1881	11	17	07	00	0	0.71	|	orig=.021 inHg|Local time: 0700|QC flag: low value|Image File: YorkFactory_USSS-314_M1958_1881-11-01_OBS-2.jpg
1881	11	17	14	00	0	1.02	|	orig=.030 inHg|Local time: 1400|QC flag: low value|Image File: YorkFactory_USSS-314_M1958_1881-11-01_OBS-2.jpg
1881	11	17	21	00	0	0.51	|	orig=.015 inHg|Local time: 2100|QC flag: low value|Image File: YorkFactory_USSS-314_M1958_1881-11-01_OBS-2.jpg
1881	11	18	07	00	0	0.71	|	orig=.021 inHg|Local time: 0700|QC flag: low value|Image File: YorkFactory_USSS-314_M1958_1881-11-01_OBS-2.jpg
1881	11	18	14	00	0	0.51	|	orig=0.015 inHg|Local time: 1400|QC flag: low value|Image File: YorkFactory_USSS-314_M1958_1881-11-01_OBS-2.jpg
1881	11	18	21	00	0	-999	|	orig=" inHg|Local time: 2100|QC flag: missing|Image File: YorkFactory_USSS-314_M1958_1881-11-01_OBS-2.jpg
1881	11	19	07	00	0	-999	|	orig=" inHg|Local time: 0700|QC flag: missing|Image File: YorkFactory_USSS-314_M1958_1881-11-01_OBS-2.jpg
1881	11	19	14	00	0	0.64	|	orig=.019 inHg|Local time: 1400|QC flag: low value|Image File: YorkFactory_USSS-314_M1958_1881-11-01_OBS-2.jpg
1881	11	19	21	00	0	-999	|	orig=" inHg|Local time: 2100|QC flag: missing|Image File: YorkFactory_USSS-314_M1958_1881-11-01_OBS-2.jpg
1881	11	20	07	00	0	-999	|	orig=" inHg|Local time: 0700|QC flag: missing|Image File: YorkFactory_USSS-314_M1958_1881-11-01_OBS-2.jpg
1881	11	20	14	00	0	-999	|	orig=" inHg|Local time: 1400|QC flag: missing|Image File: YorkFactory_USSS-314_M1958_1881-11-01_OBS-2.jpg
1881	11	20	21	00	0	-999	|	orig=" inHg|Local time: 2100|QC flag: missing|Image File: YorkFactory_USSS-314_M1958_1881-11-01_OBS-2.jpg
1881	11	21	07	00	0	-999	|	orig=" inHg|Local time: 0700|QC flag: missing|Image File: YorkFactory_USSS-314_M1958_1881-11-01_OBS-2.jpg
1881	11	21	14	00	0	0.44	|	orig=.013 inHg|Local time: 1400|QC flag: low value|Image File: YorkFactory_USSS-314_M1958_1881-11-01_OBS-2.jpg
1881	11	21	21	00	0	0.41	|	orig=.012 inHg|Local time: 2100|QC flag: low value|Image File: YorkFactory_USSS-314_M1958_1881-11-01_OBS-2.jpg
1881	11	22	07	00	0	-999	|	orig=" inHg|Local time: 0700|QC flag: missing|Image File: YorkFactory_USSS-314_M1958_1881-11-01_OBS-2.jpg
1881	11	22	14	00	0	0.47	|	orig=.014 inHg|Local time: 1400|QC flag: low value|Image File: YorkFactory_USSS-314_M1958_1881-11-01_OBS-2.jpg
1881	11	22	21	00	0	0.41	|	orig=.012 inHg|Local time: 2100|QC flag: low value|Image File: YorkFactory_USSS-314_M1958_1881-11-01_OBS-2.jpg
1881	11	23	07	00	0	-999	|	orig=" inHg|Local time: 0700|QC flag: missing|Image File: YorkFactory_USSS-314_M1958_1881-11-01_OBS-2.jpg
1881	11	23	14	00	0	1.29	|	orig=.038 inHg|Local time: 1400|QC flag: low value|Image File: YorkFactory_USSS-314_M1958_1881-11-01_OBS-2.jpg
1881	11	23	21	00	0	1.15	|	orig=.034 inHg|Local time: 2100|QC flag: low value|Image File: YorkFactory_USSS-314_M1958_1881-11-01_OBS-2.jpg
1881	11	24	07	00	0	0.68	|	orig=.020 inHg|Local time: 0700|QC flag: low value|Image File: YorkFactory_USSS-314_M1958_1881-11-01_OBS-2.jpg
1881	11	24	14	00	0	1.29	|	orig=.038 inHg|Local time: 1400|QC flag: low value|Image File: YorkFactory_USSS-314_M1958_1881-11-01_OBS-2.jpg
1881	11	24	21	00	0	1.42	|	orig=.042 inHg|Local time: 2100|QC flag: low value|Image File: YorkFactory_USSS-314_M1958_1881-11-01_OBS-2.jpg
1881	11	25	07	00	0	1.12	|	orig=.033 inHg|Local time: 0700|QC flag: low value|Image File: YorkFactory_USSS-314_M1958_1881-11-01_OBS-2.jpg
1881	11	25	14	00	0	0.78	|	orig=.023 inHg|Local time: 1400|QC flag: low value|Image File: YorkFactory_USSS-314_M1958_1881-11-01_OBS-2.jpg
1881	11	25	21	00	0	-999	|	orig=" inHg|Local time: 2100|QC flag: missing|Image File: YorkFactory_USSS-314_M1958_1881-11-01_OBS-2.jpg
1881	11	26	07	00	0	-999	|	orig=" inHg|Local time: 0700|QC flag: missing|Image File: YorkFactory_USSS-314_M1958_1881-11-01_OBS-2.jpg
1881	11	26	14	00	0	0.58	|	orig=.017 inHg|Local time: 1400|QC flag: low value|Image File: YorkFactory_USSS-314_M1958_1881-11-01_OBS-2.jpg
1881	11	26	21	00	0	0.51	|	orig=.015 inHg|Local time: 2100|QC flag: low value|Image File: YorkFactory_USSS-314_M1958_1881-11-01_OBS-2.jpg
1881	11	27	07	00	0	-999	|	orig=" inHg|Local time: 0700|QC flag: missing|Image File: YorkFactory_USSS-314_M1958_1881-11-01_OBS-2.jpg
1881	11	27	14	00	0	-999	|	orig=" inHg|Local time: 1400|QC flag: missing|Image File: YorkFactory_USSS-314_M1958_1881-11-01_OBS-2.jpg
1881	11	27	21	00	0	-999	|	orig=" inHg|Local time: 2100|QC flag: missing|Image File: YorkFactory_USSS-314_M1958_1881-11-01_OBS-2.jpg
1881	11	28	07	00	0	-999	|	orig=" inHg|Local time: 0700|QC flag: missing|Image File: YorkFactory_USSS-314_M1958_1881-11-01_OBS-2.jpg
1881	11	28	14	00	0	0.51	|	orig=.015 inHg|Local time: 1400|QC flag: low value|Image File: YorkFactory_USSS-314_M1958_1881-11-01_OBS-2.jpg
1881	11	28	21	00	0	-999	|	orig=" inHg|Local time: 2100|QC flag: missing|Image File: YorkFactory_USSS-314_M1958_1881-11-01_OBS-2.jpg
1881	11	29	07	00	0	-999	|	orig=" inHg|Local time: 0700|QC flag: missing|Image File: YorkFactory_USSS-314_M1958_1881-11-01_OBS-2.jpg
1881	11	29	14	00	0	0.41	|	orig=.012 inHg|Local time: 1400|QC flag: low value|Image File: YorkFactory_USSS-314_M1958_1881-11-01_OBS-2.jpg
1881	11	29	21	00	0	-999	|	orig=" inHg|Local time: 2100|QC flag: missing|Image File: YorkFactory_USSS-314_M1958_1881-11-01_OBS-2.jpg
1881	11	30	07	00	0	0.81	|	orig=.024 inHg|Local time: 0700|QC flag: low value|Image File: YorkFactory_USSS-314_M1958_1881-11-01_OBS-2.jpg
1881	11	30	14	00	0	1.22	|	orig=.036 inHg|Local time: 1400|QC flag: low value|Image File: YorkFactory_USSS-314_M1958_1881-11-01_OBS-2.jpg
1881	11	30	21	00	0	1.22	|	orig=.036 inHg|Local time: 2100|QC flag: low value|Image File: YorkFactory_USSS-314_M1958_1881-11-01_OBS-2.jpg
1881	12	01	07	00	0	1.66	|	orig=.049 inHg|Local time: 0700|QC flag: low value|Image File: YorkFactory_USSS-314_M1958_1881-12-01_OBS-2.jpg
1881	12	01	14	00	0	1.56	|	orig=.046 inHg|Local time: 1400|QC flag: low value|Image File: YorkFactory_USSS-314_M1958_1881-12-01_OBS-2.jpg
1881	12	01	21	00	0	1.56	|	orig=.046 inHg|Local time: 2100|QC flag: low value|Image File: YorkFactory_USSS-314_M1958_1881-12-01_OBS-2.jpg
1881	12	02	07	00	0	1.56	|	orig=.046 inHg|Local time: 0700|QC flag: low value|Image File: YorkFactory_USSS-314_M1958_1881-12-01_OBS-2.jpg
1881	12	02	14	00	0	1.49	|	orig=.044 inHg|Local time: 1400|QC flag: low value|Image File: YorkFactory_USSS-314_M1958_1881-12-01_OBS-2.jpg
1881	12	02	21	00	0	1.42	|	orig=.042 inHg|Local time: 2100|QC flag: low value|Image File: YorkFactory_USSS-314_M1958_1881-12-01_OBS-2.jpg
1881	12	03	07	00	0	1.42	|	orig=.042 inHg|Local time: 0700|QC flag: low value|Image File: YorkFactory_USSS-314_M1958_1881-12-01_OBS-2.jpg
1881	12	03	14	00	0	2.34	|	orig=.069 inHg|Local time: 1400|QC flag: low value|Image File: YorkFactory_USSS-314_M1958_1881-12-01_OBS-2.jpg
1881	12	03	21	00	0	3.39	|	orig=100 inHg|Local time: 2100|QC flag: low value|Image File: YorkFactory_USSS-314_M1958_1881-12-01_OBS-2.jpg
1881	12	04	07	00	0	1.29	|	orig=.038 inHg|Local time: 0700|QC flag: low value|Image File: YorkFactory_USSS-314_M1958_1881-12-01_OBS-2.jpg
1881	12	04	14	00	0	0.81	|	orig=.024 inHg|Local time: 1400|QC flag: low value|Image File: YorkFactory_USSS-314_M1958_1881-12-01_OBS-2.jpg
1881	12	04	21	00	0	0.47	|	orig=.014 inHg|Local time: 2100|QC flag: low value|Image File: YorkFactory_USSS-314_M1958_1881-12-01_OBS-2.jpg
1881	12	05	07	00	0	0.58	|	orig=.017 inHg|Local time: 0700|QC flag: low value|Image File: YorkFactory_USSS-314_M1958_1881-12-01_OBS-2.jpg
1881	12	05	14	00	0	2.13	|	orig=.063 inHg|Local time: 1400|QC flag: low value|Image File: YorkFactory_USSS-314_M1958_1881-12-01_OBS-2.jpg
1881	12	05	21	00	0	2.17	|	orig=.064 inHg|Local time: 2100|QC flag: low value|Image File: YorkFactory_USSS-314_M1958_1881-12-01_OBS-2.jpg
1881	12	06	07	00	0	1.05	|	orig=.031 inHg|Local time: 0700|QC flag: low value|Image File: YorkFactory_USSS-314_M1958_1881-12-01_OBS-2.jpg
1881	12	06	14	00	0	1.02	|	orig=.030 inHg|Local time: 1400|QC flag: low value|Image File: YorkFactory_USSS-314_M1958_1881-12-01_OBS-2.jpg
1881	12	06	21	00	0	0.47	|	orig=.014 inHg|Local time: 2100|QC flag: low value|Image File: YorkFactory_USSS-314_M1958_1881-12-01_OBS-2.jpg
1881	12	07	07	00	0	-999	|	orig=" inHg|Local time: 0700|QC flag: missing|Image File: YorkFactory_USSS-314_M1958_1881-12-01_OBS-2.jpg
1881	12	07	14	00	0	0.41	|	orig=.012 inHg|Local time: 1400|QC flag: low value|Image File: YorkFactory_USSS-314_M1958_1881-12-01_OBS-2.jpg
1881	12	07	21	00	0	0.78	|	orig=.023 inHg|Local time: 2100|QC flag: low value|Image File: YorkFactory_USSS-314_M1958_1881-12-01_OBS-2.jpg
1881	12	08	07	00	0	0.78	|	orig=.023 inHg|Local time: 0700|QC flag: low value|Image File: YorkFactory_USSS-314_M1958_1881-12-01_OBS-2.jpg
1881	12	08	14	00	0	0.58	|	orig=.017 inHg|Local time: 1400|QC flag: low value|Image File: YorkFactory_USSS-314_M1958_1881-12-01_OBS-2.jpg
1881	12	08	21	00	0	-999	|	orig=" inHg|Local time: 2100|QC flag: missing|Image File: YorkFactory_USSS-314_M1958_1881-12-01_OBS-2.jpg
1881	12	09	07	00	0	0.64	|	orig=.019 inHg|Local time: 0700|QC flag: low value|Image File: YorkFactory_USSS-314_M1958_1881-12-01_OBS-2.jpg
1881	12	09	14	00	0	0.44	|	orig=.013 inHg|Local time: 1400|QC flag: low value|Image File: YorkFactory_USSS-314_M1958_1881-12-01_OBS-2.jpg
1881	12	09	21	00	0	-999	|	orig=" inHg|Local time: 2100|QC flag: missing|Image File: YorkFactory_USSS-314_M1958_1881-12-01_OBS-2.jpg
1881	12	10	07	00	0	-999	|	orig=" inHg|Local time: 0700|QC flag: missing|Image File: YorkFactory_USSS-314_M1958_1881-12-01_OBS-2.jpg
1881	12	10	14	00	0	-999	|	orig=" inHg|Local time: 1400|QC flag: missing|Image File: YorkFactory_USSS-314_M1958_1881-12-01_OBS-2.jpg
1881	12	10	21	00	0	-999	|	orig=" inHg|Local time: 2100|QC flag: missing|Image File: YorkFactory_USSS-314_M1958_1881-12-01_OBS-2.jpg
1881	12	11	07	00	0	-999	|	orig=" inHg|Local time: 0700|QC flag: missing|Image File: YorkFactory_USSS-314_M1958_1881-12-01_OBS-2.jpg
1881	12	11	14	00	0	-999	|	orig=" inHg|Local time: 1400|QC flag: missing|Image File: YorkFactory_USSS-314_M1958_1881-12-01_OBS-2.jpg
1881	12	11	21	00	0	-999	|	orig=" inHg|Local time: 2100|QC flag: missing|Image File: YorkFactory_USSS-314_M1958_1881-12-01_OBS-2.jpg
1881	12	12	07	00	0	-999	|	orig=" inHg|Local time: 0700|QC flag: missing|Image File: YorkFactory_USSS-314_M1958_1881-12-01_OBS-2.jpg
1881	12	12	14	00	0	-999	|	orig=" inHg|Local time: 1400|QC flag: missing|Image File: YorkFactory_USSS-314_M1958_1881-12-01_OBS-2.jpg
1881	12	12	21	00	0	-999	|	orig=" inHg|Local time: 2100|QC flag: missing|Image File: YorkFactory_USSS-314_M1958_1881-12-01_OBS-2.jpg
1881	12	13	07	00	0	-999	|	orig=" inHg|Local time: 0700|QC flag: missing|Image File: YorkFactory_USSS-314_M1958_1881-12-01_OBS-2.jpg
1881	12	13	14	00	0	0.41	|	orig=.012 inHg|Local time: 1400|QC flag: low value|Image File: YorkFactory_USSS-314_M1958_1881-12-01_OBS-2.jpg
1881	12	13	21	00	0	-999	|	orig=" inHg|Local time: 2100|QC flag: missing|Image File: YorkFactory_USSS-314_M1958_1881-12-01_OBS-2.jpg
1881	12	14	07	00	0	-999	|	orig=" inHg|Local time: 0700|QC flag: missing|Image File: YorkFactory_USSS-314_M1958_1881-12-01_OBS-2.jpg
1881	12	14	14	00	0	0.47	|	orig=.014 inHg|Local time: 1400|QC flag: low value|Image File: YorkFactory_USSS-314_M1958_1881-12-01_OBS-2.jpg
1881	12	14	21	00	0	-999	|	orig=" inHg|Local time: 2100|QC flag: missing|Image File: YorkFactory_USSS-314_M1958_1881-12-01_OBS-2.jpg
1881	12	15	07	00	0	-999	|	orig=" inHg|Local time: 0700|QC flag: missing|Image File: YorkFactory_USSS-314_M1958_1881-12-01_OBS-2.jpg
1881	12	15	14	00	0	0.58	|	orig=.017 inHg|Local time: 1400|QC flag: low value|Image File: YorkFactory_USSS-314_M1958_1881-12-01_OBS-2.jpg
1881	12	15	21	00	0	0.41	|	orig=.012 inHg|Local time: 2100|QC flag: low value|Image File: YorkFactory_USSS-314_M1958_1881-12-01_OBS-2.jpg
1881	12	16	07	00	0	-999	|	orig=" inHg|Local time: 0700|QC flag: missing|Image File: YorkFactory_USSS-314_M1958_1881-12-01_OBS-2.jpg
1881	12	16	14	00	0	0.61	|	orig=.018 inHg|Local time: 1400|QC flag: low value|Image File: YorkFactory_USSS-314_M1958_1881-12-01_OBS-2.jpg
1881	12	16	21	00	0	0.47	|	orig=.014 inHg|Local time: 2100|QC flag: low value|Image File: YorkFactory_USSS-314_M1958_1881-12-01_OBS-2.jpg
1881	12	17	07	00	0	-999	|	orig=" inHg|Local time: 0700|QC flag: missing|Image File: YorkFactory_USSS-314_M1958_1881-12-01_OBS-2.jpg
1881	12	17	14	00	0	0.71	|	orig=.021 inHg|Local time: 1400|QC flag: low value|Image File: YorkFactory_USSS-314_M1958_1881-12-01_OBS-2.jpg
1881	12	17	21	00	0	1.15	|	orig=.034 inHg|Local time: 2100|QC flag: low value|Image File: YorkFactory_USSS-314_M1958_1881-12-01_OBS-2.jpg
1881	12	18	07	00	0	1.83	|	orig=.054 inHg|Local time: 0700|QC flag: low value|Image File: YorkFactory_USSS-314_M1958_1881-12-01_OBS-2.jpg
1881	12	18	14	00	0	3.12	|	orig=.092 inHg|Local time: 1400|QC flag: low value|Image File: YorkFactory_USSS-314_M1958_1881-12-01_OBS-2.jpg
1881	12	18	21	00	0	2.57	|	orig=.076 inHg|Local time: 2100|QC flag: low value|Image File: YorkFactory_USSS-314_M1958_1881-12-01_OBS-2.jpg
1881	12	19	07	00	0	1.63	|	orig=.048 inHg|Local time: 0700|QC flag: low value|Image File: YorkFactory_USSS-314_M1958_1881-12-01_OBS-2.jpg
1881	12	19	14	00	0	2.57	|	orig=.076 inHg|Local time: 1400|QC flag: low value|Image File: YorkFactory_USSS-314_M1958_1881-12-01_OBS-2.jpg
1881	12	19	21	00	0	2.84	|	orig=.084 inHg|Local time: 2100|QC flag: low value|Image File: YorkFactory_USSS-314_M1958_1881-12-01_OBS-2.jpg
1881	12	20	07	00	0	3.15	|	orig=.093 inHg|Local time: 0700|QC flag: low value|Image File: YorkFactory_USSS-314_M1958_1881-12-01_OBS-2.jpg
1881	12	20	14	00	0	3.45	|	orig=.102 inHg|Local time: 1400|QC flag: low value|Image File: YorkFactory_USSS-314_M1958_1881-12-01_OBS-2.jpg
1881	12	20	21	00	0	4.27	|	orig=.126 inHg|Local time: 2100|QC flag: low value|Image File: YorkFactory_USSS-314_M1958_1881-12-01_OBS-2.jpg
1881	12	21	07	00	0	3.12	|	orig=.092 inHg|Local time: 0700|QC flag: low value|Image File: YorkFactory_USSS-314_M1958_1881-12-01_OBS-2.jpg
1881	12	21	14	00	0	2.34	|	orig=.069 inHg|Local time: 1400|QC flag: low value|Image File: YorkFactory_USSS-314_M1958_1881-12-01_OBS-2.jpg
1881	12	21	21	00	0	2.10	|	orig=.062 inHg|Local time: 2100|QC flag: low value|Image File: YorkFactory_USSS-314_M1958_1881-12-01_OBS-2.jpg
1881	12	22	07	00	0	0.81	|	orig=.024 inHg|Local time: 0700|QC flag: low value|Image File: YorkFactory_USSS-314_M1958_1881-12-01_OBS-2.jpg
1881	12	22	14	00	0	1.02	|	orig=.030 inHg|Local time: 1400|QC flag: low value|Image File: YorkFactory_USSS-314_M1958_1881-12-01_OBS-2.jpg
1881	12	22	21	00	0	0.58	|	orig=.017 inHg|Local time: 2100|QC flag: low value|Image File: YorkFactory_USSS-314_M1958_1881-12-01_OBS-2.jpg
1881	12	23	07	00	0	-999	|	orig=" inHg|Local time: 0700|QC flag: missing|Image File: YorkFactory_USSS-314_M1958_1881-12-01_OBS-2.jpg
1881	12	23	14	00	0	0.41	|	orig=.012 inHg|Local time: 1400|QC flag: low value|Image File: YorkFactory_USSS-314_M1958_1881-12-01_OBS-2.jpg
1881	12	23	21	00	0	-999	|	orig=" inHg|Local time: 2100|QC flag: missing|Image File: YorkFactory_USSS-314_M1958_1881-12-01_OBS-2.jpg
1881	12	24	07	00	0	-999	|	orig=" inHg|Local time: 0700|QC flag: missing|Image File: YorkFactory_USSS-314_M1958_1881-12-01_OBS-2.jpg
1881	12	24	14	00	0	0.41	|	orig=.012 inHg|Local time: 1400|QC flag: low value|Image File: YorkFactory_USSS-314_M1958_1881-12-01_OBS-2.jpg
1881	12	24	21	00	0	-999	|	orig=" inHg|Local time: 2100|QC flag: missing|Image File: YorkFactory_USSS-314_M1958_1881-12-01_OBS-2.jpg
1881	12	25	07	00	0	-999	|	orig=" inHg|Local time: 0700|QC flag: missing|Image File: YorkFactory_USSS-314_M1958_1881-12-01_OBS-2.jpg
1881	12	25	14	00	0	-999	|	orig=" inHg|Local time: 1400|QC flag: missing|Image File: YorkFactory_USSS-314_M1958_1881-12-01_OBS-2.jpg
1881	12	25	21	00	0	-999	|	orig=" inHg|Local time: 2100|QC flag: missing|Image File: YorkFactory_USSS-314_M1958_1881-12-01_OBS-2.jpg
1881	12	26	07	00	0	-999	|	orig=" inHg|Local time: 0700|QC flag: missing|Image File: YorkFactory_USSS-314_M1958_1881-12-01_OBS-2.jpg
1881	12	26	14	00	0	0.64	|	orig=.019 inHg|Local time: 1400|QC flag: low value|Image File: YorkFactory_USSS-314_M1958_1881-12-01_OBS-2.jpg
1881	12	26	21	00	0	0.68	|	orig=.020 inHg|Local time: 2100|QC flag: low value|Image File: YorkFactory_USSS-314_M1958_1881-12-01_OBS-2.jpg
1881	12	27	07	00	0	0.41	|	orig=.012 inHg|Local time: 0700|QC flag: low value|Image File: YorkFactory_USSS-314_M1958_1881-12-01_OBS-2.jpg
1881	12	27	14	00	0	0.41	|	orig=.012 inHg|Local time: 1400|QC flag: low value|Image File: YorkFactory_USSS-314_M1958_1881-12-01_OBS-2.jpg
1881	12	27	21	00	0	-999	|	orig=" inHg|Local time: 2100|QC flag: missing|Image File: YorkFactory_USSS-314_M1958_1881-12-01_OBS-2.jpg
1881	12	28	07	00	0	-999	|	orig=" inHg|Local time: 0700|QC flag: missing|Image File: YorkFactory_USSS-314_M1958_1881-12-01_OBS-2.jpg
1881	12	28	14	00	0	-999	|	orig=" inHg|Local time: 1400|QC flag: missing|Image File: YorkFactory_USSS-314_M1958_1881-12-01_OBS-2.jpg
1881	12	28	21	00	0	-999	|	orig=" inHg|Local time: 2100|QC flag: missing|Image File: YorkFactory_USSS-314_M1958_1881-12-01_OBS-2.jpg
1881	12	29	07	00	0	-999	|	orig=" inHg|Local time: 0700|QC flag: missing|Image File: YorkFactory_USSS-314_M1958_1881-12-01_OBS-2.jpg
1881	12	29	14	00	0	0.41	|	orig=.012 inHg|Local time: 1400|QC flag: low value|Image File: YorkFactory_USSS-314_M1958_1881-12-01_OBS-2.jpg
1881	12	29	21	00	0	-999	|	orig=" inHg|Local time: 2100|QC flag: missing|Image File: YorkFactory_USSS-314_M1958_1881-12-01_OBS-2.jpg
1881	12	30	07	00	0	-999	|	orig=" inHg|Local time: 0700|QC flag: missing|Image File: YorkFactory_USSS-314_M1958_1881-12-01_OBS-2.jpg
1881	12	30	14	00	0	-999	|	orig=" inHg|Local time: 1400|QC flag: missing|Image File: YorkFactory_USSS-314_M1958_1881-12-01_OBS-2.jpg
1881	12	30	21	00	0	-999	|	orig=" inHg|Local time: 2100|QC flag: missing|Image File: YorkFactory_USSS-314_M1958_1881-12-01_OBS-2.jpg
1881	12	31	07	00	0	-999	|	orig=" inHg|Local time: 0700|QC flag: missing|Image File: YorkFactory_USSS-314_M1958_1881-12-01_OBS-2.jpg
1881	12	31	14	00	0	-999	|	orig=" inHg|Local time: 1400|QC flag: missing|Image File: YorkFactory_USSS-314_M1958_1881-12-01_OBS-2.jpg
1881	12	31	21	00	0	-999	|	orig=" inHg|Local time: 2100|QC flag: missing|Image File: YorkFactory_USSS-314_M1958_1881-12-01_OBS-2.jpg
1882	01	01	07	00	0	-999	|	orig=" inHg|Local time: 0700|QC flag: missing|Image File: YorkFactory_USSS-314_M1958_1882-01-01_OBS-2.jpg
1882	01	01	14	00	0	-999	|	orig=" inHg|Local time: 1400|QC flag: missing|Image File: YorkFactory_USSS-314_M1958_1882-01-01_OBS-2.jpg
1882	01	01	21	00	0	-999	|	orig=" inHg|Local time: 2100|QC flag: missing|Image File: YorkFactory_USSS-314_M1958_1882-01-01_OBS-2.jpg
1882	01	02	07	00	0	-999	|	orig=" inHg|Local time: 0700|QC flag: missing|Image File: YorkFactory_USSS-314_M1958_1882-01-01_OBS-2.jpg
1882	01	02	14	00	0	-999	|	orig=" inHg|Local time: 1400|QC flag: missing|Image File: YorkFactory_USSS-314_M1958_1882-01-01_OBS-2.jpg
1882	01	02	21	00	0	-999	|	orig=" inHg|Local time: 2100|QC flag: missing|Image File: YorkFactory_USSS-314_M1958_1882-01-01_OBS-2.jpg
1882	01	03	07	00	0	-999	|	orig=" inHg|Local time: 0700|QC flag: missing|Image File: YorkFactory_USSS-314_M1958_1882-01-01_OBS-2.jpg
1882	01	03	14	00	0	-999	|	orig=" inHg|Local time: 1400|QC flag: missing|Image File: YorkFactory_USSS-314_M1958_1882-01-01_OBS-2.jpg
1882	01	03	21	00	0	0.47	|	orig=.014 inHg|Local time: 2100|QC flag: low value|Image File: YorkFactory_USSS-314_M1958_1882-01-01_OBS-2.jpg
1882	01	04	07	00	0	1.02	|	orig=.030 inHg|Local time: 0700|QC flag: low value|Image File: YorkFactory_USSS-314_M1958_1882-01-01_OBS-2.jpg
1882	01	04	14	00	0	0.61	|	orig=.018 inHg|Local time: 1400|QC flag: low value|Image File: YorkFactory_USSS-314_M1958_1882-01-01_OBS-2.jpg
1882	01	04	21	00	0	-999	|	orig=" inHg|Local time: 2100|QC flag: missing|Image File: YorkFactory_USSS-314_M1958_1882-01-01_OBS-2.jpg
1882	01	05	07	00	0	-999	|	orig=" inHg|Local time: 0700|QC flag: missing|Image File: YorkFactory_USSS-314_M1958_1882-01-01_OBS-2.jpg
1882	01	05	14	00	0	-999	|	orig=" inHg|Local time: 1400|QC flag: missing|Image File: YorkFactory_USSS-314_M1958_1882-01-01_OBS-2.jpg
1882	01	05	21	00	0	-999	|	orig=" inHg|Local time: 2100|QC flag: missing|Image File: YorkFactory_USSS-314_M1958_1882-01-01_OBS-2.jpg
1882	01	06	07	00	0	-999	|	orig=" inHg|Local time: 0700|QC flag: missing|Image File: YorkFactory_USSS-314_M1958_1882-01-01_OBS-2.jpg
1882	01	06	14	00	0	-999	|	orig=" inHg|Local time: 1400|QC flag: missing|Image File: YorkFactory_USSS-314_M1958_1882-01-01_OBS-2.jpg
1882	01	06	21	00	0	-999	|	orig=" inHg|Local time: 2100|QC flag: missing|Image File: YorkFactory_USSS-314_M1958_1882-01-01_OBS-2.jpg
1882	01	07	07	00	0	-999	|	orig=" inHg|Local time: 0700|QC flag: missing|Image File: YorkFactory_USSS-314_M1958_1882-01-01_OBS-2.jpg
1882	01	07	14	00	0	0.41	|	orig=.012 inHg|Local time: 1400|QC flag: low value|Image File: YorkFactory_USSS-314_M1958_1882-01-01_OBS-2.jpg
1882	01	07	21	00	0	-999	|	orig=" inHg|Local time: 2100|QC flag: missing|Image File: YorkFactory_USSS-314_M1958_1882-01-01_OBS-2.jpg
1882	01	08	07	00	0	-999	|	orig=" inHg|Local time: 0700|QC flag: missing|Image File: YorkFactory_USSS-314_M1958_1882-01-01_OBS-2.jpg
1882	01	08	14	00	0	-999	|	orig=- inHg|Local time: 1400|QC flag: missing|Image File: YorkFactory_USSS-314_M1958_1882-01-01_OBS-2.jpg
1882	01	08	21	00	0	-999	|	orig=- inHg|Local time: 2100|QC flag: missing|Image File: YorkFactory_USSS-314_M1958_1882-01-01_OBS-2.jpg
1882	01	09	07	00	0	-999	|	orig=" inHg|Local time: 0700|QC flag: missing|Image File: YorkFactory_USSS-314_M1958_1882-01-01_OBS-2.jpg
1882	01	09	14	00	0	-999	|	orig=- inHg|Local time: 1400|QC flag: missing|Image File: YorkFactory_USSS-314_M1958_1882-01-01_OBS-2.jpg
1882	01	09	21	00	0	-999	|	orig=- inHg|Local time: 2100|QC flag: missing|Image File: YorkFactory_USSS-314_M1958_1882-01-01_OBS-2.jpg
1882	01	10	07	00	0	-999	|	orig=" inHg|Local time: 0700|QC flag: missing|Image File: YorkFactory_USSS-314_M1958_1882-01-01_OBS-2.jpg
1882	01	10	14	00	0	-999	|	orig=- inHg|Local time: 1400|QC flag: missing|Image File: YorkFactory_USSS-314_M1958_1882-01-01_OBS-2.jpg
1882	01	10	21	00	0	-999	|	orig=- inHg|Local time: 2100|QC flag: missing|Image File: YorkFactory_USSS-314_M1958_1882-01-01_OBS-2.jpg
1882	01	11	07	00	0	-999	|	orig=" inHg|Local time: 0700|QC flag: missing|Image File: YorkFactory_USSS-314_M1958_1882-01-01_OBS-2.jpg
1882	01	11	14	00	0	-999	|	orig=- inHg|Local time: 1400|QC flag: missing|Image File: YorkFactory_USSS-314_M1958_1882-01-01_OBS-2.jpg
1882	01	11	21	00	0	-999	|	orig=- inHg|Local time: 2100|QC flag: missing|Image File: YorkFactory_USSS-314_M1958_1882-01-01_OBS-2.jpg
1882	01	12	07	00	0	-999	|	orig=" inHg|Local time: 0700|QC flag: missing|Image File: YorkFactory_USSS-314_M1958_1882-01-01_OBS-2.jpg
1882	01	12	14	00	0	-999	|	orig=- inHg|Local time: 1400|QC flag: missing|Image File: YorkFactory_USSS-314_M1958_1882-01-01_OBS-2.jpg
1882	01	12	21	00	0	-999	|	orig=- inHg|Local time: 2100|QC flag: missing|Image File: YorkFactory_USSS-314_M1958_1882-01-01_OBS-2.jpg
1882	01	13	07	00	0	-999	|	orig=" inHg|Local time: 0700|QC flag: missing|Image File: YorkFactory_USSS-314_M1958_1882-01-01_OBS-2.jpg
1882	01	13	14	00	0	-999	|	orig=- inHg|Local time: 1400|QC flag: missing|Image File: YorkFactory_USSS-314_M1958_1882-01-01_OBS-2.jpg
1882	01	13	21	00	0	-999	|	orig=- inHg|Local time: 2100|QC flag: missing|Image File: YorkFactory_USSS-314_M1958_1882-01-01_OBS-2.jpg
1882	01	14	07	00	0	1.42	|	orig=.042 inHg|Local time: 0700|QC flag: low value|Image File: YorkFactory_USSS-314_M1958_1882-01-01_OBS-2.jpg
1882	01	14	14	00	0	1.35	|	orig=.040 inHg|Local time: 1400|QC flag: low value|Image File: YorkFactory_USSS-314_M1958_1882-01-01_OBS-2.jpg
1882	01	14	21	00	0	0.95	|	orig=.028 inHg|Local time: 2100|QC flag: low value|Image File: YorkFactory_USSS-314_M1958_1882-01-01_OBS-2.jpg
1882	01	15	07	00	0	0.78	|	orig=.023 inHg|Local time: 0700|QC flag: low value|Image File: YorkFactory_USSS-314_M1958_1882-01-01_OBS-2.jpg
1882	01	15	14	00	0	-999	|	orig=- inHg|Local time: 1400|QC flag: missing|Image File: YorkFactory_USSS-314_M1958_1882-01-01_OBS-2.jpg
1882	01	15	21	00	0	-999	|	orig=- inHg|Local time: 2100|QC flag: missing|Image File: YorkFactory_USSS-314_M1958_1882-01-01_OBS-2.jpg
1882	01	16	07	00	0	-999	|	orig=- inHg|Local time: 0700|QC flag: missing|Image File: YorkFactory_USSS-314_M1958_1882-01-01_OBS-2.jpg
1882	01	16	14	00	0	-999	|	orig=- inHg|Local time: 1400|QC flag: missing|Image File: YorkFactory_USSS-314_M1958_1882-01-01_OBS-2.jpg
1882	01	16	21	00	0	-999	|	orig=- inHg|Local time: 2100|QC flag: missing|Image File: YorkFactory_USSS-314_M1958_1882-01-01_OBS-2.jpg
1882	01	17	07	00	0	-999	|	orig=- inHg|Local time: 0700|QC flag: missing|Image File: YorkFactory_USSS-314_M1958_1882-01-01_OBS-2.jpg
1882	01	17	14	00	0	-999	|	orig=- inHg|Local time: 1400|QC flag: missing|Image File: YorkFactory_USSS-314_M1958_1882-01-01_OBS-2.jpg
1882	01	17	21	00	0	-999	|	orig=- inHg|Local time: 2100|QC flag: missing|Image File: YorkFactory_USSS-314_M1958_1882-01-01_OBS-2.jpg
1882	01	18	07	00	0	-999	|	orig=- inHg|Local time: 0700|QC flag: missing|Image File: YorkFactory_USSS-314_M1958_1882-01-01_OBS-2.jpg
1882	01	18	14	00	0	-999	|	orig=- inHg|Local time: 1400|QC flag: missing|Image File: YorkFactory_USSS-314_M1958_1882-01-01_OBS-2.jpg
1882	01	18	21	00	0	-999	|	orig=- inHg|Local time: 2100|QC flag: missing|Image File: YorkFactory_USSS-314_M1958_1882-01-01_OBS-2.jpg
1882	01	19	07	00	0	-999	|	orig=- inHg|Local time: 0700|QC flag: missing|Image File: YorkFactory_USSS-314_M1958_1882-01-01_OBS-2.jpg
1882	01	19	14	00	0	-999	|	orig=- inHg|Local time: 1400|QC flag: missing|Image File: YorkFactory_USSS-314_M1958_1882-01-01_OBS-2.jpg
1882	01	19	21	00	0	-999	|	orig=- inHg|Local time: 2100|QC flag: missing|Image File: YorkFactory_USSS-314_M1958_1882-01-01_OBS-2.jpg
1882	01	20	07	00	0	-999	|	orig=- inHg|Local time: 0700|QC flag: missing|Image File: YorkFactory_USSS-314_M1958_1882-01-01_OBS-2.jpg
1882	01	20	14	00	0	-999	|	orig=- inHg|Local time: 1400|QC flag: missing|Image File: YorkFactory_USSS-314_M1958_1882-01-01_OBS-2.jpg
1882	01	20	21	00	0	-999	|	orig=- inHg|Local time: 2100|QC flag: missing|Image File: YorkFactory_USSS-314_M1958_1882-01-01_OBS-2.jpg
1882	01	21	07	00	0	-999	|	orig=- inHg|Local time: 0700|QC flag: missing|Image File: YorkFactory_USSS-314_M1958_1882-01-01_OBS-2.jpg
1882	01	21	14	00	0	-999	|	orig=- inHg|Local time: 1400|QC flag: missing|Image File: YorkFactory_USSS-314_M1958_1882-01-01_OBS-2.jpg
1882	01	21	21	00	0	-999	|	orig=- inHg|Local time: 2100|QC flag: missing|Image File: YorkFactory_USSS-314_M1958_1882-01-01_OBS-2.jpg
1882	01	22	07	00	0	-999	|	orig=- inHg|Local time: 0700|QC flag: missing|Image File: YorkFactory_USSS-314_M1958_1882-01-01_OBS-2.jpg
1882	01	22	14	00	0	-999	|	orig=- inHg|Local time: 1400|QC flag: missing|Image File: YorkFactory_USSS-314_M1958_1882-01-01_OBS-2.jpg
1882	01	22	21	00	0	-999	|	orig=- inHg|Local time: 2100|QC flag: missing|Image File: YorkFactory_USSS-314_M1958_1882-01-01_OBS-2.jpg
1882	01	23	07	00	0	-999	|	orig=- inHg|Local time: 0700|QC flag: missing|Image File: YorkFactory_USSS-314_M1958_1882-01-01_OBS-2.jpg
1882	01	23	14	00	0	0.41	|	orig=.012 inHg|Local time: 1400|QC flag: low value|Image File: YorkFactory_USSS-314_M1958_1882-01-01_OBS-2.jpg
1882	01	23	21	00	0	0.91	|	orig=.027 inHg|Local time: 2100|QC flag: low value|Image File: YorkFactory_USSS-314_M1958_1882-01-01_OBS-2.jpg
1882	01	24	07	00	0	1.15	|	orig=.034 inHg|Local time: 0700|QC flag: low value|Image File: YorkFactory_USSS-314_M1958_1882-01-01_OBS-2.jpg
1882	01	24	14	00	0	1.15	|	orig=.034 inHg|Local time: 1400|QC flag: low value|Image File: YorkFactory_USSS-314_M1958_1882-01-01_OBS-2.jpg
1882	01	24	21	00	0	1.08	|	orig=.032 inHg|Local time: 2100|QC flag: low value|Image File: YorkFactory_USSS-314_M1958_1882-01-01_OBS-2.jpg
1882	01	25	07	00	0	0.81	|	orig=.024 inHg|Local time: 0700|QC flag: low value|Image File: YorkFactory_USSS-314_M1958_1882-01-01_OBS-2.jpg
1882	01	25	14	00	0	0.71	|	orig=021 inHg|Local time: 1400|QC flag: low value|Image File: YorkFactory_USSS-314_M1958_1882-01-01_OBS-2.jpg
1882	01	25	21	00	0	-999	|	orig=- inHg|Local time: 2100|QC flag: missing|Image File: YorkFactory_USSS-314_M1958_1882-01-01_OBS-2.jpg
1882	01	26	07	00	0	-999	|	orig=- inHg|Local time: 0700|QC flag: missing|Image File: YorkFactory_USSS-314_M1958_1882-01-01_OBS-2.jpg
1882	01	26	14	00	0	-999	|	orig=- inHg|Local time: 1400|QC flag: missing|Image File: YorkFactory_USSS-314_M1958_1882-01-01_OBS-2.jpg
1882	01	26	21	00	0	-999	|	orig=- inHg|Local time: 2100|QC flag: missing|Image File: YorkFactory_USSS-314_M1958_1882-01-01_OBS-2.jpg
1882	01	27	07	00	0	-999	|	orig=- inHg|Local time: 0700|QC flag: missing|Image File: YorkFactory_USSS-314_M1958_1882-01-01_OBS-2.jpg
1882	01	27	14	00	0	0.58	|	orig=.017 inHg|Local time: 1400|QC flag: low value|Image File: YorkFactory_USSS-314_M1958_1882-01-01_OBS-2.jpg
1882	01	27	21	00	0	-999	|	orig=- inHg|Local time: 2100|QC flag: missing|Image File: YorkFactory_USSS-314_M1958_1882-01-01_OBS-2.jpg
1882	01	28	07	00	0	-999	|	orig=- inHg|Local time: 0700|QC flag: missing|Image File: YorkFactory_USSS-314_M1958_1882-01-01_OBS-2.jpg
1882	01	28	14	00	0	-999	|	orig=- inHg|Local time: 1400|QC flag: missing|Image File: YorkFactory_USSS-314_M1958_1882-01-01_OBS-2.jpg
1882	01	28	21	00	0	-999	|	orig=- inHg|Local time: 2100|QC flag: missing|Image File: YorkFactory_USSS-314_M1958_1882-01-01_OBS-2.jpg
1882	01	29	07	00	0	-999	|	orig=- inHg|Local time: 0700|QC flag: missing|Image File: YorkFactory_USSS-314_M1958_1882-01-01_OBS-2.jpg
1882	01	29	14	00	0	0.41	|	orig=.012 inHg|Local time: 1400|QC flag: low value|Image File: YorkFactory_USSS-314_M1958_1882-01-01_OBS-2.jpg
1882	01	29	21	00	0	-999	|	orig=- inHg|Local time: 2100|QC flag: missing|Image File: YorkFactory_USSS-314_M1958_1882-01-01_OBS-2.jpg
1882	01	30	07	00	0	-999	|	orig=- inHg|Local time: 0700|QC flag: missing|Image File: YorkFactory_USSS-314_M1958_1882-01-01_OBS-2.jpg
1882	01	30	14	00	0	-999	|	orig=- inHg|Local time: 1400|QC flag: missing|Image File: YorkFactory_USSS-314_M1958_1882-01-01_OBS-2.jpg
1882	01	30	21	00	0	-999	|	orig=- inHg|Local time: 2100|QC flag: missing|Image File: YorkFactory_USSS-314_M1958_1882-01-01_OBS-2.jpg
1882	01	31	07	00	0	-999	|	orig=- inHg|Local time: 0700|QC flag: missing|Image File: YorkFactory_USSS-314_M1958_1882-01-01_OBS-2.jpg
1882	01	31	14	00	0	-999	|	orig=- inHg|Local time: 1400|QC flag: missing|Image File: YorkFactory_USSS-314_M1958_1882-01-01_OBS-2.jpg
1882	01	31	21	00	0	-999	|	orig=- inHg|Local time: 2100|QC flag: missing|Image File: YorkFactory_USSS-314_M1958_1882-01-01_OBS-2.jpg
1882	02	01	07	00	0	-999	|	orig=- inHg|Local time: 0700|QC flag: missing|Image File: YorkFactory_USSS-314_M1958_1882-02-01_OBS-2.jpg
1882	02	01	14	00	0	-999	|	orig=- inHg|Local time: 1400|QC flag: missing|Image File: YorkFactory_USSS-314_M1958_1882-02-01_OBS-2.jpg
1882	02	01	21	00	0	-999	|	orig=- inHg|Local time: 2100|QC flag: missing|Image File: YorkFactory_USSS-314_M1958_1882-02-01_OBS-2.jpg
1882	02	02	07	00	0	-999	|	orig=- inHg|Local time: 0700|QC flag: missing|Image File: YorkFactory_USSS-314_M1958_1882-02-01_OBS-2.jpg
1882	02	02	14	00	0	-999	|	orig=- inHg|Local time: 1400|QC flag: missing|Image File: YorkFactory_USSS-314_M1958_1882-02-01_OBS-2.jpg
1882	02	02	21	00	0	-999	|	orig=- inHg|Local time: 2100|QC flag: missing|Image File: YorkFactory_USSS-314_M1958_1882-02-01_OBS-2.jpg
1882	02	03	07	00	0	-999	|	orig=- inHg|Local time: 0700|QC flag: missing|Image File: YorkFactory_USSS-314_M1958_1882-02-01_OBS-2.jpg
1882	02	03	14	00	0	-999	|	orig=- inHg|Local time: 1400|QC flag: missing|Image File: YorkFactory_USSS-314_M1958_1882-02-01_OBS-2.jpg
1882	02	03	21	00	0	-999	|	orig=- inHg|Local time: 2100|QC flag: missing|Image File: YorkFactory_USSS-314_M1958_1882-02-01_OBS-2.jpg
1882	02	04	07	00	0	-999	|	orig=- inHg|Local time: 0700|QC flag: missing|Image File: YorkFactory_USSS-314_M1958_1882-02-01_OBS-2.jpg
1882	02	04	14	00	0	-999	|	orig=- inHg|Local time: 1400|QC flag: missing|Image File: YorkFactory_USSS-314_M1958_1882-02-01_OBS-2.jpg
1882	02	04	21	00	0	-999	|	orig=- inHg|Local time: 2100|QC flag: missing|Image File: YorkFactory_USSS-314_M1958_1882-02-01_OBS-2.jpg
1882	02	05	07	00	0	-999	|	orig=- inHg|Local time: 0700|QC flag: missing|Image File: YorkFactory_USSS-314_M1958_1882-02-01_OBS-2.jpg
1882	02	05	14	00	0	-999	|	orig=- inHg|Local time: 1400|QC flag: missing|Image File: YorkFactory_USSS-314_M1958_1882-02-01_OBS-2.jpg
1882	02	05	21	00	0	-999	|	orig=- inHg|Local time: 2100|QC flag: missing|Image File: YorkFactory_USSS-314_M1958_1882-02-01_OBS-2.jpg
1882	02	06	07	00	0	-999	|	orig=- inHg|Local time: 0700|QC flag: missing|Image File: YorkFactory_USSS-314_M1958_1882-02-01_OBS-2.jpg
1882	02	06	14	00	0	-999	|	orig=- inHg|Local time: 1400|QC flag: missing|Image File: YorkFactory_USSS-314_M1958_1882-02-01_OBS-2.jpg
1882	02	06	21	00	0	-999	|	orig=- inHg|Local time: 2100|QC flag: missing|Image File: YorkFactory_USSS-314_M1958_1882-02-01_OBS-2.jpg
1882	02	07	07	00	0	-999	|	orig=- inHg|Local time: 0700|QC flag: missing|Image File: YorkFactory_USSS-314_M1958_1882-02-01_OBS-2.jpg
1882	02	07	14	00	0	0.47	|	orig=014 inHg|Local time: 1400|QC flag: low value|Image File: YorkFactory_USSS-314_M1958_1882-02-01_OBS-2.jpg
1882	02	07	21	00	0	0.81	|	orig=024 inHg|Local time: 2100|QC flag: low value|Image File: YorkFactory_USSS-314_M1958_1882-02-01_OBS-2.jpg
1882	02	08	07	00	0	-999	|	orig=- inHg|Local time: 0700|QC flag: missing|Image File: YorkFactory_USSS-314_M1958_1882-02-01_OBS-2.jpg
1882	02	08	14	00	0	1.22	|	orig=036 inHg|Local time: 1400|QC flag: low value|Image File: YorkFactory_USSS-314_M1958_1882-02-01_OBS-2.jpg
1882	02	08	21	00	0	0.81	|	orig=024 inHg|Local time: 2100|QC flag: low value|Image File: YorkFactory_USSS-314_M1958_1882-02-01_OBS-2.jpg
1882	02	09	07	00	0	-999	|	orig=- inHg|Local time: 0700|QC flag: missing|Image File: YorkFactory_USSS-314_M1958_1882-02-01_OBS-2.jpg
1882	02	09	14	00	0	1.22	|	orig=036 inHg|Local time: 1400|QC flag: low value|Image File: YorkFactory_USSS-314_M1958_1882-02-01_OBS-2.jpg
1882	02	09	21	00	0	0.81	|	orig=024 inHg|Local time: 2100|QC flag: low value|Image File: YorkFactory_USSS-314_M1958_1882-02-01_OBS-2.jpg
1882	02	10	07	00	0	0.58	|	orig=017 inHg|Local time: 0700|QC flag: low value|Image File: YorkFactory_USSS-314_M1958_1882-02-01_OBS-2.jpg
1882	02	10	14	00	0	1.56	|	orig=046 inHg|Local time: 1400|QC flag: low value|Image File: YorkFactory_USSS-314_M1958_1882-02-01_OBS-2.jpg
1882	02	10	21	00	0	1.02	|	orig=030 inHg|Local time: 2100|QC flag: low value|Image File: YorkFactory_USSS-314_M1958_1882-02-01_OBS-2.jpg
1882	02	11	07	00	0	1.15	|	orig=034 inHg|Local time: 0700|QC flag: low value|Image File: YorkFactory_USSS-314_M1958_1882-02-01_OBS-2.jpg
1882	02	11	14	00	0	2.34	|	orig=069 inHg|Local time: 1400|QC flag: low value|Image File: YorkFactory_USSS-314_M1958_1882-02-01_OBS-2.jpg
1882	02	11	21	00	0	1.02	|	orig=030 inHg|Local time: 2100|QC flag: low value|Image File: YorkFactory_USSS-314_M1958_1882-02-01_OBS-2.jpg
1882	02	12	07	00	0	0.71	|	orig=021 inHg|Local time: 0700|QC flag: low value|Image File: YorkFactory_USSS-314_M1958_1882-02-01_OBS-2.jpg
1882	02	12	14	00	0	1.35	|	orig=040 inHg|Local time: 1400|QC flag: low value|Image File: YorkFactory_USSS-314_M1958_1882-02-01_OBS-2.jpg
1882	02	12	21	00	0	1.22	|	orig=036 inHg|Local time: 2100|QC flag: low value|Image File: YorkFactory_USSS-314_M1958_1882-02-01_OBS-2.jpg
1882	02	13	07	00	0	0.68	|	orig=020 inHg|Local time: 0700|QC flag: low value|Image File: YorkFactory_USSS-314_M1958_1882-02-01_OBS-2.jpg
1882	02	13	14	00	0	0.68	|	orig=020 inHg|Local time: 1400|QC flag: low value|Image File: YorkFactory_USSS-314_M1958_1882-02-01_OBS-2.jpg
1882	02	13	21	00	0	0.68	|	orig=020 inHg|Local time: 2100|QC flag: low value|Image File: YorkFactory_USSS-314_M1958_1882-02-01_OBS-2.jpg
1882	02	14	07	00	0	0.51	|	orig=015 inHg|Local time: 0700|QC flag: low value|Image File: YorkFactory_USSS-314_M1958_1882-02-01_OBS-2.jpg
1882	02	14	14	00	0	1.56	|	orig=046 inHg|Local time: 1400|QC flag: low value|Image File: YorkFactory_USSS-314_M1958_1882-02-01_OBS-2.jpg
1882	02	14	21	00	0	-999	|	orig=- inHg|Local time: 2100|QC flag: missing|Image File: YorkFactory_USSS-314_M1958_1882-02-01_OBS-2.jpg
1882	02	15	07	00	0	-999	|	orig=- inHg|Local time: 0700|QC flag: missing|Image File: YorkFactory_USSS-314_M1958_1882-02-01_OBS-2.jpg
1882	02	15	14	00	0	-999	|	orig=- inHg|Local time: 1400|QC flag: missing|Image File: YorkFactory_USSS-314_M1958_1882-02-01_OBS-2.jpg
1882	02	15	21	00	0	-999	|	orig=- inHg|Local time: 2100|QC flag: missing|Image File: YorkFactory_USSS-314_M1958_1882-02-01_OBS-2.jpg
1882	02	16	07	00	0	-999	|	orig=- inHg|Local time: 0700|QC flag: missing|Image File: YorkFactory_USSS-314_M1958_1882-02-01_OBS-2.jpg
1882	02	16	14	00	0	-999	|	orig=- inHg|Local time: 1400|QC flag: missing|Image File: YorkFactory_USSS-314_M1958_1882-02-01_OBS-2.jpg
1882	02	16	21	00	0	-999	|	orig=- inHg|Local time: 2100|QC flag: missing|Image File: YorkFactory_USSS-314_M1958_1882-02-01_OBS-2.jpg
1882	02	17	07	00	0	-999	|	orig=- inHg|Local time: 0700|QC flag: missing|Image File: YorkFactory_USSS-314_M1958_1882-02-01_OBS-2.jpg
1882	02	17	14	00	0	-999	|	orig=- inHg|Local time: 1400|QC flag: missing|Image File: YorkFactory_USSS-314_M1958_1882-02-01_OBS-2.jpg
1882	02	17	21	00	0	-999	|	orig=- inHg|Local time: 2100|QC flag: missing|Image File: YorkFactory_USSS-314_M1958_1882-02-01_OBS-2.jpg
1882	02	18	07	00	0	-999	|	orig=empty inHg|Local time: 0700|QC flag: missing|Image File: YorkFactory_USSS-314_M1958_1882-02-01_OBS-2.jpg
1882	02	18	14	00	0	-999	|	orig=empty inHg|Local time: 1400|QC flag: missing|Image File: YorkFactory_USSS-314_M1958_1882-02-01_OBS-2.jpg
1882	02	18	21	00	0	-999	|	orig=empty inHg|Local time: 2100|QC flag: missing|Image File: YorkFactory_USSS-314_M1958_1882-02-01_OBS-2.jpg
1882	02	19	07	00	0	-999	|	orig=- inHg|Local time: 0700|QC flag: missing|Image File: YorkFactory_USSS-314_M1958_1882-02-01_OBS-2.jpg
1882	02	19	14	00	0	-999	|	orig=- inHg|Local time: 1400|QC flag: missing|Image File: YorkFactory_USSS-314_M1958_1882-02-01_OBS-2.jpg
1882	02	19	21	00	0	-999	|	orig=- inHg|Local time: 2100|QC flag: missing|Image File: YorkFactory_USSS-314_M1958_1882-02-01_OBS-2.jpg
1882	02	20	07	00	0	-999	|	orig=- inHg|Local time: 0700|QC flag: missing|Image File: YorkFactory_USSS-314_M1958_1882-02-01_OBS-2.jpg
1882	02	20	14	00	0	0.58	|	orig=017 inHg|Local time: 1400|QC flag: low value|Image File: YorkFactory_USSS-314_M1958_1882-02-01_OBS-2.jpg
1882	02	20	21	00	0	0.91	|	orig=027 inHg|Local time: 2100|QC flag: low value|Image File: YorkFactory_USSS-314_M1958_1882-02-01_OBS-2.jpg
1882	02	21	07	00	0	-999	|	orig=- inHg|Local time: 0700|QC flag: missing|Image File: YorkFactory_USSS-314_M1958_1882-02-01_OBS-2.jpg
1882	02	21	14	00	0	1.56	|	orig=046 inHg|Local time: 1400|QC flag: low value|Image File: YorkFactory_USSS-314_M1958_1882-02-01_OBS-2.jpg
1882	02	21	21	00	0	1.22	|	orig=036 inHg|Local time: 2100|QC flag: low value|Image File: YorkFactory_USSS-314_M1958_1882-02-01_OBS-2.jpg
1882	02	22	07	00	0	-999	|	orig=- inHg|Local time: 0700|QC flag: missing|Image File: YorkFactory_USSS-314_M1958_1882-02-01_OBS-2.jpg
1882	02	22	14	00	0	1.49	|	orig=044 inHg|Local time: 1400|QC flag: low value|Image File: YorkFactory_USSS-314_M1958_1882-02-01_OBS-2.jpg
1882	02	22	21	00	0	0.81	|	orig=024 inHg|Local time: 2100|QC flag: low value|Image File: YorkFactory_USSS-314_M1958_1882-02-01_OBS-2.jpg
1882	02	23	07	00	0	-999	|	orig=- inHg|Local time: 0700|QC flag: missing|Image File: YorkFactory_USSS-314_M1958_1882-02-01_OBS-2.jpg
1882	02	23	14	00	0	1.93	|	orig=057 inHg|Local time: 1400|QC flag: low value|Image File: YorkFactory_USSS-314_M1958_1882-02-01_OBS-2.jpg
1882	02	23	21	00	0	1.08	|	orig=032 inHg|Local time: 2100|QC flag: low value|Image File: YorkFactory_USSS-314_M1958_1882-02-01_OBS-2.jpg
1882	02	24	07	00	0	0.71	|	orig=021 inHg|Local time: 0700|QC flag: low value|Image File: YorkFactory_USSS-314_M1958_1882-02-01_OBS-2.jpg
1882	02	24	14	00	0	4.17	|	orig=123 inHg|Local time: 1400|QC flag: low value|Image File: YorkFactory_USSS-314_M1958_1882-02-01_OBS-2.jpg
1882	02	24	21	00	0	2.84	|	orig=084 inHg|Local time: 2100|QC flag: low value|Image File: YorkFactory_USSS-314_M1958_1882-02-01_OBS-2.jpg
1882	02	25	07	00	0	1.56	|	orig=046 inHg|Local time: 0700|QC flag: low value|Image File: YorkFactory_USSS-314_M1958_1882-02-01_OBS-2.jpg
1882	02	25	14	00	0	3.79	|	orig=112 inHg|Local time: 1400|QC flag: low value|Image File: YorkFactory_USSS-314_M1958_1882-02-01_OBS-2.jpg
1882	02	25	21	00	0	0.51	|	orig=015 inHg|Local time: 2100|QC flag: low value|Image File: YorkFactory_USSS-314_M1958_1882-02-01_OBS-2.jpg
1882	02	26	07	00	0	0.41	|	orig=012 inHg|Local time: 0700|QC flag: low value|Image File: YorkFactory_USSS-314_M1958_1882-02-01_OBS-2.jpg
1882	02	26	14	00	0	0.91	|	orig=027 inHg|Local time: 1400|QC flag: low value|Image File: YorkFactory_USSS-314_M1958_1882-02-01_OBS-2.jpg
1882	02	26	21	00	0	0.71	|	orig=021 inHg|Local time: 2100|QC flag: low value|Image File: YorkFactory_USSS-314_M1958_1882-02-01_OBS-2.jpg
1882	02	27	07	00	0	1.02	|	orig=030 inHg|Local time: 0700|QC flag: low value|Image File: YorkFactory_USSS-314_M1958_1882-02-01_OBS-2.jpg
1882	02	27	14	00	0	7.42	|	orig=219 inHg|Local time: 1400|QC flag: none|Image File: YorkFactory_USSS-314_M1958_1882-02-01_OBS-2.jpg
1882	02	27	21	00	0	7.55	|	orig=223 inHg|Local time: 2100|QC flag: none|Image File: YorkFactory_USSS-314_M1958_1882-02-01_OBS-2.jpg
1882	02	28	07	00	0	5.22	|	orig=154 inHg|Local time: 0700|QC flag: low value|Image File: YorkFactory_USSS-314_M1958_1882-02-01_OBS-2.jpg
1882	02	28	14	00	0	5.22	|	orig=154 inHg|Local time: 1400|QC flag: low value|Image File: YorkFactory_USSS-314_M1958_1882-02-01_OBS-2.jpg
1882	02	28	21	00	0	1.66	|	orig=049 inHg|Local time: 2100|QC flag: low value|Image File: YorkFactory_USSS-314_M1958_1882-02-01_OBS-2.jpg
1882	03	01	07	00	0	1.56	|	orig=0.046 inHg|Local time: 0700|QC flag: low value|Image File: YorkFactory_USSS-314_M1958_1882-03-01_OBS-2.jpg
1882	03	01	14	00	0	2.10	|	orig=0.062 inHg|Local time: 1400|QC flag: low value|Image File: YorkFactory_USSS-314_M1958_1882-03-01_OBS-2.jpg
1882	03	01	21	00	0	1.66	|	orig=0.049 inHg|Local time: 2100|QC flag: low value|Image File: YorkFactory_USSS-314_M1958_1882-03-01_OBS-2.jpg
1882	03	02	07	00	0	0.98	|	orig=0.029 inHg|Local time: 0700|QC flag: low value|Image File: YorkFactory_USSS-314_M1958_1882-03-01_OBS-2.jpg
1882	03	02	14	00	0	1.73	|	orig=0.051 inHg|Local time: 1400|QC flag: low value|Image File: YorkFactory_USSS-314_M1958_1882-03-01_OBS-2.jpg
1882	03	02	21	00	0	0.71	|	orig=0.021 inHg|Local time: 2100|QC flag: low value|Image File: YorkFactory_USSS-314_M1958_1882-03-01_OBS-2.jpg
1882	03	03	07	00	0	0.47	|	orig=0.014 inHg|Local time: 0700|QC flag: low value|Image File: YorkFactory_USSS-314_M1958_1882-03-01_OBS-2.jpg
1882	03	03	14	00	0	2.10	|	orig=0.062 inHg|Local time: 1400|QC flag: low value|Image File: YorkFactory_USSS-314_M1958_1882-03-01_OBS-2.jpg
1882	03	03	21	00	0	0.91	|	orig=0.027 inHg|Local time: 2100|QC flag: low value|Image File: YorkFactory_USSS-314_M1958_1882-03-01_OBS-2.jpg
1882	03	04	07	00	0	0.51	|	orig=0.015 inHg|Local time: 0700|QC flag: low value|Image File: YorkFactory_USSS-314_M1958_1882-03-01_OBS-2.jpg
1882	03	04	14	00	0	0.81	|	orig=0.024 inHg|Local time: 1400|QC flag: low value|Image File: YorkFactory_USSS-314_M1958_1882-03-01_OBS-2.jpg
1882	03	04	21	00	0	0.51	|	orig=0.015 inHg|Local time: 2100|QC flag: low value|Image File: YorkFactory_USSS-314_M1958_1882-03-01_OBS-2.jpg
1882	03	05	07	00	0	-999	|	orig=" inHg|Local time: 0700|QC flag: missing|Image File: YorkFactory_USSS-314_M1958_1882-03-01_OBS-2.jpg
1882	03	05	14	00	0	0.81	|	orig=0.024 inHg|Local time: 1400|QC flag: low value|Image File: YorkFactory_USSS-314_M1958_1882-03-01_OBS-2.jpg
1882	03	05	21	00	0	-999	|	orig=" inHg|Local time: 2100|QC flag: missing|Image File: YorkFactory_USSS-314_M1958_1882-03-01_OBS-2.jpg
1882	03	06	07	00	0	-999	|	orig=" inHg|Local time: 0700|QC flag: missing|Image File: YorkFactory_USSS-314_M1958_1882-03-01_OBS-2.jpg
1882	03	06	14	00	0	2.10	|	orig=0.062 inHg|Local time: 1400|QC flag: low value|Image File: YorkFactory_USSS-314_M1958_1882-03-01_OBS-2.jpg
1882	03	06	21	00	0	1.02	|	orig=0.030 inHg|Local time: 2100|QC flag: low value|Image File: YorkFactory_USSS-314_M1958_1882-03-01_OBS-2.jpg
1882	03	07	07	00	0	0.64	|	orig=0.019 inHg|Local time: 0700|QC flag: low value|Image File: YorkFactory_USSS-314_M1958_1882-03-01_OBS-2.jpg
1882	03	07	14	00	0	2.10	|	orig=0.062 inHg|Local time: 1400|QC flag: low value|Image File: YorkFactory_USSS-314_M1958_1882-03-01_OBS-2.jpg
1882	03	07	21	00	0	1.22	|	orig=0.036 inHg|Local time: 2100|QC flag: low value|Image File: YorkFactory_USSS-314_M1958_1882-03-01_OBS-2.jpg
1882	03	08	07	00	0	0.47	|	orig=0.014 inHg|Local time: 0700|QC flag: low value|Image File: YorkFactory_USSS-314_M1958_1882-03-01_OBS-2.jpg
1882	03	08	14	00	0	0.64	|	orig=0.019 inHg|Local time: 1400|QC flag: low value|Image File: YorkFactory_USSS-314_M1958_1882-03-01_OBS-2.jpg
1882	03	08	21	00	0	0.41	|	orig=0.012 inHg|Local time: 2100|QC flag: low value|Image File: YorkFactory_USSS-314_M1958_1882-03-01_OBS-2.jpg
1882	03	09	07	00	0	-999	|	orig=" inHg|Local time: 0700|QC flag: missing|Image File: YorkFactory_USSS-314_M1958_1882-03-01_OBS-2.jpg
1882	03	09	14	00	0	0.41	|	orig=0.012 inHg|Local time: 1400|QC flag: low value|Image File: YorkFactory_USSS-314_M1958_1882-03-01_OBS-2.jpg
1882	03	09	21	00	0	-999	|	orig=" inHg|Local time: 2100|QC flag: missing|Image File: YorkFactory_USSS-314_M1958_1882-03-01_OBS-2.jpg
1882	03	10	07	00	0	-999	|	orig=" inHg|Local time: 0700|QC flag: missing|Image File: YorkFactory_USSS-314_M1958_1882-03-01_OBS-2.jpg
1882	03	10	14	00	0	0.47	|	orig=0.014 inHg|Local time: 1400|QC flag: low value|Image File: YorkFactory_USSS-314_M1958_1882-03-01_OBS-2.jpg
1882	03	10	21	00	0	0.41	|	orig=0.012 inHg|Local time: 2100|QC flag: low value|Image File: YorkFactory_USSS-314_M1958_1882-03-01_OBS-2.jpg
1882	03	11	07	00	0	-999	|	orig=" inHg|Local time: 0700|QC flag: missing|Image File: YorkFactory_USSS-314_M1958_1882-03-01_OBS-2.jpg
1882	03	11	14	00	0	0.58	|	orig=0.017 inHg|Local time: 1400|QC flag: low value|Image File: YorkFactory_USSS-314_M1958_1882-03-01_OBS-2.jpg
1882	03	11	21	00	0	0.41	|	orig=0.012 inHg|Local time: 2100|QC flag: low value|Image File: YorkFactory_USSS-314_M1958_1882-03-01_OBS-2.jpg
1882	03	12	07	00	0	-999	|	orig=" inHg|Local time: 0700|QC flag: missing|Image File: YorkFactory_USSS-314_M1958_1882-03-01_OBS-2.jpg
1882	03	12	14	00	0	0.64	|	orig=0.019 inHg|Local time: 1400|QC flag: low value|Image File: YorkFactory_USSS-314_M1958_1882-03-01_OBS-2.jpg
1882	03	12	21	00	0	0.47	|	orig=0.014 inHg|Local time: 2100|QC flag: low value|Image File: YorkFactory_USSS-314_M1958_1882-03-01_OBS-2.jpg
1882	03	13	07	00	0	-999	|	orig=" inHg|Local time: 0700|QC flag: missing|Image File: YorkFactory_USSS-314_M1958_1882-03-01_OBS-2.jpg
1882	03	13	14	00	0	0.64	|	orig=0.019 inHg|Local time: 1400|QC flag: low value|Image File: YorkFactory_USSS-314_M1958_1882-03-01_OBS-2.jpg
1882	03	13	21	00	0	0.71	|	orig=0.021 inHg|Local time: 2100|QC flag: low value|Image File: YorkFactory_USSS-314_M1958_1882-03-01_OBS-2.jpg
1882	03	14	07	00	0	0.61	|	orig=0.018 inHg|Local time: 0700|QC flag: low value|Image File: YorkFactory_USSS-314_M1958_1882-03-01_OBS-2.jpg
1882	03	14	14	00	0	1.22	|	orig=0.036 inHg|Local time: 1400|QC flag: low value|Image File: YorkFactory_USSS-314_M1958_1882-03-01_OBS-2.jpg
1882	03	14	21	00	0	1.02	|	orig=0.030 inHg|Local time: 2100|QC flag: low value|Image File: YorkFactory_USSS-314_M1958_1882-03-01_OBS-2.jpg
1882	03	15	07	00	0	0.91	|	orig=0.027 inHg|Local time: 0700|QC flag: low value|Image File: YorkFactory_USSS-314_M1958_1882-03-01_OBS-2.jpg
1882	03	15	14	00	0	1.49	|	orig=0.044 inHg|Local time: 1400|QC flag: low value|Image File: YorkFactory_USSS-314_M1958_1882-03-01_OBS-2.jpg
1882	03	15	21	00	0	1.15	|	orig=0.034 inHg|Local time: 2100|QC flag: low value|Image File: YorkFactory_USSS-314_M1958_1882-03-01_OBS-2.jpg
1882	03	16	07	00	0	1.56	|	orig=0.046 inHg|Local time: 0700|QC flag: low value|Image File: YorkFactory_USSS-314_M1958_1882-03-01_OBS-2.jpg
1882	03	16	14	00	0	3.79	|	orig=0.112 inHg|Local time: 1400|QC flag: low value|Image File: YorkFactory_USSS-314_M1958_1882-03-01_OBS-2.jpg
1882	03	16	21	00	0	3.45	|	orig=0.102 inHg|Local time: 2100|QC flag: low value|Image File: YorkFactory_USSS-314_M1958_1882-03-01_OBS-2.jpg
1882	03	17	07	00	0	3.15	|	orig=0.093 inHg|Local time: 0700|QC flag: low value|Image File: YorkFactory_USSS-314_M1958_1882-03-01_OBS-2.jpg
1882	03	17	14	00	0	5.52	|	orig=0.163 inHg|Local time: 1400|QC flag: low value|Image File: YorkFactory_USSS-314_M1958_1882-03-01_OBS-2.jpg
1882	03	17	21	00	0	3.12	|	orig=0.092 inHg|Local time: 2100|QC flag: low value|Image File: YorkFactory_USSS-314_M1958_1882-03-01_OBS-2.jpg
1882	03	18	07	00	0	2.34	|	orig=0.069 inHg|Local time: 0700|QC flag: low value|Image File: YorkFactory_USSS-314_M1958_1882-03-01_OBS-2.jpg
1882	03	18	14	00	0	2.17	|	orig=0.064 inHg|Local time: 1400|QC flag: low value|Image File: YorkFactory_USSS-314_M1958_1882-03-01_OBS-2.jpg
1882	03	18	21	00	0	1.66	|	orig=0.049 inHg|Local time: 2100|QC flag: low value|Image File: YorkFactory_USSS-314_M1958_1882-03-01_OBS-2.jpg
1882	03	19	07	00	0	0.95	|	orig=0.028 inHg|Local time: 0700|QC flag: low value|Image File: YorkFactory_USSS-314_M1958_1882-03-01_OBS-2.jpg
1882	03	19	14	00	0	0.85	|	orig=0.025 inHg|Local time: 1400|QC flag: low value|Image File: YorkFactory_USSS-314_M1958_1882-03-01_OBS-2.jpg
1882	03	19	21	00	0	-999	|	orig=" inHg|Local time: 2100|QC flag: missing|Image File: YorkFactory_USSS-314_M1958_1882-03-01_OBS-2.jpg
1882	03	20	07	00	0	-999	|	orig=" inHg|Local time: 0700|QC flag: missing|Image File: YorkFactory_USSS-314_M1958_1882-03-01_OBS-2.jpg
1882	03	20	14	00	0	0.47	|	orig=0.014 inHg|Local time: 1400|QC flag: low value|Image File: YorkFactory_USSS-314_M1958_1882-03-01_OBS-2.jpg
1882	03	20	21	00	0	0.44	|	orig=0.013 inHg|Local time: 2100|QC flag: low value|Image File: YorkFactory_USSS-314_M1958_1882-03-01_OBS-2.jpg
1882	03	21	07	00	0	-999	|	orig=" inHg|Local time: 0700|QC flag: missing|Image File: YorkFactory_USSS-314_M1958_1882-03-01_OBS-2.jpg
1882	03	21	14	00	0	0.64	|	orig=0.019 inHg|Local time: 1400|QC flag: low value|Image File: YorkFactory_USSS-314_M1958_1882-03-01_OBS-2.jpg
1882	03	21	21	00	0	0.58	|	orig=0.017 inHg|Local time: 2100|QC flag: low value|Image File: YorkFactory_USSS-314_M1958_1882-03-01_OBS-2.jpg
1882	03	22	07	00	0	-999	|	orig=" inHg|Local time: 0700|QC flag: missing|Image File: YorkFactory_USSS-314_M1958_1882-03-01_OBS-2.jpg
1882	03	22	14	00	0	0.68	|	orig=0.020 inHg|Local time: 1400|QC flag: low value|Image File: YorkFactory_USSS-314_M1958_1882-03-01_OBS-2.jpg
1882	03	22	21	00	0	0.64	|	orig=0.019 inHg|Local time: 2100|QC flag: low value|Image File: YorkFactory_USSS-314_M1958_1882-03-01_OBS-2.jpg
1882	03	23	07	00	0	0.58	|	orig=0.017 inHg|Local time: 0700|QC flag: low value|Image File: YorkFactory_USSS-314_M1958_1882-03-01_OBS-2.jpg
1882	03	23	14	00	0	1.08	|	orig=0.032 inHg|Local time: 1400|QC flag: low value|Image File: YorkFactory_USSS-314_M1958_1882-03-01_OBS-2.jpg
1882	03	23	21	00	0	0.81	|	orig=0.024 inHg|Local time: 2100|QC flag: low value|Image File: YorkFactory_USSS-314_M1958_1882-03-01_OBS-2.jpg
1882	03	24	07	00	0	0.68	|	orig=0.020 inHg|Local time: 0700|QC flag: low value|Image File: YorkFactory_USSS-314_M1958_1882-03-01_OBS-2.jpg
1882	03	24	14	00	0	0.61	|	orig=0.018 inHg|Local time: 1400|QC flag: low value|Image File: YorkFactory_USSS-314_M1958_1882-03-01_OBS-2.jpg
1882	03	24	21	00	0	0.47	|	orig=0.014 inHg|Local time: 2100|QC flag: low value|Image File: YorkFactory_USSS-314_M1958_1882-03-01_OBS-2.jpg
1882	03	25	07	00	0	-999	|	orig=" inHg|Local time: 0700|QC flag: missing|Image File: YorkFactory_USSS-314_M1958_1882-03-01_OBS-2.jpg
1882	03	25	14	00	0	0.58	|	orig=0.017 inHg|Local time: 1400|QC flag: low value|Image File: YorkFactory_USSS-314_M1958_1882-03-01_OBS-2.jpg
1882	03	25	21	00	0	0.51	|	orig=0.015 inHg|Local time: 2100|QC flag: low value|Image File: YorkFactory_USSS-314_M1958_1882-03-01_OBS-2.jpg
1882	03	26	07	00	0	-999	|	orig=" inHg|Local time: 0700|QC flag: missing|Image File: YorkFactory_USSS-314_M1958_1882-03-01_OBS-2.jpg
1882	03	26	14	00	0	0.61	|	orig=0.018 inHg|Local time: 1400|QC flag: low value|Image File: YorkFactory_USSS-314_M1958_1882-03-01_OBS-2.jpg
1882	03	26	21	00	0	0.58	|	orig=0.017 inHg|Local time: 2100|QC flag: low value|Image File: YorkFactory_USSS-314_M1958_1882-03-01_OBS-2.jpg
1882	03	27	07	00	0	-999	|	orig=" inHg|Local time: 0700|QC flag: missing|Image File: YorkFactory_USSS-314_M1958_1882-03-01_OBS-2.jpg
1882	03	27	14	00	0	0.64	|	orig=0.019 inHg|Local time: 1400|QC flag: low value|Image File: YorkFactory_USSS-314_M1958_1882-03-01_OBS-2.jpg
1882	03	27	21	00	0	0.71	|	orig=0.021 inHg|Local time: 2100|QC flag: low value|Image File: YorkFactory_USSS-314_M1958_1882-03-01_OBS-2.jpg
1882	03	28	07	00	0	-999	|	orig=" inHg|Local time: 0700|QC flag: missing|Image File: YorkFactory_USSS-314_M1958_1882-03-01_OBS-2.jpg
1882	03	28	14	00	0	0.68	|	orig=0.020 inHg|Local time: 1400|QC flag: low value|Image File: YorkFactory_USSS-314_M1958_1882-03-01_OBS-2.jpg
1882	03	28	21	00	0	0.78	|	orig=0.023 inHg|Local time: 2100|QC flag: low value|Image File: YorkFactory_USSS-314_M1958_1882-03-01_OBS-2.jpg
1882	03	29	07	00	0	0.58	|	orig=0.017 inHg|Local time: 0700|QC flag: low value|Image File: YorkFactory_USSS-314_M1958_1882-03-01_OBS-2.jpg
1882	03	29	14	00	0	1.02	|	orig=0.030 inHg|Local time: 1400|QC flag: low value|Image File: YorkFactory_USSS-314_M1958_1882-03-01_OBS-2.jpg
1882	03	29	21	00	0	0.71	|	orig=0.021 inHg|Local time: 2100|QC flag: low value|Image File: YorkFactory_USSS-314_M1958_1882-03-01_OBS-2.jpg
1882	03	30	07	00	0	-999	|	orig=" inHg|Local time: 0700|QC flag: missing|Image File: YorkFactory_USSS-314_M1958_1882-03-01_OBS-2.jpg
1882	03	30	14	00	0	0.71	|	orig=0.021 inHg|Local time: 1400|QC flag: low value|Image File: YorkFactory_USSS-314_M1958_1882-03-01_OBS-2.jpg
1882	03	30	21	00	0	0.51	|	orig=0.015 inHg|Local time: 2100|QC flag: low value|Image File: YorkFactory_USSS-314_M1958_1882-03-01_OBS-2.jpg
1882	03	31	07	00	0	-999	|	orig=" inHg|Local time: 0700|QC flag: missing|Image File: YorkFactory_USSS-314_M1958_1882-03-01_OBS-2.jpg
1882	03	31	14	00	0	0.81	|	orig=0.024 inHg|Local time: 1400|QC flag: low value|Image File: YorkFactory_USSS-314_M1958_1882-03-01_OBS-2.jpg
1882	03	31	21	00	0	0.78	|	orig=0.023 inHg|Local time: 2100|QC flag: low value|Image File: YorkFactory_USSS-314_M1958_1882-03-01_OBS-2.jpg
1882	04	01	07	00	0	0.47	|	orig=.014 inHg|Local time: 0700|QC flag: low value|Image File: YorkFactory_USSS-314_M1958_1882-04-01_OBS-2.jpg
1882	04	01	14	00	0	1.22	|	orig=.036 inHg|Local time: 1400|QC flag: low value|Image File: YorkFactory_USSS-314_M1958_1882-04-01_OBS-2.jpg
1882	04	01	21	00	0	1.02	|	orig=.030 inHg|Local time: 2100|QC flag: low value|Image File: YorkFactory_USSS-314_M1958_1882-04-01_OBS-2.jpg
1882	04	02	07	00	0	0.61	|	orig=.018 inHg|Local time: 0700|QC flag: low value|Image File: YorkFactory_USSS-314_M1958_1882-04-01_OBS-2.jpg
1882	04	02	14	00	0	1.22	|	orig=.036 inHg|Local time: 1400|QC flag: low value|Image File: YorkFactory_USSS-314_M1958_1882-04-01_OBS-2.jpg
1882	04	02	21	00	0	0.91	|	orig=.027 inHg|Local time: 2100|QC flag: low value|Image File: YorkFactory_USSS-314_M1958_1882-04-01_OBS-2.jpg
1882	04	03	07	00	0	0.81	|	orig=.024 inHg|Local time: 0700|QC flag: low value|Image File: YorkFactory_USSS-314_M1958_1882-04-01_OBS-2.jpg
1882	04	03	14	00	0	2.57	|	orig=.076 inHg|Local time: 1400|QC flag: low value|Image File: YorkFactory_USSS-314_M1958_1882-04-01_OBS-2.jpg
1882	04	03	21	00	0	1.42	|	orig=.042 inHg|Local time: 2100|QC flag: low value|Image File: YorkFactory_USSS-314_M1958_1882-04-01_OBS-2.jpg
1882	04	04	07	00	0	0.71	|	orig=.021 inHg|Local time: 0700|QC flag: low value|Image File: YorkFactory_USSS-314_M1958_1882-04-01_OBS-2.jpg
1882	04	04	14	00	0	2.98	|	orig=.088 inHg|Local time: 1400|QC flag: low value|Image File: YorkFactory_USSS-314_M1958_1882-04-01_OBS-2.jpg
1882	04	04	21	00	0	2.44	|	orig=.072 inHg|Local time: 2100|QC flag: low value|Image File: YorkFactory_USSS-314_M1958_1882-04-01_OBS-2.jpg
1882	04	05	07	00	0	0.64	|	orig=.019 inHg|Local time: 0700|QC flag: low value|Image File: YorkFactory_USSS-314_M1958_1882-04-01_OBS-2.jpg
1882	04	05	14	00	0	3.79	|	orig=.112 inHg|Local time: 1400|QC flag: low value|Image File: YorkFactory_USSS-314_M1958_1882-04-01_OBS-2.jpg
1882	04	05	21	00	0	2.57	|	orig=.076 inHg|Local time: 2100|QC flag: low value|Image File: YorkFactory_USSS-314_M1958_1882-04-01_OBS-2.jpg
1882	04	06	07	00	0	1.35	|	orig=.040 inHg|Local time: 0700|QC flag: low value|Image File: YorkFactory_USSS-314_M1958_1882-04-01_OBS-2.jpg
1882	04	06	14	00	0	5.69	|	orig=168 inHg|Local time: 1400|QC flag: low value|Image File: YorkFactory_USSS-314_M1958_1882-04-01_OBS-2.jpg
1882	04	06	21	00	0	5.01	|	orig=.148 inHg|Local time: 2100|QC flag: low value|Image File: YorkFactory_USSS-314_M1958_1882-04-01_OBS-2.jpg
1882	04	07	07	00	0	1.56	|	orig=.046 inHg|Local time: 0700|QC flag: low value|Image File: YorkFactory_USSS-314_M1958_1882-04-01_OBS-2.jpg
1882	04	07	14	00	0	3.79	|	orig=.112 inHg|Local time: 1400|QC flag: low value|Image File: YorkFactory_USSS-314_M1958_1882-04-01_OBS-2.jpg
1882	04	07	21	00	0	2.84	|	orig=.084 inHg|Local time: 2100|QC flag: low value|Image File: YorkFactory_USSS-314_M1958_1882-04-01_OBS-2.jpg
1882	04	08	07	00	0	1.15	|	orig=.034 inHg|Local time: 0700|QC flag: low value|Image File: YorkFactory_USSS-314_M1958_1882-04-01_OBS-2.jpg
1882	04	08	14	00	0	2.71	|	orig=.080 inHg|Local time: 1400|QC flag: low value|Image File: YorkFactory_USSS-314_M1958_1882-04-01_OBS-2.jpg
1882	04	08	21	00	0	1.93	|	orig=.057 inHg|Local time: 2100|QC flag: low value|Image File: YorkFactory_USSS-314_M1958_1882-04-01_OBS-2.jpg
1882	04	09	07	00	0	1.22	|	orig=.036 inHg|Local time: 0700|QC flag: low value|Image File: YorkFactory_USSS-314_M1958_1882-04-01_OBS-2.jpg
1882	04	09	14	00	0	5.22	|	orig=154 inHg|Local time: 1400|QC flag: low value|Image File: YorkFactory_USSS-314_M1958_1882-04-01_OBS-2.jpg
1882	04	09	21	00	0	4.77	|	orig=.141 inHg|Local time: 2100|QC flag: low value|Image File: YorkFactory_USSS-314_M1958_1882-04-01_OBS-2.jpg
1882	04	10	07	00	0	2.57	|	orig=.076 inHg|Local time: 0700|QC flag: low value|Image File: YorkFactory_USSS-314_M1958_1882-04-01_OBS-2.jpg
1882	04	10	14	00	0	5.69	|	orig=168 inHg|Local time: 1400|QC flag: low value|Image File: YorkFactory_USSS-314_M1958_1882-04-01_OBS-2.jpg
1882	04	10	21	00	0	4.57	|	orig=.135 inHg|Local time: 2100|QC flag: low value|Image File: YorkFactory_USSS-314_M1958_1882-04-01_OBS-2.jpg
1882	04	11	07	00	0	1.93	|	orig=.057 inHg|Local time: 0700|QC flag: low value|Image File: YorkFactory_USSS-314_M1958_1882-04-01_OBS-2.jpg
1882	04	11	14	00	0	2.98	|	orig=.088 inHg|Local time: 1400|QC flag: low value|Image File: YorkFactory_USSS-314_M1958_1882-04-01_OBS-2.jpg
1882	04	11	21	00	0	2.00	|	orig=.059 inHg|Local time: 2100|QC flag: low value|Image File: YorkFactory_USSS-314_M1958_1882-04-01_OBS-2.jpg
1882	04	12	07	00	0	1.42	|	orig=.042 inHg|Local time: 0700|QC flag: low value|Image File: YorkFactory_USSS-314_M1958_1882-04-01_OBS-2.jpg
1882	04	12	14	00	0	4.57	|	orig=.135 inHg|Local time: 1400|QC flag: low value|Image File: YorkFactory_USSS-314_M1958_1882-04-01_OBS-2.jpg
1882	04	12	21	00	0	3.15	|	orig=.093 inHg|Local time: 2100|QC flag: low value|Image File: YorkFactory_USSS-314_M1958_1882-04-01_OBS-2.jpg
1882	04	13	07	00	0	1.22	|	orig=.036 inHg|Local time: 0700|QC flag: low value|Image File: YorkFactory_USSS-314_M1958_1882-04-01_OBS-2.jpg
1882	04	13	14	00	0	2.34	|	orig=.069 inHg|Local time: 1400|QC flag: low value|Image File: YorkFactory_USSS-314_M1958_1882-04-01_OBS-2.jpg
1882	04	13	21	00	0	2.10	|	orig=.062 inHg|Local time: 2100|QC flag: low value|Image File: YorkFactory_USSS-314_M1958_1882-04-01_OBS-2.jpg
1882	04	14	07	00	0	0.91	|	orig=.027 inHg|Local time: 0700|QC flag: low value|Image File: YorkFactory_USSS-314_M1958_1882-04-01_OBS-2.jpg
1882	04	14	14	00	0	5.69	|	orig=.168 inHg|Local time: 1400|QC flag: low value|Image File: YorkFactory_USSS-314_M1958_1882-04-01_OBS-2.jpg
1882	04	14	21	00	0	5.01	|	orig=.148 inHg|Local time: 2100|QC flag: low value|Image File: YorkFactory_USSS-314_M1958_1882-04-01_OBS-2.jpg
1882	04	15	07	00	0	2.98	|	orig=.088 inHg|Local time: 0700|QC flag: low value|Image File: YorkFactory_USSS-314_M1958_1882-04-01_OBS-2.jpg
1882	04	15	14	00	0	5.45	|	orig=.161 inHg|Local time: 1400|QC flag: low value|Image File: YorkFactory_USSS-314_M1958_1882-04-01_OBS-2.jpg
1882	04	15	21	00	0	5.22	|	orig=.154 inHg|Local time: 2100|QC flag: low value|Image File: YorkFactory_USSS-314_M1958_1882-04-01_OBS-2.jpg
1882	04	16	07	00	0	2.57	|	orig=.076 inHg|Local time: 0700|QC flag: low value|Image File: YorkFactory_USSS-314_M1958_1882-04-01_OBS-2.jpg
1882	04	16	14	00	0	5.01	|	orig=.148 inHg|Local time: 1400|QC flag: low value|Image File: YorkFactory_USSS-314_M1958_1882-04-01_OBS-2.jpg
1882	04	16	21	00	0	4.37	|	orig=.129 inHg|Local time: 2100|QC flag: low value|Image File: YorkFactory_USSS-314_M1958_1882-04-01_OBS-2.jpg
1882	04	17	07	00	0	2.98	|	orig=.088 inHg|Local time: 0700|QC flag: low value|Image File: YorkFactory_USSS-314_M1958_1882-04-01_OBS-2.jpg
1882	04	17	14	00	0	5.93	|	orig=.175 inHg|Local time: 1400|QC flag: low value|Image File: YorkFactory_USSS-314_M1958_1882-04-01_OBS-2.jpg
1882	04	17	21	00	0	5.22	|	orig=.154 inHg|Local time: 2100|QC flag: low value|Image File: YorkFactory_USSS-314_M1958_1882-04-01_OBS-2.jpg
1882	04	18	07	00	0	3.15	|	orig=.093 inHg|Local time: 0700|QC flag: low value|Image File: YorkFactory_USSS-314_M1958_1882-04-01_OBS-2.jpg
1882	04	18	14	00	0	6.33	|	orig=.187 inHg|Local time: 1400|QC flag: low value|Image File: YorkFactory_USSS-314_M1958_1882-04-01_OBS-2.jpg
1882	04	18	21	00	0	5.69	|	orig=.168 inHg|Local time: 2100|QC flag: low value|Image File: YorkFactory_USSS-314_M1958_1882-04-01_OBS-2.jpg
1882	04	19	07	00	0	2.84	|	orig=.084 inHg|Local time: 0700|QC flag: low value|Image File: YorkFactory_USSS-314_M1958_1882-04-01_OBS-2.jpg
1882	04	19	14	00	0	6.23	|	orig=.184 inHg|Local time: 1400|QC flag: low value|Image File: YorkFactory_USSS-314_M1958_1882-04-01_OBS-2.jpg
1882	04	19	21	00	0	6.16	|	orig=.182 inHg|Local time: 2100|QC flag: low value|Image File: YorkFactory_USSS-314_M1958_1882-04-01_OBS-2.jpg
1882	04	20	07	00	0	4.17	|	orig=.123 inHg|Local time: 0700|QC flag: low value|Image File: YorkFactory_USSS-314_M1958_1882-04-01_OBS-2.jpg
1882	04	20	14	00	0	5.96	|	orig=.176 inHg|Local time: 1400|QC flag: low value|Image File: YorkFactory_USSS-314_M1958_1882-04-01_OBS-2.jpg
1882	04	20	21	00	0	5.69	|	orig=.168 inHg|Local time: 2100|QC flag: low value|Image File: YorkFactory_USSS-314_M1958_1882-04-01_OBS-2.jpg
1882	04	21	07	00	0	4.00	|	orig=.118 inHg|Local time: 0700|QC flag: low value|Image File: YorkFactory_USSS-314_M1958_1882-04-01_OBS-2.jpg
1882	04	21	14	00	0	6.16	|	orig=.182 inHg|Local time: 1400|QC flag: low value|Image File: YorkFactory_USSS-314_M1958_1882-04-01_OBS-2.jpg
1882	04	21	21	00	0	5.69	|	orig=.168 inHg|Local time: 2100|QC flag: low value|Image File: YorkFactory_USSS-314_M1958_1882-04-01_OBS-2.jpg
1882	04	22	07	00	0	3.62	|	orig=.107 inHg|Local time: 0700|QC flag: low value|Image File: YorkFactory_USSS-314_M1958_1882-04-01_OBS-2.jpg
1882	04	22	14	00	0	5.72	|	orig=.169 inHg|Local time: 1400|QC flag: low value|Image File: YorkFactory_USSS-314_M1958_1882-04-01_OBS-2.jpg
1882	04	22	21	00	0	5.45	|	orig=.161 inHg|Local time: 2100|QC flag: low value|Image File: YorkFactory_USSS-314_M1958_1882-04-01_OBS-2.jpg
1882	04	23	07	00	0	3.62	|	orig=.107 inHg|Local time: 0700|QC flag: low value|Image File: YorkFactory_USSS-314_M1958_1882-04-01_OBS-2.jpg
1882	04	23	14	00	0	6.33	|	orig=.187 inHg|Local time: 1400|QC flag: low value|Image File: YorkFactory_USSS-314_M1958_1882-04-01_OBS-2.jpg
1882	04	23	21	00	0	5.45	|	orig=.161 inHg|Local time: 2100|QC flag: low value|Image File: YorkFactory_USSS-314_M1958_1882-04-01_OBS-2.jpg
1882	04	24	07	00	0	4.00	|	orig=.118 inHg|Local time: 0700|QC flag: low value|Image File: YorkFactory_USSS-314_M1958_1882-04-01_OBS-2.jpg
1882	04	24	14	00	0	6.81	|	orig=.201 inHg|Local time: 1400|QC flag: none|Image File: YorkFactory_USSS-314_M1958_1882-04-01_OBS-2.jpg
1882	04	24	21	00	0	6.16	|	orig=.182 inHg|Local time: 2100|QC flag: low value|Image File: YorkFactory_USSS-314_M1958_1882-04-01_OBS-2.jpg
1882	04	25	07	00	0	3.15	|	orig=.093 inHg|Local time: 0700|QC flag: low value|Image File: YorkFactory_USSS-314_M1958_1882-04-01_OBS-2.jpg
1882	04	25	14	00	0	6.23	|	orig=.184 inHg|Local time: 1400|QC flag: low value|Image File: YorkFactory_USSS-314_M1958_1882-04-01_OBS-2.jpg
1882	04	25	21	00	0	5.69	|	orig=.168 inHg|Local time: 2100|QC flag: low value|Image File: YorkFactory_USSS-314_M1958_1882-04-01_OBS-2.jpg
1882	04	26	07	00	0	2.10	|	orig=.062 inHg|Local time: 0700|QC flag: low value|Image File: YorkFactory_USSS-314_M1958_1882-04-01_OBS-2.jpg
1882	04	26	14	00	0	5.22	|	orig=.154 inHg|Local time: 1400|QC flag: low value|Image File: YorkFactory_USSS-314_M1958_1882-04-01_OBS-2.jpg
1882	04	26	21	00	0	3.79	|	orig=.112 inHg|Local time: 2100|QC flag: low value|Image File: YorkFactory_USSS-314_M1958_1882-04-01_OBS-2.jpg
1882	04	27	07	00	0	2.24	|	orig=.066 inHg|Local time: 0700|QC flag: low value|Image File: YorkFactory_USSS-314_M1958_1882-04-01_OBS-2.jpg
1882	04	27	14	00	0	4.77	|	orig=.141 inHg|Local time: 1400|QC flag: low value|Image File: YorkFactory_USSS-314_M1958_1882-04-01_OBS-2.jpg
1882	04	27	21	00	0	4.37	|	orig=.129 inHg|Local time: 2100|QC flag: low value|Image File: YorkFactory_USSS-314_M1958_1882-04-01_OBS-2.jpg
1882	04	28	07	00	0	2.00	|	orig=.059 inHg|Local time: 0700|QC flag: low value|Image File: YorkFactory_USSS-314_M1958_1882-04-01_OBS-2.jpg
1882	04	28	14	00	0	4.57	|	orig=.135 inHg|Local time: 1400|QC flag: low value|Image File: YorkFactory_USSS-314_M1958_1882-04-01_OBS-2.jpg
1882	04	28	21	00	0	4.17	|	orig=.123 inHg|Local time: 2100|QC flag: low value|Image File: YorkFactory_USSS-314_M1958_1882-04-01_OBS-2.jpg
1882	04	29	07	00	0	4.00	|	orig=.118 inHg|Local time: 0700|QC flag: low value|Image File: YorkFactory_USSS-314_M1958_1882-04-01_OBS-2.jpg
1882	04	29	14	00	0	5.93	|	orig=.175 inHg|Local time: 1400|QC flag: low value|Image File: YorkFactory_USSS-314_M1958_1882-04-01_OBS-2.jpg
1882	04	29	21	00	0	5.69	|	orig=.168 inHg|Local time: 2100|QC flag: low value|Image File: YorkFactory_USSS-314_M1958_1882-04-01_OBS-2.jpg
1882	04	30	07	00	0	2.84	|	orig=.084 inHg|Local time: 0700|QC flag: low value|Image File: YorkFactory_USSS-314_M1958_1882-04-01_OBS-2.jpg
1882	04	30	14	00	0	2.34	|	orig=.069 inHg|Local time: 1400|QC flag: low value|Image File: YorkFactory_USSS-314_M1958_1882-04-01_OBS-2.jpg
1882	04	30	21	00	0	1.93	|	orig=.057 inHg|Local time: 2100|QC flag: low value|Image File: YorkFactory_USSS-314_M1958_1882-04-01_OBS-2.jpg
1882	05	01	07	00	0	1.73	|	orig=051 inHg|Local time: 0700|QC flag: low value|Image File: YorkFactory_USSS-314_M1958_1882-05-01_OBS-2.jpg
1882	05	01	14	00	0	1.66	|	orig=049 inHg|Local time: 1400|QC flag: low value|Image File: YorkFactory_USSS-314_M1958_1882-05-01_OBS-2.jpg
1882	05	01	21	00	0	2.57	|	orig=076 inHg|Local time: 2100|QC flag: low value|Image File: YorkFactory_USSS-314_M1958_1882-05-01_OBS-2.jpg
1882	05	02	07	00	0	4.88	|	orig=144 inHg|Local time: 0700|QC flag: low value|Image File: YorkFactory_USSS-314_M1958_1882-05-01_OBS-2.jpg
1882	05	02	14	00	0	3.76	|	orig=111 inHg|Local time: 1400|QC flag: low value|Image File: YorkFactory_USSS-314_M1958_1882-05-01_OBS-2.jpg
1882	05	02	21	00	0	2.57	|	orig=076 inHg|Local time: 2100|QC flag: low value|Image File: YorkFactory_USSS-314_M1958_1882-05-01_OBS-2.jpg
1882	05	03	07	00	0	1.66	|	orig=049 inHg|Local time: 0700|QC flag: low value|Image File: YorkFactory_USSS-314_M1958_1882-05-01_OBS-2.jpg
1882	05	03	14	00	0	3.15	|	orig=093 inHg|Local time: 1400|QC flag: low value|Image File: YorkFactory_USSS-314_M1958_1882-05-01_OBS-2.jpg
1882	05	03	21	00	0	2.10	|	orig=062 inHg|Local time: 2100|QC flag: low value|Image File: YorkFactory_USSS-314_M1958_1882-05-01_OBS-2.jpg
1882	05	04	07	00	0	1.49	|	orig=044 inHg|Local time: 0700|QC flag: low value|Image File: YorkFactory_USSS-314_M1958_1882-05-01_OBS-2.jpg
1882	05	04	14	00	0	4.77	|	orig=141 inHg|Local time: 1400|QC flag: low value|Image File: YorkFactory_USSS-314_M1958_1882-05-01_OBS-2.jpg
1882	05	04	21	00	0	2.71	|	orig=080 inHg|Local time: 2100|QC flag: low value|Image File: YorkFactory_USSS-314_M1958_1882-05-01_OBS-2.jpg
1882	05	05	07	00	0	2.71	|	orig=080 inHg|Local time: 0700|QC flag: low value|Image File: YorkFactory_USSS-314_M1958_1882-05-01_OBS-2.jpg
1882	05	05	14	00	0	7.28	|	orig=215 inHg|Local time: 1400|QC flag: none|Image File: YorkFactory_USSS-314_M1958_1882-05-01_OBS-2.jpg
1882	05	05	21	00	0	7.42	|	orig=219 inHg|Local time: 2100|QC flag: none|Image File: YorkFactory_USSS-314_M1958_1882-05-01_OBS-2.jpg
1882	05	06	07	00	0	7.86	|	orig=232 inHg|Local time: 0700|QC flag: none|Image File: YorkFactory_USSS-314_M1958_1882-05-01_OBS-2.jpg
1882	05	06	14	00	0	11.11	|	orig=328 inHg|Local time: 1400|QC flag: none|Image File: YorkFactory_USSS-314_M1958_1882-05-01_OBS-2.jpg
1882	05	06	21	00	0	8.36	|	orig=247 inHg|Local time: 2100|QC flag: none|Image File: YorkFactory_USSS-314_M1958_1882-05-01_OBS-2.jpg
1882	05	07	07	00	0	5.22	|	orig=154 inHg|Local time: 0700|QC flag: low value|Image File: YorkFactory_USSS-314_M1958_1882-05-01_OBS-2.jpg
1882	05	07	14	00	0	6.94	|	orig=205 inHg|Local time: 1400|QC flag: none|Image File: YorkFactory_USSS-314_M1958_1882-05-01_OBS-2.jpg
1882	05	07	21	00	0	5.93	|	orig=175 inHg|Local time: 2100|QC flag: low value|Image File: YorkFactory_USSS-314_M1958_1882-05-01_OBS-2.jpg
1882	05	08	07	00	0	5.93	|	orig=175 inHg|Local time: 0700|QC flag: low value|Image File: YorkFactory_USSS-314_M1958_1882-05-01_OBS-2.jpg
1882	05	08	14	00	0	6.94	|	orig=205 inHg|Local time: 1400|QC flag: none|Image File: YorkFactory_USSS-314_M1958_1882-05-01_OBS-2.jpg
1882	05	08	21	00	0	6.40	|	orig=189 inHg|Local time: 2100|QC flag: low value|Image File: YorkFactory_USSS-314_M1958_1882-05-01_OBS-2.jpg
1882	05	09	07	00	0	5.93	|	orig=175 inHg|Local time: 0700|QC flag: low value|Image File: YorkFactory_USSS-314_M1958_1882-05-01_OBS-2.jpg
1882	05	09	14	00	0	8.36	|	orig=247 inHg|Local time: 1400|QC flag: none|Image File: YorkFactory_USSS-314_M1958_1882-05-01_OBS-2.jpg
1882	05	09	21	00	0	6.94	|	orig=205 inHg|Local time: 2100|QC flag: none|Image File: YorkFactory_USSS-314_M1958_1882-05-01_OBS-2.jpg
1882	05	10	07	00	0	5.69	|	orig=168 inHg|Local time: 0700|QC flag: low value|Image File: YorkFactory_USSS-314_M1958_1882-05-01_OBS-2.jpg
1882	05	10	14	00	0	9.85	|	orig=291 inHg|Local time: 1400|QC flag: none|Image File: YorkFactory_USSS-314_M1958_1882-05-01_OBS-2.jpg
1882	05	10	21	00	0	8.80	|	orig=260 inHg|Local time: 2100|QC flag: none|Image File: YorkFactory_USSS-314_M1958_1882-05-01_OBS-2.jpg
1882	05	11	07	00	0	6.16	|	orig=182 inHg|Local time: 0700|QC flag: low value|Image File: YorkFactory_USSS-314_M1958_1882-05-01_OBS-2.jpg
1882	05	11	14	00	0	12.02	|	orig=355 inHg|Local time: 1400|QC flag: none|Image File: YorkFactory_USSS-314_M1958_1882-05-01_OBS-2.jpg
1882	05	11	21	00	0	9.48	|	orig=280 inHg|Local time: 2100|QC flag: none|Image File: YorkFactory_USSS-314_M1958_1882-05-01_OBS-2.jpg
1882	05	12	07	00	0	6.40	|	orig=189 inHg|Local time: 0700|QC flag: low value|Image File: YorkFactory_USSS-314_M1958_1882-05-01_OBS-2.jpg
1882	05	12	14	00	0	14.32	|	orig=423 inHg|Local time: 1400|QC flag: none|Image File: YorkFactory_USSS-314_M1958_1882-05-01_OBS-2.jpg
1882	05	12	21	00	0	12.53	|	orig=370 inHg|Local time: 2100|QC flag: none|Image File: YorkFactory_USSS-314_M1958_1882-05-01_OBS-2.jpg
1882	05	13	07	00	0	10.70	|	orig=316 inHg|Local time: 0700|QC flag: none|Image File: YorkFactory_USSS-314_M1958_1882-05-01_OBS-2.jpg
1882	05	13	14	00	0	14.76	|	orig=436 inHg|Local time: 1400|QC flag: none|Image File: YorkFactory_USSS-314_M1958_1882-05-01_OBS-2.jpg
1882	05	13	21	00	0	12.46	|	orig=368 inHg|Local time: 2100|QC flag: none|Image File: YorkFactory_USSS-314_M1958_1882-05-01_OBS-2.jpg
1882	05	14	07	00	0	10.70	|	orig=316 inHg|Local time: 0700|QC flag: none|Image File: YorkFactory_USSS-314_M1958_1882-05-01_OBS-2.jpg
1882	05	14	14	00	0	17.03	|	orig=503 inHg|Local time: 1400|QC flag: none|Image File: YorkFactory_USSS-314_M1958_1882-05-01_OBS-2.jpg
1882	05	14	21	00	0	11.55	|	orig=341 inHg|Local time: 2100|QC flag: none|Image File: YorkFactory_USSS-314_M1958_1882-05-01_OBS-2.jpg
1882	05	15	07	00	0	11.55	|	orig=341 inHg|Local time: 0700|QC flag: none|Image File: YorkFactory_USSS-314_M1958_1882-05-01_OBS-2.jpg
1882	05	15	14	00	0	15.51	|	orig=458 inHg|Local time: 1400|QC flag: none|Image File: YorkFactory_USSS-314_M1958_1882-05-01_OBS-2.jpg
1882	05	15	21	00	0	16.25	|	orig=480 inHg|Local time: 2100|QC flag: none|Image File: YorkFactory_USSS-314_M1958_1882-05-01_OBS-2.jpg
1882	05	16	07	00	0	13.92	|	orig=411 inHg|Local time: 0700|QC flag: none|Image File: YorkFactory_USSS-314_M1958_1882-05-01_OBS-2.jpg
1882	05	16	14	00	0	15.51	|	orig=458 inHg|Local time: 1400|QC flag: none|Image File: YorkFactory_USSS-314_M1958_1882-05-01_OBS-2.jpg
1882	05	16	21	00	0	13.99	|	orig=413 inHg|Local time: 2100|QC flag: none|Image File: YorkFactory_USSS-314_M1958_1882-05-01_OBS-2.jpg
1882	05	17	07	00	0	11.99	|	orig=354 inHg|Local time: 0700|QC flag: none|Image File: YorkFactory_USSS-314_M1958_1882-05-01_OBS-2.jpg
1882	05	17	14	00	0	21.88	|	orig=646 inHg|Local time: 1400|QC flag: none|Image File: YorkFactory_USSS-314_M1958_1882-05-01_OBS-2.jpg
1882	05	17	21	00	0	18.35	|	orig=542 inHg|Local time: 2100|QC flag: none|Image File: YorkFactory_USSS-314_M1958_1882-05-01_OBS-2.jpg
1882	05	18	07	00	0	10.70	|	orig=316 inHg|Local time: 0700|QC flag: none|Image File: YorkFactory_USSS-314_M1958_1882-05-01_OBS-2.jpg
1882	05	18	14	00	0	13.99	|	orig=413 inHg|Local time: 1400|QC flag: none|Image File: YorkFactory_USSS-314_M1958_1882-05-01_OBS-2.jpg
1882	05	18	21	00	0	11.99	|	orig=354 inHg|Local time: 2100|QC flag: none|Image File: YorkFactory_USSS-314_M1958_1882-05-01_OBS-2.jpg
1882	05	19	07	00	0	10.70	|	orig=316 inHg|Local time: 0700|QC flag: none|Image File: YorkFactory_USSS-314_M1958_1882-05-01_OBS-2.jpg
1882	05	19	14	00	0	8.16	|	orig=241 inHg|Local time: 1400|QC flag: none|Image File: YorkFactory_USSS-314_M1958_1882-05-01_OBS-2.jpg
1882	05	19	21	00	0	5.93	|	orig=175 inHg|Local time: 2100|QC flag: low value|Image File: YorkFactory_USSS-314_M1958_1882-05-01_OBS-2.jpg
1882	05	20	07	00	0	4.57	|	orig=135 inHg|Local time: 0700|QC flag: low value|Image File: YorkFactory_USSS-314_M1958_1882-05-01_OBS-2.jpg
1882	05	20	14	00	0	4.67	|	orig=138 inHg|Local time: 1400|QC flag: low value|Image File: YorkFactory_USSS-314_M1958_1882-05-01_OBS-2.jpg
1882	05	20	21	00	0	3.89	|	orig=115 inHg|Local time: 2100|QC flag: low value|Image File: YorkFactory_USSS-314_M1958_1882-05-01_OBS-2.jpg
1882	05	21	07	00	0	3.73	|	orig=110 inHg|Local time: 0700|QC flag: low value|Image File: YorkFactory_USSS-314_M1958_1882-05-01_OBS-2.jpg
1882	05	21	14	00	0	3.39	|	orig=100 inHg|Local time: 1400|QC flag: low value|Image File: YorkFactory_USSS-314_M1958_1882-05-01_OBS-2.jpg
1882	05	21	21	00	0	3.12	|	orig=092 inHg|Local time: 2100|QC flag: low value|Image File: YorkFactory_USSS-314_M1958_1882-05-01_OBS-2.jpg
1882	05	22	07	00	0	2.84	|	orig=.084 inHg|Local time: 0700|QC flag: low value|Image File: YorkFactory_USSS-314_M1958_1882-05-01_OBS-2.jpg
1882	05	22	14	00	0	3.15	|	orig=093 inHg|Local time: 1400|QC flag: low value|Image File: YorkFactory_USSS-314_M1958_1882-05-01_OBS-2.jpg
1882	05	22	21	00	0	2.98	|	orig=088 inHg|Local time: 2100|QC flag: low value|Image File: YorkFactory_USSS-314_M1958_1882-05-01_OBS-2.jpg
1882	05	23	07	00	0	2.44	|	orig=.072 inHg|Local time: 0700|QC flag: low value|Image File: YorkFactory_USSS-314_M1958_1882-05-01_OBS-2.jpg
1882	05	23	14	00	0	4.57	|	orig=135 inHg|Local time: 1400|QC flag: low value|Image File: YorkFactory_USSS-314_M1958_1882-05-01_OBS-2.jpg
1882	05	23	21	00	0	4.37	|	orig=129 inHg|Local time: 2100|QC flag: low value|Image File: YorkFactory_USSS-314_M1958_1882-05-01_OBS-2.jpg
1882	05	24	07	00	0	4.17	|	orig=123 inHg|Local time: 0700|QC flag: low value|Image File: YorkFactory_USSS-314_M1958_1882-05-01_OBS-2.jpg
1882	05	24	14	00	0	6.23	|	orig=184 inHg|Local time: 1400|QC flag: low value|Image File: YorkFactory_USSS-314_M1958_1882-05-01_OBS-2.jpg
1882	05	24	21	00	0	6.67	|	orig=197 inHg|Local time: 2100|QC flag: low value|Image File: YorkFactory_USSS-314_M1958_1882-05-01_OBS-2.jpg
1882	05	25	07	00	0	4.37	|	orig=129 inHg|Local time: 0700|QC flag: low value|Image File: YorkFactory_USSS-314_M1958_1882-05-01_OBS-2.jpg
1882	05	25	14	00	0	6.81	|	orig=201 inHg|Local time: 1400|QC flag: none|Image File: YorkFactory_USSS-314_M1958_1882-05-01_OBS-2.jpg
1882	05	25	21	00	0	6.40	|	orig=189 inHg|Local time: 2100|QC flag: low value|Image File: YorkFactory_USSS-314_M1958_1882-05-01_OBS-2.jpg
1882	05	26	07	00	0	4.57	|	orig=135 inHg|Local time: 0700|QC flag: low value|Image File: YorkFactory_USSS-314_M1958_1882-05-01_OBS-2.jpg
1882	05	26	14	00	0	6.23	|	orig=184 inHg|Local time: 1400|QC flag: low value|Image File: YorkFactory_USSS-314_M1958_1882-05-01_OBS-2.jpg
1882	05	26	21	00	0	5.69	|	orig=168 inHg|Local time: 2100|QC flag: low value|Image File: YorkFactory_USSS-314_M1958_1882-05-01_OBS-2.jpg
1882	05	27	07	00	0	5.69	|	orig=168 inHg|Local time: 0700|QC flag: low value|Image File: YorkFactory_USSS-314_M1958_1882-05-01_OBS-2.jpg
1882	05	27	14	00	0	6.81	|	orig=201 inHg|Local time: 1400|QC flag: none|Image File: YorkFactory_USSS-314_M1958_1882-05-01_OBS-2.jpg
1882	05	27	21	00	0	6.16	|	orig=182 inHg|Local time: 2100|QC flag: low value|Image File: YorkFactory_USSS-314_M1958_1882-05-01_OBS-2.jpg
1882	05	28	07	00	0	5.45	|	orig=161 inHg|Local time: 0700|QC flag: low value|Image File: YorkFactory_USSS-314_M1958_1882-05-01_OBS-2.jpg
1882	05	28	14	00	0	6.40	|	orig=189 inHg|Local time: 1400|QC flag: low value|Image File: YorkFactory_USSS-314_M1958_1882-05-01_OBS-2.jpg
1882	05	28	21	00	0	5.93	|	orig=175 inHg|Local time: 2100|QC flag: low value|Image File: YorkFactory_USSS-314_M1958_1882-05-01_OBS-2.jpg
1882	05	29	07	00	0	5.22	|	orig=154 inHg|Local time: 0700|QC flag: low value|Image File: YorkFactory_USSS-314_M1958_1882-05-01_OBS-2.jpg
1882	05	29	14	00	0	6.67	|	orig=197 inHg|Local time: 1400|QC flag: low value|Image File: YorkFactory_USSS-314_M1958_1882-05-01_OBS-2.jpg
1882	05	29	21	00	0	6.16	|	orig=182 inHg|Local time: 2100|QC flag: low value|Image File: YorkFactory_USSS-314_M1958_1882-05-01_OBS-2.jpg
1882	05	30	07	00	0	5.45	|	orig=161 inHg|Local time: 0700|QC flag: low value|Image File: YorkFactory_USSS-314_M1958_1882-05-01_OBS-2.jpg
1882	05	30	14	00	0	6.94	|	orig=205 inHg|Local time: 1400|QC flag: none|Image File: YorkFactory_USSS-314_M1958_1882-05-01_OBS-2.jpg
1882	05	30	21	00	0	6.50	|	orig=192 inHg|Local time: 2100|QC flag: low value|Image File: YorkFactory_USSS-314_M1958_1882-05-01_OBS-2.jpg
1882	05	31	07	00	0	5.69	|	orig=168 inHg|Local time: 0700|QC flag: low value|Image File: YorkFactory_USSS-314_M1958_1882-05-01_OBS-2.jpg
1882	05	31	14	00	0	6.67	|	orig=197 inHg|Local time: 1400|QC flag: low value|Image File: YorkFactory_USSS-314_M1958_1882-05-01_OBS-2.jpg
1882	05	31	21	00	0	6.40	|	orig=189 inHg|Local time: 2100|QC flag: low value|Image File: YorkFactory_USSS-314_M1958_1882-05-01_OBS-2.jpg
1882	06	01	07	00	0	5.93	|	orig=175 inHg|Local time: 0700|QC flag: low value|Image File: YorkFactory_USSS-314_M1958_1882-06-01_OBS-2.jpg
1882	06	01	14	00	0	6.40	|	orig=189 inHg|Local time: 1400|QC flag: low value|Image File: YorkFactory_USSS-314_M1958_1882-06-01_OBS-2.jpg
1882	06	01	21	00	0	6.16	|	orig=182 inHg|Local time: 2100|QC flag: low value|Image File: YorkFactory_USSS-314_M1958_1882-06-01_OBS-2.jpg
1882	06	02	07	00	0	5.93	|	orig=175 inHg|Local time: 0700|QC flag: low value|Image File: YorkFactory_USSS-314_M1958_1882-06-01_OBS-2.jpg
1882	06	02	14	00	0	6.40	|	orig=189 inHg|Local time: 1400|QC flag: low value|Image File: YorkFactory_USSS-314_M1958_1882-06-01_OBS-2.jpg
1882	06	02	21	00	0	6.16	|	orig=182 inHg|Local time: 2100|QC flag: low value|Image File: YorkFactory_USSS-314_M1958_1882-06-01_OBS-2.jpg
1882	06	03	07	00	0	5.69	|	orig=168 inHg|Local time: 0700|QC flag: low value|Image File: YorkFactory_USSS-314_M1958_1882-06-01_OBS-2.jpg
1882	06	03	14	00	0	6.16	|	orig=182 inHg|Local time: 1400|QC flag: low value|Image File: YorkFactory_USSS-314_M1958_1882-06-01_OBS-2.jpg
1882	06	03	21	00	0	6.16	|	orig=182 inHg|Local time: 2100|QC flag: low value|Image File: YorkFactory_USSS-314_M1958_1882-06-01_OBS-2.jpg
1882	06	04	07	00	0	6.30	|	orig=186 inHg|Local time: 0700|QC flag: low value|Image File: YorkFactory_USSS-314_M1958_1882-06-01_OBS-2.jpg
1882	06	04	14	00	0	8.60	|	orig=254 inHg|Local time: 1400|QC flag: none|Image File: YorkFactory_USSS-314_M1958_1882-06-01_OBS-2.jpg
1882	06	04	21	00	0	7.62	|	orig=225 inHg|Local time: 2100|QC flag: none|Image File: YorkFactory_USSS-314_M1958_1882-06-01_OBS-2.jpg
1882	06	05	07	00	0	7.08	|	orig=209 inHg|Local time: 0700|QC flag: none|Image File: YorkFactory_USSS-314_M1958_1882-06-01_OBS-2.jpg
1882	06	05	14	00	0	13.24	|	orig=391 inHg|Local time: 1400|QC flag: none|Image File: YorkFactory_USSS-314_M1958_1882-06-01_OBS-2.jpg
1882	06	05	21	00	0	14.16	|	orig=418 inHg|Local time: 2100|QC flag: none|Image File: YorkFactory_USSS-314_M1958_1882-06-01_OBS-2.jpg
1882	06	06	07	00	0	7.72	|	orig=228 inHg|Local time: 0700|QC flag: none|Image File: YorkFactory_USSS-314_M1958_1882-06-01_OBS-2.jpg
1882	06	06	14	00	0	14.53	|	orig=429 inHg|Local time: 1400|QC flag: none|Image File: YorkFactory_USSS-314_M1958_1882-06-01_OBS-2.jpg
1882	06	06	21	00	0	10.90	|	orig=322 inHg|Local time: 2100|QC flag: none|Image File: YorkFactory_USSS-314_M1958_1882-06-01_OBS-2.jpg
1882	06	07	07	00	0	7.96	|	orig=235 inHg|Local time: 0700|QC flag: none|Image File: YorkFactory_USSS-314_M1958_1882-06-01_OBS-2.jpg
1882	06	07	14	00	0	14.29	|	orig=422 inHg|Local time: 1400|QC flag: none|Image File: YorkFactory_USSS-314_M1958_1882-06-01_OBS-2.jpg
1882	06	07	21	00	0	10.50	|	orig=310 inHg|Local time: 2100|QC flag: none|Image File: YorkFactory_USSS-314_M1958_1882-06-01_OBS-2.jpg
1882	06	08	07	00	0	8.40	|	orig=248 inHg|Local time: 0700|QC flag: none|Image File: YorkFactory_USSS-314_M1958_1882-06-01_OBS-2.jpg
1882	06	08	14	00	0	14.22	|	orig=420 inHg|Local time: 1400|QC flag: none|Image File: YorkFactory_USSS-314_M1958_1882-06-01_OBS-2.jpg
1882	06	08	21	00	0	12.22	|	orig=361 inHg|Local time: 2100|QC flag: none|Image File: YorkFactory_USSS-314_M1958_1882-06-01_OBS-2.jpg
1882	06	09	07	00	0	9.04	|	orig=267 inHg|Local time: 0700|QC flag: none|Image File: YorkFactory_USSS-314_M1958_1882-06-01_OBS-2.jpg
1882	06	09	14	00	0	13.17	|	orig=389 inHg|Local time: 1400|QC flag: none|Image File: YorkFactory_USSS-314_M1958_1882-06-01_OBS-2.jpg
1882	06	09	21	00	0	8.70	|	orig=257 inHg|Local time: 2100|QC flag: none|Image File: YorkFactory_USSS-314_M1958_1882-06-01_OBS-2.jpg
1882	06	10	07	00	0	7.75	|	orig=229 inHg|Local time: 0700|QC flag: none|Image File: YorkFactory_USSS-314_M1958_1882-06-01_OBS-2.jpg
1882	06	10	14	00	0	10.06	|	orig=297 inHg|Local time: 1400|QC flag: none|Image File: YorkFactory_USSS-314_M1958_1882-06-01_OBS-2.jpg
1882	06	10	21	00	0	8.94	|	orig=264 inHg|Local time: 2100|QC flag: none|Image File: YorkFactory_USSS-314_M1958_1882-06-01_OBS-2.jpg
1882	06	11	07	00	0	13.17	|	orig=389 inHg|Local time: 0700|QC flag: none|Image File: YorkFactory_USSS-314_M1958_1882-06-01_OBS-2.jpg
1882	06	11	14	00	0	23.84	|	orig=704 inHg|Local time: 1400|QC flag: none|Image File: YorkFactory_USSS-314_M1958_1882-06-01_OBS-2.jpg
1882	06	11	21	00	0	9.69	|	orig=286 inHg|Local time: 2100|QC flag: none|Image File: YorkFactory_USSS-314_M1958_1882-06-01_OBS-2.jpg
1882	06	12	07	00	0	6.74	|	orig=199 inHg|Local time: 0700|QC flag: low value|Image File: YorkFactory_USSS-314_M1958_1882-06-01_OBS-2.jpg
1882	06	12	14	00	0	9.31	|	orig=275 inHg|Local time: 1400|QC flag: none|Image File: YorkFactory_USSS-314_M1958_1882-06-01_OBS-2.jpg
1882	06	12	21	00	0	7.99	|	orig=236 inHg|Local time: 2100|QC flag: none|Image File: YorkFactory_USSS-314_M1958_1882-06-01_OBS-2.jpg
1882	06	13	07	00	0	7.42	|	orig=219 inHg|Local time: 0700|QC flag: none|Image File: YorkFactory_USSS-314_M1958_1882-06-01_OBS-2.jpg
1882	06	13	14	00	0	6.81	|	orig=201 inHg|Local time: 1400|QC flag: none|Image File: YorkFactory_USSS-314_M1958_1882-06-01_OBS-2.jpg
1882	06	13	21	00	0	6.54	|	orig=193 inHg|Local time: 2100|QC flag: low value|Image File: YorkFactory_USSS-314_M1958_1882-06-01_OBS-2.jpg
1882	06	14	07	00	0	6.64	|	orig=196 inHg|Local time: 0700|QC flag: low value|Image File: YorkFactory_USSS-314_M1958_1882-06-01_OBS-2.jpg
1882	06	14	14	00	0	6.91	|	orig=204 inHg|Local time: 1400|QC flag: none|Image File: YorkFactory_USSS-314_M1958_1882-06-01_OBS-2.jpg
1882	06	14	21	00	0	6.64	|	orig=196 inHg|Local time: 2100|QC flag: low value|Image File: YorkFactory_USSS-314_M1958_1882-06-01_OBS-2.jpg
1882	06	15	07	00	0	6.40	|	orig=189 inHg|Local time: 0700|QC flag: low value|Image File: YorkFactory_USSS-314_M1958_1882-06-01_OBS-2.jpg
1882	06	15	14	00	0	6.94	|	orig=205 inHg|Local time: 1400|QC flag: none|Image File: YorkFactory_USSS-314_M1958_1882-06-01_OBS-2.jpg
1882	06	15	21	00	0	6.64	|	orig=196 inHg|Local time: 2100|QC flag: low value|Image File: YorkFactory_USSS-314_M1958_1882-06-01_OBS-2.jpg
1882	06	16	07	00	0	6.64	|	orig=196 inHg|Local time: 0700|QC flag: low value|Image File: YorkFactory_USSS-314_M1958_1882-06-01_OBS-2.jpg
1882	06	16	14	00	0	6.64	|	orig=196 inHg|Local time: 1400|QC flag: low value|Image File: YorkFactory_USSS-314_M1958_1882-06-01_OBS-2.jpg
1882	06	16	21	00	0	6.20	|	orig=183 inHg|Local time: 2100|QC flag: low value|Image File: YorkFactory_USSS-314_M1958_1882-06-01_OBS-2.jpg
1882	06	17	07	00	0	6.20	|	orig=183 inHg|Local time: 0700|QC flag: low value|Image File: YorkFactory_USSS-314_M1958_1882-06-01_OBS-2.jpg
1882	06	17	14	00	0	8.94	|	orig=264 inHg|Local time: 1400|QC flag: none|Image File: YorkFactory_USSS-314_M1958_1882-06-01_OBS-2.jpg
1882	06	17	21	00	0	7.31	|	orig=216 inHg|Local time: 2100|QC flag: none|Image File: YorkFactory_USSS-314_M1958_1882-06-01_OBS-2.jpg
1882	06	18	07	00	0	8.60	|	orig=254 inHg|Local time: 0700|QC flag: none|Image File: YorkFactory_USSS-314_M1958_1882-06-01_OBS-2.jpg
1882	06	18	14	00	0	14.29	|	orig=422 inHg|Local time: 1400|QC flag: none|Image File: YorkFactory_USSS-314_M1958_1882-06-01_OBS-2.jpg
1882	06	18	21	00	0	13.17	|	orig=389 inHg|Local time: 2100|QC flag: none|Image File: YorkFactory_USSS-314_M1958_1882-06-01_OBS-2.jpg
1882	06	19	07	00	0	11.78	|	orig=348 inHg|Local time: 0700|QC flag: none|Image File: YorkFactory_USSS-314_M1958_1882-06-01_OBS-2.jpg
1882	06	19	14	00	0	18.83	|	orig=556 inHg|Local time: 1400|QC flag: none|Image File: YorkFactory_USSS-314_M1958_1882-06-01_OBS-2.jpg
1882	06	19	21	00	0	14.29	|	orig=422 inHg|Local time: 2100|QC flag: none|Image File: YorkFactory_USSS-314_M1958_1882-06-01_OBS-2.jpg
1882	06	20	07	00	0	11.31	|	orig=334 inHg|Local time: 0700|QC flag: none|Image File: YorkFactory_USSS-314_M1958_1882-06-01_OBS-2.jpg
1882	06	20	14	00	0	13.41	|	orig=396 inHg|Local time: 1400|QC flag: none|Image File: YorkFactory_USSS-314_M1958_1882-06-01_OBS-2.jpg
1882	06	20	21	00	0	12.50	|	orig=369 inHg|Local time: 2100|QC flag: none|Image File: YorkFactory_USSS-314_M1958_1882-06-01_OBS-2.jpg
1882	06	21	07	00	0	13.85	|	orig=409 inHg|Local time: 0700|QC flag: none|Image File: YorkFactory_USSS-314_M1958_1882-06-01_OBS-2.jpg
1882	06	21	14	00	0	21.54	|	orig=636 inHg|Local time: 1400|QC flag: none|Image File: YorkFactory_USSS-314_M1958_1882-06-01_OBS-2.jpg
1882	06	21	21	00	0	20.25	|	orig=598 inHg|Local time: 2100|QC flag: none|Image File: YorkFactory_USSS-314_M1958_1882-06-01_OBS-2.jpg
1882	06	22	07	00	0	16.83	|	orig=497 inHg|Local time: 0700|QC flag: none|Image File: YorkFactory_USSS-314_M1958_1882-06-01_OBS-2.jpg
1882	06	22	14	00	0	17.10	|	orig=505 inHg|Local time: 1400|QC flag: none|Image File: YorkFactory_USSS-314_M1958_1882-06-01_OBS-2.jpg
1882	06	22	21	00	0	15.44	|	orig=456 inHg|Local time: 2100|QC flag: none|Image File: YorkFactory_USSS-314_M1958_1882-06-01_OBS-2.jpg
1882	06	23	07	00	0	12.26	|	orig=362 inHg|Local time: 0700|QC flag: none|Image File: YorkFactory_USSS-314_M1958_1882-06-01_OBS-2.jpg
1882	06	23	14	00	0	16.76	|	orig=495 inHg|Local time: 1400|QC flag: none|Image File: YorkFactory_USSS-314_M1958_1882-06-01_OBS-2.jpg
1882	06	23	21	00	0	16.63	|	orig=491 inHg|Local time: 2100|QC flag: none|Image File: YorkFactory_USSS-314_M1958_1882-06-01_OBS-2.jpg
1882	06	24	07	00	0	11.31	|	orig=334 inHg|Local time: 0700|QC flag: none|Image File: YorkFactory_USSS-314_M1958_1882-06-01_OBS-2.jpg
1882	06	24	14	00	0	17.91	|	orig=529 inHg|Local time: 1400|QC flag: none|Image File: YorkFactory_USSS-314_M1958_1882-06-01_OBS-2.jpg
1882	06	24	21	00	0	14.29	|	orig=422 inHg|Local time: 2100|QC flag: none|Image File: YorkFactory_USSS-314_M1958_1882-06-01_OBS-2.jpg
1882	06	25	07	00	0	13.17	|	orig=389 inHg|Local time: 0700|QC flag: none|Image File: YorkFactory_USSS-314_M1958_1882-06-01_OBS-2.jpg
1882	06	25	14	00	0	22.08	|	orig=652 inHg|Local time: 1400|QC flag: none|Image File: YorkFactory_USSS-314_M1958_1882-06-01_OBS-2.jpg
1882	06	25	21	00	0	18.39	|	orig=543 inHg|Local time: 2100|QC flag: none|Image File: YorkFactory_USSS-314_M1958_1882-06-01_OBS-2.jpg
1882	06	26	07	00	0	14.29	|	orig=422 inHg|Local time: 0700|QC flag: none|Image File: YorkFactory_USSS-314_M1958_1882-06-01_OBS-2.jpg
1882	06	26	14	00	0	19.37	|	orig=572 inHg|Local time: 1400|QC flag: none|Image File: YorkFactory_USSS-314_M1958_1882-06-01_OBS-2.jpg
1882	06	26	21	00	0	19.37	|	orig=572 inHg|Local time: 2100|QC flag: none|Image File: YorkFactory_USSS-314_M1958_1882-06-01_OBS-2.jpg
1882	06	27	07	00	0	13.85	|	orig=409 inHg|Local time: 0700|QC flag: none|Image File: YorkFactory_USSS-314_M1958_1882-06-01_OBS-2.jpg
1882	06	27	14	00	0	20.25	|	orig=598 inHg|Local time: 1400|QC flag: none|Image File: YorkFactory_USSS-314_M1958_1882-06-01_OBS-2.jpg
1882	06	27	21	00	0	15.75	|	orig=465 inHg|Local time: 2100|QC flag: none|Image File: YorkFactory_USSS-314_M1958_1882-06-01_OBS-2.jpg
1882	06	28	07	00	0	15.58	|	orig=460 inHg|Local time: 0700|QC flag: none|Image File: YorkFactory_USSS-314_M1958_1882-06-01_OBS-2.jpg
1882	06	28	14	00	0	19.81	|	orig=585 inHg|Local time: 1400|QC flag: none|Image File: YorkFactory_USSS-314_M1958_1882-06-01_OBS-2.jpg
1882	06	28	21	00	0	17.74	|	orig=524 inHg|Local time: 2100|QC flag: none|Image File: YorkFactory_USSS-314_M1958_1882-06-01_OBS-2.jpg
1882	06	29	07	00	0	16.19	|	orig=478 inHg|Local time: 0700|QC flag: none|Image File: YorkFactory_USSS-314_M1958_1882-06-01_OBS-2.jpg
1882	06	29	14	00	0	22.93	|	orig=677 inHg|Local time: 1400|QC flag: none|Image File: YorkFactory_USSS-314_M1958_1882-06-01_OBS-2.jpg
1882	06	29	21	00	0	18.63	|	orig=550 inHg|Local time: 2100|QC flag: none|Image File: YorkFactory_USSS-314_M1958_1882-06-01_OBS-2.jpg
1882	06	30	07	00	0	15.00	|	orig=443 inHg|Local time: 0700|QC flag: none|Image File: YorkFactory_USSS-314_M1958_1882-06-01_OBS-2.jpg
1882	06	30	14	00	0	21.16	|	orig=625 inHg|Local time: 1400|QC flag: none|Image File: YorkFactory_USSS-314_M1958_1882-06-01_OBS-2.jpg
1882	06	30	21	00	0	21.37	|	orig=631 inHg|Local time: 2100|QC flag: none|Image File: YorkFactory_USSS-314_M1958_1882-06-01_OBS-2.jpg
1882	07	01	07	00	0	14.43	|	orig=426 inHg|Local time: 0700|QC flag: none|Image File: YorkFactory_USSS-314_M1958_1882-07-01_OBS-2.jpg
1882	07	01	14	00	0	22.08	|	orig=652 inHg|Local time: 1400|QC flag: none|Image File: YorkFactory_USSS-314_M1958_1882-07-01_OBS-2.jpg
1882	07	01	21	00	0	14.53	|	orig=429 inHg|Local time: 2100|QC flag: none|Image File: YorkFactory_USSS-314_M1958_1882-07-01_OBS-2.jpg
1882	07	02	07	00	0	15.00	|	orig=443 inHg|Local time: 0700|QC flag: none|Image File: YorkFactory_USSS-314_M1958_1882-07-01_OBS-2.jpg
1882	07	02	14	00	0	22.05	|	orig=651 inHg|Local time: 1400|QC flag: none|Image File: YorkFactory_USSS-314_M1958_1882-07-01_OBS-2.jpg
1882	07	02	21	00	0	20.15	|	orig=595 inHg|Local time: 2100|QC flag: none|Image File: YorkFactory_USSS-314_M1958_1882-07-01_OBS-2.jpg
1882	07	03	07	00	0	15.75	|	orig=465 inHg|Local time: 0700|QC flag: none|Image File: YorkFactory_USSS-314_M1958_1882-07-01_OBS-2.jpg
1882	07	03	14	00	0	21.16	|	orig=625 inHg|Local time: 1400|QC flag: none|Image File: YorkFactory_USSS-314_M1958_1882-07-01_OBS-2.jpg
1882	07	03	21	00	0	22.18	|	orig=655 inHg|Local time: 2100|QC flag: none|Image File: YorkFactory_USSS-314_M1958_1882-07-01_OBS-2.jpg
1882	07	04	07	00	0	14.43	|	orig=426 inHg|Local time: 0700|QC flag: none|Image File: YorkFactory_USSS-314_M1958_1882-07-01_OBS-2.jpg
1882	07	04	14	00	0	21.10	|	orig=623 inHg|Local time: 1400|QC flag: none|Image File: YorkFactory_USSS-314_M1958_1882-07-01_OBS-2.jpg
1882	07	04	21	00	0	22.55	|	orig=666 inHg|Local time: 2100|QC flag: none|Image File: YorkFactory_USSS-314_M1958_1882-07-01_OBS-2.jpg
1882	07	05	07	00	0	15.00	|	orig=443 inHg|Local time: 0700|QC flag: none|Image File: YorkFactory_USSS-314_M1958_1882-07-01_OBS-2.jpg
1882	07	05	14	00	0	19.37	|	orig=572 inHg|Local time: 1400|QC flag: none|Image File: YorkFactory_USSS-314_M1958_1882-07-01_OBS-2.jpg
1882	07	05	21	00	0	28.41	|	orig=839 inHg|Local time: 2100|QC flag: none|Image File: YorkFactory_USSS-314_M1958_1882-07-01_OBS-2.jpg
1882	07	06	07	00	0	19.74	|	orig=583 inHg|Local time: 0700|QC flag: none|Image File: YorkFactory_USSS-314_M1958_1882-07-01_OBS-2.jpg
1882	07	06	14	00	0	21.54	|	orig=636 inHg|Local time: 1400|QC flag: none|Image File: YorkFactory_USSS-314_M1958_1882-07-01_OBS-2.jpg
1882	07	06	21	00	0	22.08	|	orig=652 inHg|Local time: 2100|QC flag: none|Image File: YorkFactory_USSS-314_M1958_1882-07-01_OBS-2.jpg
1882	07	07	07	00	0	13.85	|	orig=409 inHg|Local time: 0700|QC flag: none|Image File: YorkFactory_USSS-314_M1958_1882-07-01_OBS-2.jpg
1882	07	07	14	00	0	20.62	|	orig=609 inHg|Local time: 1400|QC flag: none|Image File: YorkFactory_USSS-314_M1958_1882-07-01_OBS-2.jpg
1882	07	07	21	00	0	20.59	|	orig=608 inHg|Local time: 2100|QC flag: none|Image File: YorkFactory_USSS-314_M1958_1882-07-01_OBS-2.jpg
1882	07	08	07	00	0	14.43	|	orig=426 inHg|Local time: 0700|QC flag: none|Image File: YorkFactory_USSS-314_M1958_1882-07-01_OBS-2.jpg
1882	07	08	14	00	0	21.10	|	orig=623 inHg|Local time: 1400|QC flag: none|Image File: YorkFactory_USSS-314_M1958_1882-07-01_OBS-2.jpg
1882	07	08	21	00	0	18.63	|	orig=550 inHg|Local time: 2100|QC flag: none|Image File: YorkFactory_USSS-314_M1958_1882-07-01_OBS-2.jpg
1882	07	09	07	00	0	18.39	|	orig=543 inHg|Local time: 0700|QC flag: none|Image File: YorkFactory_USSS-314_M1958_1882-07-01_OBS-2.jpg
1882	07	09	14	00	0	18.46	|	orig=545 inHg|Local time: 1400|QC flag: none|Image File: YorkFactory_USSS-314_M1958_1882-07-01_OBS-2.jpg
1882	07	09	21	00	0	21.64	|	orig=639 inHg|Local time: 2100|QC flag: none|Image File: YorkFactory_USSS-314_M1958_1882-07-01_OBS-2.jpg
1882	07	10	07	00	0	16.02	|	orig=473 inHg|Local time: 0700|QC flag: none|Image File: YorkFactory_USSS-314_M1958_1882-07-01_OBS-2.jpg
1882	07	10	14	00	0	19.00	|	orig=561 inHg|Local time: 1400|QC flag: none|Image File: YorkFactory_USSS-314_M1958_1882-07-01_OBS-2.jpg
1882	07	10	21	00	0	18.93	|	orig=559 inHg|Local time: 2100|QC flag: none|Image File: YorkFactory_USSS-314_M1958_1882-07-01_OBS-2.jpg
1882	07	11	07	00	0	15.88	|	orig=469 inHg|Local time: 0700|QC flag: none|Image File: YorkFactory_USSS-314_M1958_1882-07-01_OBS-2.jpg
1882	07	11	14	00	0	22.08	|	orig=652 inHg|Local time: 1400|QC flag: none|Image File: YorkFactory_USSS-314_M1958_1882-07-01_OBS-2.jpg
1882	07	11	21	00	0	16.83	|	orig=497 inHg|Local time: 2100|QC flag: none|Image File: YorkFactory_USSS-314_M1958_1882-07-01_OBS-2.jpg
1882	07	12	07	00	0	14.22	|	orig=420 inHg|Local time: 0700|QC flag: none|Image File: YorkFactory_USSS-314_M1958_1882-07-01_OBS-2.jpg
1882	07	12	14	00	0	25.23	|	orig=745 inHg|Local time: 1400|QC flag: none|Image File: YorkFactory_USSS-314_M1958_1882-07-01_OBS-2.jpg
1882	07	12	21	00	0	18.35	|	orig=542 inHg|Local time: 2100|QC flag: none|Image File: YorkFactory_USSS-314_M1958_1882-07-01_OBS-2.jpg
1882	07	13	07	00	0	14.76	|	orig=436 inHg|Local time: 0700|QC flag: none|Image File: YorkFactory_USSS-314_M1958_1882-07-01_OBS-2.jpg
1882	07	13	14	00	0	22.08	|	orig=652 inHg|Local time: 1400|QC flag: none|Image File: YorkFactory_USSS-314_M1958_1882-07-01_OBS-2.jpg
1882	07	13	21	00	0	17.47	|	orig=516 inHg|Local time: 2100|QC flag: none|Image File: YorkFactory_USSS-314_M1958_1882-07-01_OBS-2.jpg
1882	07	14	07	00	0	15.31	|	orig=452 inHg|Local time: 0700|QC flag: none|Image File: YorkFactory_USSS-314_M1958_1882-07-01_OBS-2.jpg
1882	07	14	14	00	0	22.49	|	orig=664 inHg|Local time: 1400|QC flag: none|Image File: YorkFactory_USSS-314_M1958_1882-07-01_OBS-2.jpg
1882	07	14	21	00	0	17.68	|	orig=522 inHg|Local time: 2100|QC flag: none|Image File: YorkFactory_USSS-314_M1958_1882-07-01_OBS-2.jpg
1882	07	15	07	00	0	16.63	|	orig=491 inHg|Local time: 0700|QC flag: none|Image File: YorkFactory_USSS-314_M1958_1882-07-01_OBS-2.jpg
1882	07	15	14	00	0	10.94	|	orig=323 inHg|Local time: 1400|QC flag: none|Image File: YorkFactory_USSS-314_M1958_1882-07-01_OBS-2.jpg
1882	07	15	21	00	0	17.24	|	orig=509 inHg|Local time: 2100|QC flag: none|Image File: YorkFactory_USSS-314_M1958_1882-07-01_OBS-2.jpg
1882	07	16	07	00	0	15.00	|	orig=443 inHg|Local time: 0700|QC flag: none|Image File: YorkFactory_USSS-314_M1958_1882-07-01_OBS-2.jpg
1882	07	16	14	00	0	20.72	|	orig=612 inHg|Local time: 1400|QC flag: none|Image File: YorkFactory_USSS-314_M1958_1882-07-01_OBS-2.jpg
1882	07	16	21	00	0	20.59	|	orig=608 inHg|Local time: 2100|QC flag: none|Image File: YorkFactory_USSS-314_M1958_1882-07-01_OBS-2.jpg
1882	07	17	07	00	0	15.44	|	orig=456 inHg|Local time: 0700|QC flag: none|Image File: YorkFactory_USSS-314_M1958_1882-07-01_OBS-2.jpg
1882	07	17	14	00	0	18.90	|	orig=558 inHg|Local time: 1400|QC flag: none|Image File: YorkFactory_USSS-314_M1958_1882-07-01_OBS-2.jpg
1882	07	17	21	00	0	20.45	|	orig=604 inHg|Local time: 2100|QC flag: none|Image File: YorkFactory_USSS-314_M1958_1882-07-01_OBS-2.jpg
1882	07	18	07	00	0	16.63	|	orig=491 inHg|Local time: 0700|QC flag: none|Image File: YorkFactory_USSS-314_M1958_1882-07-01_OBS-2.jpg
1882	07	18	14	00	0	20.18	|	orig=596 inHg|Local time: 1400|QC flag: none|Image File: YorkFactory_USSS-314_M1958_1882-07-01_OBS-2.jpg
1882	07	18	21	00	0	19.84	|	orig=586 inHg|Local time: 2100|QC flag: none|Image File: YorkFactory_USSS-314_M1958_1882-07-01_OBS-2.jpg
1882	07	19	07	00	0	15.44	|	orig=456 inHg|Local time: 0700|QC flag: none|Image File: YorkFactory_USSS-314_M1958_1882-07-01_OBS-2.jpg
1882	07	19	14	00	0	18.93	|	orig=559 inHg|Local time: 1400|QC flag: none|Image File: YorkFactory_USSS-314_M1958_1882-07-01_OBS-2.jpg
1882	07	19	21	00	0	18.15	|	orig=536 inHg|Local time: 2100|QC flag: none|Image File: YorkFactory_USSS-314_M1958_1882-07-01_OBS-2.jpg
1882	07	20	07	00	0	16.19	|	orig=478 inHg|Local time: 0700|QC flag: none|Image File: YorkFactory_USSS-314_M1958_1882-07-01_OBS-2.jpg
1882	07	20	14	00	0	22.49	|	orig=664 inHg|Local time: 1400|QC flag: none|Image File: YorkFactory_USSS-314_M1958_1882-07-01_OBS-2.jpg
1882	07	20	21	00	0	17.91	|	orig=529 inHg|Local time: 2100|QC flag: none|Image File: YorkFactory_USSS-314_M1958_1882-07-01_OBS-2.jpg
1882	07	21	07	00	0	15.44	|	orig=456 inHg|Local time: 0700|QC flag: none|Image File: YorkFactory_USSS-314_M1958_1882-07-01_OBS-2.jpg
1882	07	21	14	00	0	22.08	|	orig=652 inHg|Local time: 1400|QC flag: none|Image File: YorkFactory_USSS-314_M1958_1882-07-01_OBS-2.jpg
1882	07	21	21	00	0	19.54	|	orig=577 inHg|Local time: 2100|QC flag: none|Image File: YorkFactory_USSS-314_M1958_1882-07-01_OBS-2.jpg
1882	07	22	07	00	0	15.88	|	orig=469 inHg|Local time: 0700|QC flag: none|Image File: YorkFactory_USSS-314_M1958_1882-07-01_OBS-2.jpg
1882	07	22	14	00	0	18.93	|	orig=559 inHg|Local time: 1400|QC flag: none|Image File: YorkFactory_USSS-314_M1958_1882-07-01_OBS-2.jpg
1882	07	22	21	00	0	17.47	|	orig=516 inHg|Local time: 2100|QC flag: none|Image File: YorkFactory_USSS-314_M1958_1882-07-01_OBS-2.jpg
1882	07	23	07	00	0	15.20	|	orig=449 inHg|Local time: 0700|QC flag: none|Image File: YorkFactory_USSS-314_M1958_1882-07-01_OBS-2.jpg
1882	07	23	14	00	0	26.58	|	orig=785 inHg|Local time: 1400|QC flag: none|Image File: YorkFactory_USSS-314_M1958_1882-07-01_OBS-2.jpg
1882	07	23	21	00	0	21.81	|	orig=644 inHg|Local time: 2100|QC flag: none|Image File: YorkFactory_USSS-314_M1958_1882-07-01_OBS-2.jpg
1882	07	24	07	00	0	15.31	|	orig=452 inHg|Local time: 0700|QC flag: none|Image File: YorkFactory_USSS-314_M1958_1882-07-01_OBS-2.jpg
1882	07	24	14	00	0	19.37	|	orig=572 inHg|Local time: 1400|QC flag: none|Image File: YorkFactory_USSS-314_M1958_1882-07-01_OBS-2.jpg
1882	07	24	21	00	0	18.93	|	orig=559 inHg|Local time: 2100|QC flag: none|Image File: YorkFactory_USSS-314_M1958_1882-07-01_OBS-2.jpg
1882	07	25	07	00	0	14.87	|	orig=439 inHg|Local time: 0700|QC flag: none|Image File: YorkFactory_USSS-314_M1958_1882-07-01_OBS-2.jpg
1882	07	25	14	00	0	21.57	|	orig=637 inHg|Local time: 1400|QC flag: none|Image File: YorkFactory_USSS-314_M1958_1882-07-01_OBS-2.jpg
1882	07	25	21	00	0	17.68	|	orig=522 inHg|Local time: 2100|QC flag: none|Image File: YorkFactory_USSS-314_M1958_1882-07-01_OBS-2.jpg
1882	07	26	07	00	0	13.78	|	orig=407 inHg|Local time: 0700|QC flag: none|Image File: YorkFactory_USSS-314_M1958_1882-07-01_OBS-2.jpg
1882	07	26	14	00	0	20.45	|	orig=604 inHg|Local time: 1400|QC flag: none|Image File: YorkFactory_USSS-314_M1958_1882-07-01_OBS-2.jpg
1882	07	26	21	00	0	21.06	|	orig=622 inHg|Local time: 2100|QC flag: none|Image File: YorkFactory_USSS-314_M1958_1882-07-01_OBS-2.jpg
1882	07	27	07	00	0	13.68	|	orig=404 inHg|Local time: 0700|QC flag: none|Image File: YorkFactory_USSS-314_M1958_1882-07-01_OBS-2.jpg
1882	07	27	14	00	0	18.18	|	orig=537 inHg|Local time: 1400|QC flag: none|Image File: YorkFactory_USSS-314_M1958_1882-07-01_OBS-2.jpg
1882	07	27	21	00	0	15.00	|	orig=443 inHg|Local time: 2100|QC flag: none|Image File: YorkFactory_USSS-314_M1958_1882-07-01_OBS-2.jpg
1882	07	28	07	00	0	11.78	|	orig=348 inHg|Local time: 0700|QC flag: none|Image File: YorkFactory_USSS-314_M1958_1882-07-01_OBS-2.jpg
1882	07	28	14	00	0	15.20	|	orig=449 inHg|Local time: 1400|QC flag: none|Image File: YorkFactory_USSS-314_M1958_1882-07-01_OBS-2.jpg
1882	07	28	21	00	0	14.29	|	orig=422 inHg|Local time: 2100|QC flag: none|Image File: YorkFactory_USSS-314_M1958_1882-07-01_OBS-2.jpg
1882	07	29	07	00	0	11.34	|	orig=335 inHg|Local time: 0700|QC flag: none|Image File: YorkFactory_USSS-314_M1958_1882-07-01_OBS-2.jpg
1882	07	29	14	00	0	18.39	|	orig=543 inHg|Local time: 1400|QC flag: none|Image File: YorkFactory_USSS-314_M1958_1882-07-01_OBS-2.jpg
1882	07	29	21	00	0	15.00	|	orig=443 inHg|Local time: 2100|QC flag: none|Image File: YorkFactory_USSS-314_M1958_1882-07-01_OBS-2.jpg
1882	07	30	07	00	0	10.90	|	orig=322 inHg|Local time: 0700|QC flag: none|Image File: YorkFactory_USSS-314_M1958_1882-07-01_OBS-2.jpg
1882	07	30	14	00	0	20.45	|	orig=604 inHg|Local time: 1400|QC flag: none|Image File: YorkFactory_USSS-314_M1958_1882-07-01_OBS-2.jpg
1882	07	30	21	00	0	18.15	|	orig=536 inHg|Local time: 2100|QC flag: none|Image File: YorkFactory_USSS-314_M1958_1882-07-01_OBS-2.jpg
1882	07	31	07	00	0	10.50	|	orig=310 inHg|Local time: 0700|QC flag: none|Image File: YorkFactory_USSS-314_M1958_1882-07-01_OBS-2.jpg
1882	07	31	14	00	0	21.20	|	orig=626 inHg|Local time: 1400|QC flag: none|Image File: YorkFactory_USSS-314_M1958_1882-07-01_OBS-2.jpg
1882	07	31	21	00	0	16.49	|	orig=487 inHg|Local time: 2100|QC flag: none|Image File: YorkFactory_USSS-314_M1958_1882-07-01_OBS-2.jpg
1882	08	01	07	00	0	10.90	|	orig=322 inHg|Local time: 0700|QC flag: none|Image File: YorkFactory_USSS-314_M1958_1882-08-01_OBS-2.jpg
1882	08	01	14	00	0	17.91	|	orig=529 inHg|Local time: 1400|QC flag: none|Image File: YorkFactory_USSS-314_M1958_1882-08-01_OBS-2.jpg
1882	08	01	21	00	0	16.49	|	orig=487 inHg|Local time: 2100|QC flag: none|Image File: YorkFactory_USSS-314_M1958_1882-08-01_OBS-2.jpg
1882	08	02	07	00	0	10.06	|	orig=297 inHg|Local time: 0700|QC flag: none|Image File: YorkFactory_USSS-314_M1958_1882-08-01_OBS-2.jpg
1882	08	02	14	00	0	16.63	|	orig=491 inHg|Local time: 1400|QC flag: none|Image File: YorkFactory_USSS-314_M1958_1882-08-01_OBS-2.jpg
1882	08	02	21	00	0	14.29	|	orig=422 inHg|Local time: 2100|QC flag: none|Image File: YorkFactory_USSS-314_M1958_1882-08-01_OBS-2.jpg
1882	08	03	07	00	0	10.50	|	orig=310 inHg|Local time: 0700|QC flag: none|Image File: YorkFactory_USSS-314_M1958_1882-08-01_OBS-2.jpg
1882	08	03	14	00	0	15.00	|	orig=443 inHg|Local time: 1400|QC flag: none|Image File: YorkFactory_USSS-314_M1958_1882-08-01_OBS-2.jpg
1882	08	03	21	00	0	14.76	|	orig=436 inHg|Local time: 2100|QC flag: none|Image File: YorkFactory_USSS-314_M1958_1882-08-01_OBS-2.jpg
1882	08	04	07	00	0	10.50	|	orig=310 inHg|Local time: 0700|QC flag: none|Image File: YorkFactory_USSS-314_M1958_1882-08-01_OBS-2.jpg
1882	08	04	14	00	0	15.75	|	orig=465 inHg|Local time: 1400|QC flag: none|Image File: YorkFactory_USSS-314_M1958_1882-08-01_OBS-2.jpg
1882	08	04	21	00	0	14.29	|	orig=422 inHg|Local time: 2100|QC flag: none|Image File: YorkFactory_USSS-314_M1958_1882-08-01_OBS-2.jpg
1882	08	05	07	00	0	10.50	|	orig=310 inHg|Local time: 0700|QC flag: none|Image File: YorkFactory_USSS-314_M1958_1882-08-01_OBS-2.jpg
1882	08	05	14	00	0	17.91	|	orig=529 inHg|Local time: 1400|QC flag: none|Image File: YorkFactory_USSS-314_M1958_1882-08-01_OBS-2.jpg
1882	08	05	21	00	0	16.63	|	orig=491 inHg|Local time: 2100|QC flag: none|Image File: YorkFactory_USSS-314_M1958_1882-08-01_OBS-2.jpg
1882	08	06	07	00	0	12.70	|	orig=375 inHg|Local time: 0700|QC flag: none|Image File: YorkFactory_USSS-314_M1958_1882-08-01_OBS-2.jpg
1882	08	06	14	00	0	14.22	|	orig=420 inHg|Local time: 1400|QC flag: none|Image File: YorkFactory_USSS-314_M1958_1882-08-01_OBS-2.jpg
1882	08	06	21	00	0	11.78	|	orig=348 inHg|Local time: 2100|QC flag: none|Image File: YorkFactory_USSS-314_M1958_1882-08-01_OBS-2.jpg
1882	08	07	07	00	0	14.16	|	orig=418 inHg|Local time: 0700|QC flag: none|Image File: YorkFactory_USSS-314_M1958_1882-08-01_OBS-2.jpg
1882	08	07	14	00	0	15.31	|	orig=452 inHg|Local time: 1400|QC flag: none|Image File: YorkFactory_USSS-314_M1958_1882-08-01_OBS-2.jpg
1882	08	07	21	00	0	12.70	|	orig=375 inHg|Local time: 2100|QC flag: none|Image File: YorkFactory_USSS-314_M1958_1882-08-01_OBS-2.jpg
1882	08	08	07	00	0	11.34	|	orig=335 inHg|Local time: 0700|QC flag: none|Image File: YorkFactory_USSS-314_M1958_1882-08-01_OBS-2.jpg
1882	08	08	14	00	0	16.83	|	orig=497 inHg|Local time: 1400|QC flag: none|Image File: YorkFactory_USSS-314_M1958_1882-08-01_OBS-2.jpg
1882	08	08	21	00	0	11.14	|	orig=329 inHg|Local time: 2100|QC flag: none|Image File: YorkFactory_USSS-314_M1958_1882-08-01_OBS-2.jpg
1882	08	09	07	00	0	10.90	|	orig=322 inHg|Local time: 0700|QC flag: none|Image File: YorkFactory_USSS-314_M1958_1882-08-01_OBS-2.jpg
1882	08	09	14	00	0	16.19	|	orig=478 inHg|Local time: 1400|QC flag: none|Image File: YorkFactory_USSS-314_M1958_1882-08-01_OBS-2.jpg
1882	08	09	21	00	0	10.90	|	orig=322 inHg|Local time: 2100|QC flag: none|Image File: YorkFactory_USSS-314_M1958_1882-08-01_OBS-2.jpg
1882	08	10	07	00	0	11.34	|	orig=335 inHg|Local time: 0700|QC flag: none|Image File: YorkFactory_USSS-314_M1958_1882-08-01_OBS-2.jpg
1882	08	10	14	00	0	12.22	|	orig=361 inHg|Local time: 1400|QC flag: none|Image File: YorkFactory_USSS-314_M1958_1882-08-01_OBS-2.jpg
1882	08	10	21	00	0	9.69	|	orig=286 inHg|Local time: 2100|QC flag: none|Image File: YorkFactory_USSS-314_M1958_1882-08-01_OBS-2.jpg
1882	08	11	07	00	0	9.31	|	orig=275 inHg|Local time: 0700|QC flag: none|Image File: YorkFactory_USSS-314_M1958_1882-08-01_OBS-2.jpg
1882	08	11	14	00	0	12.22	|	orig=361 inHg|Local time: 1400|QC flag: none|Image File: YorkFactory_USSS-314_M1958_1882-08-01_OBS-2.jpg
1882	08	11	21	00	0	11.34	|	orig=335 inHg|Local time: 2100|QC flag: none|Image File: YorkFactory_USSS-314_M1958_1882-08-01_OBS-2.jpg
1882	08	12	07	00	0	9.69	|	orig=286 inHg|Local time: 0700|QC flag: none|Image File: YorkFactory_USSS-314_M1958_1882-08-01_OBS-2.jpg
1882	08	12	14	00	0	13.17	|	orig=389 inHg|Local time: 1400|QC flag: none|Image File: YorkFactory_USSS-314_M1958_1882-08-01_OBS-2.jpg
1882	08	12	21	00	0	11.78	|	orig=348 inHg|Local time: 2100|QC flag: none|Image File: YorkFactory_USSS-314_M1958_1882-08-01_OBS-2.jpg
1882	08	13	07	00	0	9.31	|	orig=275 inHg|Local time: 0700|QC flag: none|Image File: YorkFactory_USSS-314_M1958_1882-08-01_OBS-2.jpg
1882	08	13	14	00	0	14.29	|	orig=422 inHg|Local time: 1400|QC flag: none|Image File: YorkFactory_USSS-314_M1958_1882-08-01_OBS-2.jpg
1882	08	13	21	00	0	11.78	|	orig=348 inHg|Local time: 2100|QC flag: none|Image File: YorkFactory_USSS-314_M1958_1882-08-01_OBS-2.jpg
1882	08	14	07	00	0	9.69	|	orig=286 inHg|Local time: 0700|QC flag: none|Image File: YorkFactory_USSS-314_M1958_1882-08-01_OBS-2.jpg
1882	08	14	14	00	0	13.85	|	orig=409 inHg|Local time: 1400|QC flag: none|Image File: YorkFactory_USSS-314_M1958_1882-08-01_OBS-2.jpg
1882	08	14	21	00	0	11.34	|	orig=335 inHg|Local time: 2100|QC flag: none|Image File: YorkFactory_USSS-314_M1958_1882-08-01_OBS-2.jpg
1882	08	15	07	00	0	8.94	|	orig=264 inHg|Local time: 0700|QC flag: none|Image File: YorkFactory_USSS-314_M1958_1882-08-01_OBS-2.jpg
1882	08	15	14	00	0	13.24	|	orig=391 inHg|Local time: 1400|QC flag: none|Image File: YorkFactory_USSS-314_M1958_1882-08-01_OBS-2.jpg
1882	08	15	21	00	0	10.90	|	orig=322 inHg|Local time: 2100|QC flag: none|Image File: YorkFactory_USSS-314_M1958_1882-08-01_OBS-2.jpg
1882	08	16	07	00	0	9.41	|	orig=278 inHg|Local time: 0700|QC flag: none|Image File: YorkFactory_USSS-314_M1958_1882-08-01_OBS-2.jpg
1882	08	16	14	00	0	12.26	|	orig=362 inHg|Local time: 1400|QC flag: none|Image File: YorkFactory_USSS-314_M1958_1882-08-01_OBS-2.jpg
1882	08	16	21	00	0	11.78	|	orig=348 inHg|Local time: 2100|QC flag: none|Image File: YorkFactory_USSS-314_M1958_1882-08-01_OBS-2.jpg
1882	08	17	07	00	0	10.06	|	orig=297 inHg|Local time: 0700|QC flag: none|Image File: YorkFactory_USSS-314_M1958_1882-08-01_OBS-2.jpg
1882	08	17	14	00	0	14.29	|	orig=422 inHg|Local time: 1400|QC flag: none|Image File: YorkFactory_USSS-314_M1958_1882-08-01_OBS-2.jpg
1882	08	17	21	00	0	13.17	|	orig=389 inHg|Local time: 2100|QC flag: none|Image File: YorkFactory_USSS-314_M1958_1882-08-01_OBS-2.jpg
1882	08	18	07	00	0	10.50	|	orig=310 inHg|Local time: 0700|QC flag: none|Image File: YorkFactory_USSS-314_M1958_1882-08-01_OBS-2.jpg
1882	08	18	14	00	0	15.14	|	orig=447 inHg|Local time: 1400|QC flag: none|Image File: YorkFactory_USSS-314_M1958_1882-08-01_OBS-2.jpg
1882	08	18	21	00	0	13.24	|	orig=391 inHg|Local time: 2100|QC flag: none|Image File: YorkFactory_USSS-314_M1958_1882-08-01_OBS-2.jpg
1882	08	19	07	00	0	9.31	|	orig=275 inHg|Local time: 0700|QC flag: none|Image File: YorkFactory_USSS-314_M1958_1882-08-01_OBS-2.jpg
1882	08	19	14	00	0	15.00	|	orig=443 inHg|Local time: 1400|QC flag: none|Image File: YorkFactory_USSS-314_M1958_1882-08-01_OBS-2.jpg
1882	08	19	21	00	0	14.76	|	orig=436 inHg|Local time: 2100|QC flag: none|Image File: YorkFactory_USSS-314_M1958_1882-08-01_OBS-2.jpg
1882	08	20	07	00	0	10.50	|	orig=310 inHg|Local time: 0700|QC flag: none|Image File: YorkFactory_USSS-314_M1958_1882-08-01_OBS-2.jpg
1882	08	20	14	00	0	15.00	|	orig=443 inHg|Local time: 1400|QC flag: none|Image File: YorkFactory_USSS-314_M1958_1882-08-01_OBS-2.jpg
1882	08	20	21	00	0	14.76	|	orig=436 inHg|Local time: 2100|QC flag: none|Image File: YorkFactory_USSS-314_M1958_1882-08-01_OBS-2.jpg
1882	08	21	07	00	0	9.96	|	orig=294 inHg|Local time: 0700|QC flag: none|Image File: YorkFactory_USSS-314_M1958_1882-08-01_OBS-2.jpg
1882	08	21	14	00	0	14.53	|	orig=429 inHg|Local time: 1400|QC flag: none|Image File: YorkFactory_USSS-314_M1958_1882-08-01_OBS-2.jpg
1882	08	21	21	00	0	15.31	|	orig=452 inHg|Local time: 2100|QC flag: none|Image File: YorkFactory_USSS-314_M1958_1882-08-01_OBS-2.jpg
1882	08	22	07	00	0	9.69	|	orig=286 inHg|Local time: 0700|QC flag: none|Image File: YorkFactory_USSS-314_M1958_1882-08-01_OBS-2.jpg
1882	08	22	14	00	0	14.83	|	orig=438 inHg|Local time: 1400|QC flag: none|Image File: YorkFactory_USSS-314_M1958_1882-08-01_OBS-2.jpg
1882	08	22	21	00	0	11.78	|	orig=348 inHg|Local time: 2100|QC flag: none|Image File: YorkFactory_USSS-314_M1958_1882-08-01_OBS-2.jpg
1882	08	23	07	00	0	10.06	|	orig=297 inHg|Local time: 0700|QC flag: none|Image File: YorkFactory_USSS-314_M1958_1882-08-01_OBS-2.jpg
1882	08	23	14	00	0	17.71	|	orig=523 inHg|Local time: 1400|QC flag: none|Image File: YorkFactory_USSS-314_M1958_1882-08-01_OBS-2.jpg
1882	08	23	21	00	0	15.20	|	orig=449 inHg|Local time: 2100|QC flag: none|Image File: YorkFactory_USSS-314_M1958_1882-08-01_OBS-2.jpg
1882	08	24	07	00	0	10.50	|	orig=310 inHg|Local time: 0700|QC flag: none|Image File: YorkFactory_USSS-314_M1958_1882-08-01_OBS-2.jpg
1882	08	24	14	00	0	18.02	|	orig=532 inHg|Local time: 1400|QC flag: none|Image File: YorkFactory_USSS-314_M1958_1882-08-01_OBS-2.jpg
1882	08	24	21	00	0	15.58	|	orig=460 inHg|Local time: 2100|QC flag: none|Image File: YorkFactory_USSS-314_M1958_1882-08-01_OBS-2.jpg
1882	08	25	07	00	0	14.76	|	orig=436 inHg|Local time: 0700|QC flag: none|Image File: YorkFactory_USSS-314_M1958_1882-08-01_OBS-2.jpg
1882	08	25	14	00	0	18.46	|	orig=545 inHg|Local time: 1400|QC flag: none|Image File: YorkFactory_USSS-314_M1958_1882-08-01_OBS-2.jpg
1882	08	25	21	00	0	15.44	|	orig=456 inHg|Local time: 2100|QC flag: none|Image File: YorkFactory_USSS-314_M1958_1882-08-01_OBS-2.jpg
1882	08	26	07	00	0	13.17	|	orig=389 inHg|Local time: 0700|QC flag: none|Image File: YorkFactory_USSS-314_M1958_1882-08-01_OBS-2.jpg
1882	08	26	14	00	0	18.39	|	orig=543 inHg|Local time: 1400|QC flag: none|Image File: YorkFactory_USSS-314_M1958_1882-08-01_OBS-2.jpg
1882	08	26	21	00	0	15.88	|	orig=469 inHg|Local time: 2100|QC flag: none|Image File: YorkFactory_USSS-314_M1958_1882-08-01_OBS-2.jpg
1882	08	27	07	00	0	10.50	|	orig=310 inHg|Local time: 0700|QC flag: none|Image File: YorkFactory_USSS-314_M1958_1882-08-01_OBS-2.jpg
1882	08	27	14	00	0	13.68	|	orig=404 inHg|Local time: 1400|QC flag: none|Image File: YorkFactory_USSS-314_M1958_1882-08-01_OBS-2.jpg
1882	08	27	21	00	0	10.90	|	orig=322 inHg|Local time: 2100|QC flag: none|Image File: YorkFactory_USSS-314_M1958_1882-08-01_OBS-2.jpg
1882	08	28	07	00	0	8.94	|	orig=264 inHg|Local time: 0700|QC flag: none|Image File: YorkFactory_USSS-314_M1958_1882-08-01_OBS-2.jpg
1882	08	28	14	00	0	14.76	|	orig=436 inHg|Local time: 1400|QC flag: none|Image File: YorkFactory_USSS-314_M1958_1882-08-01_OBS-2.jpg
1882	08	28	21	00	0	9.69	|	orig=286 inHg|Local time: 2100|QC flag: none|Image File: YorkFactory_USSS-314_M1958_1882-08-01_OBS-2.jpg
1882	08	29	07	00	0	8.60	|	orig=254 inHg|Local time: 0700|QC flag: none|Image File: YorkFactory_USSS-314_M1958_1882-08-01_OBS-2.jpg
1882	08	29	14	00	0	16.63	|	orig=491 inHg|Local time: 1400|QC flag: none|Image File: YorkFactory_USSS-314_M1958_1882-08-01_OBS-2.jpg
1882	08	29	21	00	0	15.31	|	orig=452 inHg|Local time: 2100|QC flag: none|Image File: YorkFactory_USSS-314_M1958_1882-08-01_OBS-2.jpg
1882	08	30	07	00	0	9.31	|	orig=275 inHg|Local time: 0700|QC flag: none|Image File: YorkFactory_USSS-314_M1958_1882-08-01_OBS-2.jpg
1882	08	30	14	00	0	18.15	|	orig=536 inHg|Local time: 1400|QC flag: none|Image File: YorkFactory_USSS-314_M1958_1882-08-01_OBS-2.jpg
1882	08	30	21	00	0	15.44	|	orig=456 inHg|Local time: 2100|QC flag: none|Image File: YorkFactory_USSS-314_M1958_1882-08-01_OBS-2.jpg
1882	08	31	07	00	0	10.90	|	orig=322 inHg|Local time: 0700|QC flag: none|Image File: YorkFactory_USSS-314_M1958_1882-08-01_OBS-2.jpg
1882	08	31	14	00	0	18.15	|	orig=536 inHg|Local time: 1400|QC flag: none|Image File: YorkFactory_USSS-314_M1958_1882-08-01_OBS-2.jpg
1882	08	31	21	00	0	15.44	|	orig=456 inHg|Local time: 2100|QC flag: none|Image File: YorkFactory_USSS-314_M1958_1882-08-01_OBS-2.jpg
1882	09	01	07	00	0	10.50	|	orig=310 inHg|Local time: 0700|QC flag: none|Image File: YorkFactory_USSS-314_M1958_1882-09-01_OBS-2.jpg
1882	09	01	14	00	0	18.39	|	orig=543 inHg|Local time: 1400|QC flag: none|Image File: YorkFactory_USSS-314_M1958_1882-09-01_OBS-2.jpg
1882	09	01	21	00	0	15.88	|	orig=469 inHg|Local time: 2100|QC flag: none|Image File: YorkFactory_USSS-314_M1958_1882-09-01_OBS-2.jpg
1882	09	02	07	00	0	10.06	|	orig=297 inHg|Local time: 0700|QC flag: none|Image File: YorkFactory_USSS-314_M1958_1882-09-01_OBS-2.jpg
1882	09	02	14	00	0	18.59	|	orig=549 inHg|Local time: 1400|QC flag: none|Image File: YorkFactory_USSS-314_M1958_1882-09-01_OBS-2.jpg
1882	09	02	21	00	0	14.22	|	orig=420 inHg|Local time: 2100|QC flag: none|Image File: YorkFactory_USSS-314_M1958_1882-09-01_OBS-2.jpg
1882	09	03	07	00	0	8.94	|	orig=264 inHg|Local time: 0700|QC flag: none|Image File: YorkFactory_USSS-314_M1958_1882-09-01_OBS-2.jpg
1882	09	03	14	00	0	10.50	|	orig=310 inHg|Local time: 1400|QC flag: none|Image File: YorkFactory_USSS-314_M1958_1882-09-01_OBS-2.jpg
1882	09	03	21	00	0	10.06	|	orig=297 inHg|Local time: 2100|QC flag: none|Image File: YorkFactory_USSS-314_M1958_1882-09-01_OBS-2.jpg
1882	09	04	07	00	0	9.04	|	orig=267 inHg|Local time: 0700|QC flag: none|Image File: YorkFactory_USSS-314_M1958_1882-09-01_OBS-2.jpg
1882	09	04	14	00	0	11.34	|	orig=335 inHg|Local time: 1400|QC flag: none|Image File: YorkFactory_USSS-314_M1958_1882-09-01_OBS-2.jpg
1882	09	04	21	00	0	9.69	|	orig=286 inHg|Local time: 2100|QC flag: none|Image File: YorkFactory_USSS-314_M1958_1882-09-01_OBS-2.jpg
1882	09	05	07	00	0	7.96	|	orig=235 inHg|Local time: 0700|QC flag: none|Image File: YorkFactory_USSS-314_M1958_1882-09-01_OBS-2.jpg
1882	09	05	14	00	0	10.90	|	orig=322 inHg|Local time: 1400|QC flag: none|Image File: YorkFactory_USSS-314_M1958_1882-09-01_OBS-2.jpg
1882	09	05	21	00	0	7.62	|	orig=225 inHg|Local time: 2100|QC flag: none|Image File: YorkFactory_USSS-314_M1958_1882-09-01_OBS-2.jpg
1882	09	06	07	00	0	7.75	|	orig=229 inHg|Local time: 0700|QC flag: none|Image File: YorkFactory_USSS-314_M1958_1882-09-01_OBS-2.jpg
1882	09	06	14	00	0	10.53	|	orig=311 inHg|Local time: 1400|QC flag: none|Image File: YorkFactory_USSS-314_M1958_1882-09-01_OBS-2.jpg
1882	09	06	21	00	0	8.26	|	orig=244 inHg|Local time: 2100|QC flag: none|Image File: YorkFactory_USSS-314_M1958_1882-09-01_OBS-2.jpg
1882	09	07	07	00	0	7.62	|	orig=225 inHg|Local time: 0700|QC flag: none|Image File: YorkFactory_USSS-314_M1958_1882-09-01_OBS-2.jpg
1882	09	07	14	00	0	12.26	|	orig=362 inHg|Local time: 1400|QC flag: none|Image File: YorkFactory_USSS-314_M1958_1882-09-01_OBS-2.jpg
1882	09	07	21	00	0	11.78	|	orig=348 inHg|Local time: 2100|QC flag: none|Image File: YorkFactory_USSS-314_M1958_1882-09-01_OBS-2.jpg
1882	09	08	07	00	0	9.69	|	orig=286 inHg|Local time: 0700|QC flag: none|Image File: YorkFactory_USSS-314_M1958_1882-09-01_OBS-2.jpg
1882	09	08	14	00	0	12.73	|	orig=376 inHg|Local time: 1400|QC flag: none|Image File: YorkFactory_USSS-314_M1958_1882-09-01_OBS-2.jpg
1882	09	08	21	00	0	11.34	|	orig=335 inHg|Local time: 2100|QC flag: none|Image File: YorkFactory_USSS-314_M1958_1882-09-01_OBS-2.jpg
1882	09	09	07	00	0	8.94	|	orig=264 inHg|Local time: 0700|QC flag: none|Image File: YorkFactory_USSS-314_M1958_1882-09-01_OBS-2.jpg
1882	09	09	14	00	0	13.24	|	orig=391 inHg|Local time: 1400|QC flag: none|Image File: YorkFactory_USSS-314_M1958_1882-09-01_OBS-2.jpg
1882	09	09	21	00	0	10.90	|	orig=322 inHg|Local time: 2100|QC flag: none|Image File: YorkFactory_USSS-314_M1958_1882-09-01_OBS-2.jpg
1882	09	10	07	00	0	9.69	|	orig=286 inHg|Local time: 0700|QC flag: none|Image File: YorkFactory_USSS-314_M1958_1882-09-01_OBS-2.jpg
1882	09	10	14	00	0	13.95	|	orig=412 inHg|Local time: 1400|QC flag: none|Image File: YorkFactory_USSS-314_M1958_1882-09-01_OBS-2.jpg
1882	09	10	21	00	0	12.70	|	orig=375 inHg|Local time: 2100|QC flag: none|Image File: YorkFactory_USSS-314_M1958_1882-09-01_OBS-2.jpg
1882	09	11	07	00	0	10.06	|	orig=297 inHg|Local time: 0700|QC flag: none|Image File: YorkFactory_USSS-314_M1958_1882-09-01_OBS-2.jpg
1882	09	11	14	00	0	12.63	|	orig=373 inHg|Local time: 1400|QC flag: none|Image File: YorkFactory_USSS-314_M1958_1882-09-01_OBS-2.jpg
1882	09	11	21	00	0	10.50	|	orig=310 inHg|Local time: 2100|QC flag: none|Image File: YorkFactory_USSS-314_M1958_1882-09-01_OBS-2.jpg
1882	09	12	07	00	0	7.96	|	orig=235 inHg|Local time: 0700|QC flag: none|Image File: YorkFactory_USSS-314_M1958_1882-09-01_OBS-2.jpg
1882	09	12	14	00	0	15.78	|	orig=466 inHg|Local time: 1400|QC flag: none|Image File: YorkFactory_USSS-314_M1958_1882-09-01_OBS-2.jpg
1882	09	12	21	00	0	11.78	|	orig=348 inHg|Local time: 2100|QC flag: none|Image File: YorkFactory_USSS-314_M1958_1882-09-01_OBS-2.jpg
1882	09	13	07	00	0	8.26	|	orig=244 inHg|Local time: 0700|QC flag: none|Image File: YorkFactory_USSS-314_M1958_1882-09-01_OBS-2.jpg
1882	09	13	14	00	0	11.82	|	orig=349 inHg|Local time: 1400|QC flag: none|Image File: YorkFactory_USSS-314_M1958_1882-09-01_OBS-2.jpg
1882	09	13	21	00	0	8.94	|	orig=264 inHg|Local time: 2100|QC flag: none|Image File: YorkFactory_USSS-314_M1958_1882-09-01_OBS-2.jpg
1882	09	14	07	00	0	7.62	|	orig=225 inHg|Local time: 0700|QC flag: none|Image File: YorkFactory_USSS-314_M1958_1882-09-01_OBS-2.jpg
1882	09	14	14	00	0	10.87	|	orig=321 inHg|Local time: 1400|QC flag: none|Image File: YorkFactory_USSS-314_M1958_1882-09-01_OBS-2.jpg
1882	09	14	21	00	0	10.06	|	orig=297 inHg|Local time: 2100|QC flag: none|Image File: YorkFactory_USSS-314_M1958_1882-09-01_OBS-2.jpg
1882	09	15	07	00	0	7.31	|	orig=216 inHg|Local time: 0700|QC flag: none|Image File: YorkFactory_USSS-314_M1958_1882-09-01_OBS-2.jpg
1882	09	15	14	00	0	9.69	|	orig=286 inHg|Local time: 1400|QC flag: none|Image File: YorkFactory_USSS-314_M1958_1882-09-01_OBS-2.jpg
1882	09	15	21	00	0	6.54	|	orig=193 inHg|Local time: 2100|QC flag: low value|Image File: YorkFactory_USSS-314_M1958_1882-09-01_OBS-2.jpg
1882	09	16	07	00	0	6.06	|	orig=179 inHg|Local time: 0700|QC flag: low value|Image File: YorkFactory_USSS-314_M1958_1882-09-01_OBS-2.jpg
1882	09	16	14	00	0	10.50	|	orig=310 inHg|Local time: 1400|QC flag: none|Image File: YorkFactory_USSS-314_M1958_1882-09-01_OBS-2.jpg
1882	09	16	21	00	0	7.96	|	orig=235 inHg|Local time: 2100|QC flag: none|Image File: YorkFactory_USSS-314_M1958_1882-09-01_OBS-2.jpg
1882	09	17	07	00	0	6.30	|	orig=186 inHg|Local time: 0700|QC flag: low value|Image File: YorkFactory_USSS-314_M1958_1882-09-01_OBS-2.jpg
1882	09	17	14	00	0	10.50	|	orig=310 inHg|Local time: 1400|QC flag: none|Image File: YorkFactory_USSS-314_M1958_1882-09-01_OBS-2.jpg
1882	09	17	21	00	0	7.96	|	orig=235 inHg|Local time: 2100|QC flag: none|Image File: YorkFactory_USSS-314_M1958_1882-09-01_OBS-2.jpg
1882	09	18	07	00	0	6.47	|	orig=191 inHg|Local time: 0700|QC flag: low value|Image File: YorkFactory_USSS-314_M1958_1882-09-01_OBS-2.jpg
1882	09	18	14	00	0	10.90	|	orig=322 inHg|Local time: 1400|QC flag: none|Image File: YorkFactory_USSS-314_M1958_1882-09-01_OBS-2.jpg
1882	09	18	21	00	0	7.62	|	orig=225 inHg|Local time: 2100|QC flag: none|Image File: YorkFactory_USSS-314_M1958_1882-09-01_OBS-2.jpg
1882	09	19	07	00	0	6.20	|	orig=183 inHg|Local time: 0700|QC flag: low value|Image File: YorkFactory_USSS-314_M1958_1882-09-01_OBS-2.jpg
1882	09	19	14	00	0	11.78	|	orig=348 inHg|Local time: 1400|QC flag: none|Image File: YorkFactory_USSS-314_M1958_1882-09-01_OBS-2.jpg
1882	09	19	21	00	0	8.94	|	orig=264 inHg|Local time: 2100|QC flag: none|Image File: YorkFactory_USSS-314_M1958_1882-09-01_OBS-2.jpg
1882	09	20	07	00	0	7.96	|	orig=235 inHg|Local time: 0700|QC flag: none|Image File: YorkFactory_USSS-314_M1958_1882-09-01_OBS-2.jpg
1882	09	20	14	00	0	15.00	|	orig=443 inHg|Local time: 1400|QC flag: none|Image File: YorkFactory_USSS-314_M1958_1882-09-01_OBS-2.jpg
1882	09	20	21	00	0	13.24	|	orig=391 inHg|Local time: 2100|QC flag: none|Image File: YorkFactory_USSS-314_M1958_1882-09-01_OBS-2.jpg
1882	09	21	07	00	0	11.78	|	orig=348 inHg|Local time: 0700|QC flag: none|Image File: YorkFactory_USSS-314_M1958_1882-09-01_OBS-2.jpg
1882	09	21	14	00	0	10.06	|	orig=297 inHg|Local time: 1400|QC flag: none|Image File: YorkFactory_USSS-314_M1958_1882-09-01_OBS-2.jpg
1882	09	21	21	00	0	7.01	|	orig=207 inHg|Local time: 2100|QC flag: none|Image File: YorkFactory_USSS-314_M1958_1882-09-01_OBS-2.jpg
1882	09	22	07	00	0	6.64	|	orig=196 inHg|Local time: 0700|QC flag: low value|Image File: YorkFactory_USSS-314_M1958_1882-09-01_OBS-2.jpg
1882	09	22	14	00	0	8.70	|	orig=257 inHg|Local time: 1400|QC flag: none|Image File: YorkFactory_USSS-314_M1958_1882-09-01_OBS-2.jpg
1882	09	22	21	00	0	7.75	|	orig=229 inHg|Local time: 2100|QC flag: none|Image File: YorkFactory_USSS-314_M1958_1882-09-01_OBS-2.jpg
1882	09	23	07	00	0	6.64	|	orig=196 inHg|Local time: 0700|QC flag: low value|Image File: YorkFactory_USSS-314_M1958_1882-09-01_OBS-2.jpg
1882	09	23	14	00	0	8.60	|	orig=254 inHg|Local time: 1400|QC flag: none|Image File: YorkFactory_USSS-314_M1958_1882-09-01_OBS-2.jpg
1882	09	23	21	00	0	7.31	|	orig=216 inHg|Local time: 2100|QC flag: none|Image File: YorkFactory_USSS-314_M1958_1882-09-01_OBS-2.jpg
1882	09	24	07	00	0	6.20	|	orig=183 inHg|Local time: 0700|QC flag: low value|Image File: YorkFactory_USSS-314_M1958_1882-09-01_OBS-2.jpg
1882	09	24	14	00	0	9.69	|	orig=286 inHg|Local time: 1400|QC flag: none|Image File: YorkFactory_USSS-314_M1958_1882-09-01_OBS-2.jpg
1882	09	24	21	00	0	7.96	|	orig=235 inHg|Local time: 2100|QC flag: none|Image File: YorkFactory_USSS-314_M1958_1882-09-01_OBS-2.jpg
1882	09	25	07	00	0	5.93	|	orig=175 inHg|Local time: 0700|QC flag: low value|Image File: YorkFactory_USSS-314_M1958_1882-09-01_OBS-2.jpg
1882	09	25	14	00	0	10.50	|	orig=310 inHg|Local time: 1400|QC flag: none|Image File: YorkFactory_USSS-314_M1958_1882-09-01_OBS-2.jpg
1882	09	25	21	00	0	8.26	|	orig=244 inHg|Local time: 2100|QC flag: none|Image File: YorkFactory_USSS-314_M1958_1882-09-01_OBS-2.jpg
1882	09	26	07	00	0	6.06	|	orig=179 inHg|Local time: 0700|QC flag: low value|Image File: YorkFactory_USSS-314_M1958_1882-09-01_OBS-2.jpg
1882	09	26	14	00	0	10.06	|	orig=297 inHg|Local time: 1400|QC flag: none|Image File: YorkFactory_USSS-314_M1958_1882-09-01_OBS-2.jpg
1882	09	26	21	00	0	8.70	|	orig=257 inHg|Local time: 2100|QC flag: none|Image File: YorkFactory_USSS-314_M1958_1882-09-01_OBS-2.jpg
1882	09	27	07	00	0	6.13	|	orig=181 inHg|Local time: 0700|QC flag: low value|Image File: YorkFactory_USSS-314_M1958_1882-09-01_OBS-2.jpg
1882	09	27	14	00	0	9.69	|	orig=286 inHg|Local time: 1400|QC flag: none|Image File: YorkFactory_USSS-314_M1958_1882-09-01_OBS-2.jpg
1882	09	27	21	00	0	7.01	|	orig=207 inHg|Local time: 2100|QC flag: none|Image File: YorkFactory_USSS-314_M1958_1882-09-01_OBS-2.jpg
1882	09	28	07	00	0	6.03	|	orig=178 inHg|Local time: 0700|QC flag: low value|Image File: YorkFactory_USSS-314_M1958_1882-09-01_OBS-2.jpg
1882	09	28	14	00	0	8.94	|	orig=264 inHg|Local time: 1400|QC flag: none|Image File: YorkFactory_USSS-314_M1958_1882-09-01_OBS-2.jpg
1882	09	28	21	00	0	7.31	|	orig=216 inHg|Local time: 2100|QC flag: none|Image File: YorkFactory_USSS-314_M1958_1882-09-01_OBS-2.jpg
1882	09	29	07	00	0	5.82	|	orig=172 inHg|Local time: 0700|QC flag: low value|Image File: YorkFactory_USSS-314_M1958_1882-09-01_OBS-2.jpg
1882	09	29	14	00	0	9.69	|	orig=286 inHg|Local time: 1400|QC flag: none|Image File: YorkFactory_USSS-314_M1958_1882-09-01_OBS-2.jpg
1882	09	29	21	00	0	7.62	|	orig=225 inHg|Local time: 2100|QC flag: none|Image File: YorkFactory_USSS-314_M1958_1882-09-01_OBS-2.jpg
1882	09	30	07	00	0	6.06	|	orig=179 inHg|Local time: 0700|QC flag: low value|Image File: YorkFactory_USSS-314_M1958_1882-09-01_OBS-2.jpg
1882	09	30	14	00	0	8.94	|	orig=264 inHg|Local time: 1400|QC flag: none|Image File: YorkFactory_USSS-314_M1958_1882-09-01_OBS-2.jpg
1882	09	30	21	00	0	7.01	|	orig=207 inHg|Local time: 2100|QC flag: none|Image File: YorkFactory_USSS-314_M1958_1882-09-01_OBS-2.jpg
1882	10	01	07	00	0	5.59	|	orig=165 inHg|Local time: 0700|QC flag: low value|Image File: YorkFactory_USSS-314_M1958_1882-10-01_OBS-2.jpg
1882	10	01	14	00	0	7.25	|	orig=214 inHg|Local time: 1400|QC flag: none|Image File: YorkFactory_USSS-314_M1958_1882-10-01_OBS-2.jpg
1882	10	01	21	00	0	5.79	|	orig=171 inHg|Local time: 2100|QC flag: low value|Image File: YorkFactory_USSS-314_M1958_1882-10-01_OBS-2.jpg
1882	10	02	07	00	0	5.66	|	orig=167 inHg|Local time: 0700|QC flag: low value|Image File: YorkFactory_USSS-314_M1958_1882-10-01_OBS-2.jpg
1882	10	02	14	00	0	8.94	|	orig=264 inHg|Local time: 1400|QC flag: none|Image File: YorkFactory_USSS-314_M1958_1882-10-01_OBS-2.jpg
1882	10	02	21	00	0	7.08	|	orig=209 inHg|Local time: 2100|QC flag: none|Image File: YorkFactory_USSS-314_M1958_1882-10-01_OBS-2.jpg
1882	10	03	07	00	0	5.11	|	orig=151 inHg|Local time: 0700|QC flag: low value|Image File: YorkFactory_USSS-314_M1958_1882-10-01_OBS-2.jpg
1882	10	03	14	00	0	7.96	|	orig=235 inHg|Local time: 1400|QC flag: none|Image File: YorkFactory_USSS-314_M1958_1882-10-01_OBS-2.jpg
1882	10	03	21	00	0	7.01	|	orig=207 inHg|Local time: 2100|QC flag: none|Image File: YorkFactory_USSS-314_M1958_1882-10-01_OBS-2.jpg
1882	10	04	07	00	0	5.79	|	orig=171 inHg|Local time: 0700|QC flag: low value|Image File: YorkFactory_USSS-314_M1958_1882-10-01_OBS-2.jpg
1882	10	04	14	00	0	8.94	|	orig=264 inHg|Local time: 1400|QC flag: none|Image File: YorkFactory_USSS-314_M1958_1882-10-01_OBS-2.jpg
1882	10	04	21	00	0	7.96	|	orig=235 inHg|Local time: 2100|QC flag: none|Image File: YorkFactory_USSS-314_M1958_1882-10-01_OBS-2.jpg
1882	10	05	07	00	0	6.06	|	orig=179 inHg|Local time: 0700|QC flag: low value|Image File: YorkFactory_USSS-314_M1958_1882-10-01_OBS-2.jpg
1882	10	05	14	00	0	9.69	|	orig=286 inHg|Local time: 1400|QC flag: none|Image File: YorkFactory_USSS-314_M1958_1882-10-01_OBS-2.jpg
1882	10	05	21	00	0	7.62	|	orig=225 inHg|Local time: 2100|QC flag: none|Image File: YorkFactory_USSS-314_M1958_1882-10-01_OBS-2.jpg
1882	10	06	07	00	0	5.82	|	orig=172 inHg|Local time: 0700|QC flag: low value|Image File: YorkFactory_USSS-314_M1958_1882-10-01_OBS-2.jpg
1882	10	06	14	00	0	10.06	|	orig=297 inHg|Local time: 1400|QC flag: none|Image File: YorkFactory_USSS-314_M1958_1882-10-01_OBS-2.jpg
1882	10	06	21	00	0	8.60	|	orig=254 inHg|Local time: 2100|QC flag: none|Image File: YorkFactory_USSS-314_M1958_1882-10-01_OBS-2.jpg
1882	10	07	07	00	0	6.03	|	orig=178 inHg|Local time: 0700|QC flag: low value|Image File: YorkFactory_USSS-314_M1958_1882-10-01_OBS-2.jpg
1882	10	07	14	00	0	9.31	|	orig=275 inHg|Local time: 1400|QC flag: none|Image File: YorkFactory_USSS-314_M1958_1882-10-01_OBS-2.jpg
1882	10	07	21	00	0	8.26	|	orig=244 inHg|Local time: 2100|QC flag: none|Image File: YorkFactory_USSS-314_M1958_1882-10-01_OBS-2.jpg
1882	10	08	07	00	0	5.32	|	orig=157 inHg|Local time: 0700|QC flag: low value|Image File: YorkFactory_USSS-314_M1958_1882-10-01_OBS-2.jpg
1882	10	08	14	00	0	7.96	|	orig=235 inHg|Local time: 1400|QC flag: none|Image File: YorkFactory_USSS-314_M1958_1882-10-01_OBS-2.jpg
1882	10	08	21	00	0	7.01	|	orig=207 inHg|Local time: 2100|QC flag: none|Image File: YorkFactory_USSS-314_M1958_1882-10-01_OBS-2.jpg
1882	10	09	07	00	0	5.59	|	orig=165 inHg|Local time: 0700|QC flag: low value|Image File: YorkFactory_USSS-314_M1958_1882-10-01_OBS-2.jpg
1882	10	09	14	00	0	8.26	|	orig=244 inHg|Local time: 1400|QC flag: none|Image File: YorkFactory_USSS-314_M1958_1882-10-01_OBS-2.jpg
1882	10	09	21	00	0	7.01	|	orig=207 inHg|Local time: 2100|QC flag: none|Image File: YorkFactory_USSS-314_M1958_1882-10-01_OBS-2.jpg
1882	10	10	07	00	0	5.45	|	orig=161 inHg|Local time: 0700|QC flag: low value|Image File: YorkFactory_USSS-314_M1958_1882-10-01_OBS-2.jpg
1882	10	10	14	00	0	8.94	|	orig=264 inHg|Local time: 1400|QC flag: none|Image File: YorkFactory_USSS-314_M1958_1882-10-01_OBS-2.jpg
1882	10	10	21	00	0	7.62	|	orig=225 inHg|Local time: 2100|QC flag: none|Image File: YorkFactory_USSS-314_M1958_1882-10-01_OBS-2.jpg
1882	10	11	07	00	0	5.93	|	orig=175 inHg|Local time: 0700|QC flag: low value|Image File: YorkFactory_USSS-314_M1958_1882-10-01_OBS-2.jpg
1882	10	11	14	00	0	13.17	|	orig=389 inHg|Local time: 1400|QC flag: none|Image File: YorkFactory_USSS-314_M1958_1882-10-01_OBS-2.jpg
1882	10	11	21	00	0	7.31	|	orig=216 inHg|Local time: 2100|QC flag: none|Image File: YorkFactory_USSS-314_M1958_1882-10-01_OBS-2.jpg
1882	10	12	07	00	0	4.67	|	orig=138 inHg|Local time: 0700|QC flag: low value|Image File: YorkFactory_USSS-314_M1958_1882-10-01_OBS-2.jpg
1882	10	12	14	00	0	7.96	|	orig=235 inHg|Local time: 1400|QC flag: none|Image File: YorkFactory_USSS-314_M1958_1882-10-01_OBS-2.jpg
1882	10	12	21	00	0	7.75	|	orig=229 inHg|Local time: 2100|QC flag: none|Image File: YorkFactory_USSS-314_M1958_1882-10-01_OBS-2.jpg
1882	10	13	07	00	0	6.64	|	orig=196 inHg|Local time: 0700|QC flag: low value|Image File: YorkFactory_USSS-314_M1958_1882-10-01_OBS-2.jpg
1882	10	13	14	00	0	8.70	|	orig=257 inHg|Local time: 1400|QC flag: none|Image File: YorkFactory_USSS-314_M1958_1882-10-01_OBS-2.jpg
1882	10	13	21	00	0	7.75	|	orig=229 inHg|Local time: 2100|QC flag: none|Image File: YorkFactory_USSS-314_M1958_1882-10-01_OBS-2.jpg
1882	10	14	07	00	0	6.06	|	orig=179 inHg|Local time: 0700|QC flag: low value|Image File: YorkFactory_USSS-314_M1958_1882-10-01_OBS-2.jpg
1882	10	14	14	00	0	7.99	|	orig=236 inHg|Local time: 1400|QC flag: none|Image File: YorkFactory_USSS-314_M1958_1882-10-01_OBS-2.jpg
1882	10	14	21	00	0	6.81	|	orig=201 inHg|Local time: 2100|QC flag: none|Image File: YorkFactory_USSS-314_M1958_1882-10-01_OBS-2.jpg
1882	10	15	07	00	0	5.89	|	orig=174 inHg|Local time: 0700|QC flag: low value|Image File: YorkFactory_USSS-314_M1958_1882-10-01_OBS-2.jpg
1882	10	15	14	00	0	6.91	|	orig=204 inHg|Local time: 1400|QC flag: none|Image File: YorkFactory_USSS-314_M1958_1882-10-01_OBS-2.jpg
1882	10	15	21	00	0	5.32	|	orig=157 inHg|Local time: 2100|QC flag: low value|Image File: YorkFactory_USSS-314_M1958_1882-10-01_OBS-2.jpg
1882	10	16	07	00	0	6.13	|	orig=181 inHg|Local time: 0700|QC flag: low value|Image File: YorkFactory_USSS-314_M1958_1882-10-01_OBS-2.jpg
1882	10	16	14	00	0	6.37	|	orig=188 inHg|Local time: 1400|QC flag: low value|Image File: YorkFactory_USSS-314_M1958_1882-10-01_OBS-2.jpg
1882	10	16	21	00	0	6.13	|	orig=181 inHg|Local time: 2100|QC flag: low value|Image File: YorkFactory_USSS-314_M1958_1882-10-01_OBS-2.jpg
1882	10	17	07	00	0	5.66	|	orig=167 inHg|Local time: 0700|QC flag: low value|Image File: YorkFactory_USSS-314_M1958_1882-10-01_OBS-2.jpg
1882	10	17	14	00	0	4.57	|	orig=135 inHg|Local time: 1400|QC flag: low value|Image File: YorkFactory_USSS-314_M1958_1882-10-01_OBS-2.jpg
1882	10	17	21	00	0	4.17	|	orig=123 inHg|Local time: 2100|QC flag: low value|Image File: YorkFactory_USSS-314_M1958_1882-10-01_OBS-2.jpg
1882	10	18	07	00	0	4.37	|	orig=129 inHg|Local time: 0700|QC flag: low value|Image File: YorkFactory_USSS-314_M1958_1882-10-01_OBS-2.jpg
1882	10	18	14	00	0	5.11	|	orig=151 inHg|Local time: 1400|QC flag: low value|Image File: YorkFactory_USSS-314_M1958_1882-10-01_OBS-2.jpg
1882	10	18	21	00	0	3.69	|	orig=109 inHg|Local time: 2100|QC flag: low value|Image File: YorkFactory_USSS-314_M1958_1882-10-01_OBS-2.jpg
1882	10	19	07	00	0	3.69	|	orig=109 inHg|Local time: 0700|QC flag: low value|Image File: YorkFactory_USSS-314_M1958_1882-10-01_OBS-2.jpg
1882	10	19	14	00	0	5.59	|	orig=165 inHg|Local time: 1400|QC flag: low value|Image File: YorkFactory_USSS-314_M1958_1882-10-01_OBS-2.jpg
1882	10	19	21	00	0	4.37	|	orig=129 inHg|Local time: 2100|QC flag: low value|Image File: YorkFactory_USSS-314_M1958_1882-10-01_OBS-2.jpg
1882	10	20	07	00	0	3.22	|	orig=095 inHg|Local time: 0700|QC flag: low value|Image File: YorkFactory_USSS-314_M1958_1882-10-01_OBS-2.jpg
1882	10	20	14	00	0	6.03	|	orig=178 inHg|Local time: 1400|QC flag: low value|Image File: YorkFactory_USSS-314_M1958_1882-10-01_OBS-2.jpg
1882	10	20	21	00	0	5.82	|	orig=172 inHg|Local time: 2100|QC flag: low value|Image File: YorkFactory_USSS-314_M1958_1882-10-01_OBS-2.jpg
1882	10	21	07	00	0	3.56	|	orig=105 inHg|Local time: 0700|QC flag: low value|Image File: YorkFactory_USSS-314_M1958_1882-10-01_OBS-2.jpg
1882	10	21	14	00	0	6.03	|	orig=178 inHg|Local time: 1400|QC flag: low value|Image File: YorkFactory_USSS-314_M1958_1882-10-01_OBS-2.jpg
1882	10	21	21	00	0	5.82	|	orig=172 inHg|Local time: 2100|QC flag: low value|Image File: YorkFactory_USSS-314_M1958_1882-10-01_OBS-2.jpg
1882	10	22	07	00	0	3.89	|	orig=115 inHg|Local time: 0700|QC flag: low value|Image File: YorkFactory_USSS-314_M1958_1882-10-01_OBS-2.jpg
1882	10	22	14	00	0	5.69	|	orig=168 inHg|Local time: 1400|QC flag: low value|Image File: YorkFactory_USSS-314_M1958_1882-10-01_OBS-2.jpg
1882	10	22	21	00	0	5.69	|	orig=168 inHg|Local time: 2100|QC flag: low value|Image File: YorkFactory_USSS-314_M1958_1882-10-01_OBS-2.jpg
1882	10	23	07	00	0	5.45	|	orig=161 inHg|Local time: 0700|QC flag: low value|Image File: YorkFactory_USSS-314_M1958_1882-10-01_OBS-2.jpg
1882	10	23	14	00	0	5.93	|	orig=175 inHg|Local time: 1400|QC flag: low value|Image File: YorkFactory_USSS-314_M1958_1882-10-01_OBS-2.jpg
1882	10	23	21	00	0	5.89	|	orig=174 inHg|Local time: 2100|QC flag: low value|Image File: YorkFactory_USSS-314_M1958_1882-10-01_OBS-2.jpg
1882	10	24	07	00	0	5.89	|	orig=174 inHg|Local time: 0700|QC flag: low value|Image File: YorkFactory_USSS-314_M1958_1882-10-01_OBS-2.jpg
1882	10	24	14	00	0	6.37	|	orig=188 inHg|Local time: 1400|QC flag: low value|Image File: YorkFactory_USSS-314_M1958_1882-10-01_OBS-2.jpg
1882	10	24	21	00	0	6.37	|	orig=188 inHg|Local time: 2100|QC flag: low value|Image File: YorkFactory_USSS-314_M1958_1882-10-01_OBS-2.jpg
1882	10	25	07	00	0	6.13	|	orig=181 inHg|Local time: 0700|QC flag: low value|Image File: YorkFactory_USSS-314_M1958_1882-10-01_OBS-2.jpg
1882	10	25	14	00	0	6.13	|	orig=181 inHg|Local time: 1400|QC flag: low value|Image File: YorkFactory_USSS-314_M1958_1882-10-01_OBS-2.jpg
1882	10	25	21	00	0	6.13	|	orig=181 inHg|Local time: 2100|QC flag: low value|Image File: YorkFactory_USSS-314_M1958_1882-10-01_OBS-2.jpg
1882	10	26	07	00	0	6.13	|	orig=181 inHg|Local time: 0700|QC flag: low value|Image File: YorkFactory_USSS-314_M1958_1882-10-01_OBS-2.jpg
1882	10	26	14	00	0	6.64	|	orig=196 inHg|Local time: 1400|QC flag: low value|Image File: YorkFactory_USSS-314_M1958_1882-10-01_OBS-2.jpg
1882	10	26	21	00	0	6.13	|	orig=181 inHg|Local time: 2100|QC flag: low value|Image File: YorkFactory_USSS-314_M1958_1882-10-01_OBS-2.jpg
1882	10	27	07	00	0	6.13	|	orig=181 inHg|Local time: 0700|QC flag: low value|Image File: YorkFactory_USSS-314_M1958_1882-10-01_OBS-2.jpg
1882	10	27	14	00	0	6.37	|	orig=188 inHg|Local time: 1400|QC flag: low value|Image File: YorkFactory_USSS-314_M1958_1882-10-01_OBS-2.jpg
1882	10	27	21	00	0	6.13	|	orig=181 inHg|Local time: 2100|QC flag: low value|Image File: YorkFactory_USSS-314_M1958_1882-10-01_OBS-2.jpg
1882	10	28	07	00	0	6.13	|	orig=181 inHg|Local time: 0700|QC flag: low value|Image File: YorkFactory_USSS-314_M1958_1882-10-01_OBS-2.jpg
1882	10	28	14	00	0	6.64	|	orig=196 inHg|Local time: 1400|QC flag: low value|Image File: YorkFactory_USSS-314_M1958_1882-10-01_OBS-2.jpg
1882	10	28	21	00	0	6.37	|	orig=188 inHg|Local time: 2100|QC flag: low value|Image File: YorkFactory_USSS-314_M1958_1882-10-01_OBS-2.jpg
1882	10	29	07	00	0	5.66	|	orig=167 inHg|Local time: 0700|QC flag: low value|Image File: YorkFactory_USSS-314_M1958_1882-10-01_OBS-2.jpg
1882	10	29	14	00	0	6.37	|	orig=188 inHg|Local time: 1400|QC flag: low value|Image File: YorkFactory_USSS-314_M1958_1882-10-01_OBS-2.jpg
1882	10	29	21	00	0	5.89	|	orig=174 inHg|Local time: 2100|QC flag: low value|Image File: YorkFactory_USSS-314_M1958_1882-10-01_OBS-2.jpg
1882	10	30	07	00	0	5.89	|	orig=174 inHg|Local time: 0700|QC flag: low value|Image File: YorkFactory_USSS-314_M1958_1882-10-01_OBS-2.jpg
1882	10	30	14	00	0	5.89	|	orig=174 inHg|Local time: 1400|QC flag: low value|Image File: YorkFactory_USSS-314_M1958_1882-10-01_OBS-2.jpg
1882	10	30	21	00	0	5.89	|	orig=174 inHg|Local time: 2100|QC flag: low value|Image File: YorkFactory_USSS-314_M1958_1882-10-01_OBS-2.jpg
1882	10	31	07	00	0	5.66	|	orig=167 inHg|Local time: 0700|QC flag: low value|Image File: YorkFactory_USSS-314_M1958_1882-10-01_OBS-2.jpg
1882	10	31	14	00	0	5.89	|	orig=174 inHg|Local time: 1400|QC flag: low value|Image File: YorkFactory_USSS-314_M1958_1882-10-01_OBS-2.jpg
1882	10	31	21	00	0	5.66	|	orig=167 inHg|Local time: 2100|QC flag: low value|Image File: YorkFactory_USSS-314_M1958_1882-10-01_OBS-2.jpg
1882	11	01	07	00	0	5.18	|	orig=153 inHg|Local time: 0700|QC flag: low value|Image File: YorkFactory_USSS-314_M1958_1882-11-01_OBS-2.jpg
1882	11	01	14	00	0	5.89	|	orig=174 inHg|Local time: 1400|QC flag: low value|Image File: YorkFactory_USSS-314_M1958_1882-11-01_OBS-2.jpg
1882	11	01	21	00	0	5.66	|	orig=167 inHg|Local time: 2100|QC flag: low value|Image File: YorkFactory_USSS-314_M1958_1882-11-01_OBS-2.jpg
1882	11	02	07	00	0	5.35	|	orig=158 inHg|Local time: 0700|QC flag: low value|Image File: YorkFactory_USSS-314_M1958_1882-11-01_OBS-2.jpg
1882	11	02	14	00	0	5.32	|	orig=157 inHg|Local time: 1400|QC flag: low value|Image File: YorkFactory_USSS-314_M1958_1882-11-01_OBS-2.jpg
1882	11	02	21	00	0	5.35	|	orig=158 inHg|Local time: 2100|QC flag: low value|Image File: YorkFactory_USSS-314_M1958_1882-11-01_OBS-2.jpg
1882	11	03	07	00	0	5.01	|	orig=148 inHg|Local time: 0700|QC flag: low value|Image File: YorkFactory_USSS-314_M1958_1882-11-01_OBS-2.jpg
1882	11	03	14	00	0	5.45	|	orig=161 inHg|Local time: 1400|QC flag: low value|Image File: YorkFactory_USSS-314_M1958_1882-11-01_OBS-2.jpg
1882	11	03	21	00	0	5.45	|	orig=161 inHg|Local time: 2100|QC flag: low value|Image File: YorkFactory_USSS-314_M1958_1882-11-01_OBS-2.jpg
1882	11	04	07	00	0	4.77	|	orig=141 inHg|Local time: 0700|QC flag: low value|Image File: YorkFactory_USSS-314_M1958_1882-11-01_OBS-2.jpg
1882	11	04	14	00	0	5.69	|	orig=168 inHg|Local time: 1400|QC flag: low value|Image File: YorkFactory_USSS-314_M1958_1882-11-01_OBS-2.jpg
1882	11	04	21	00	0	5.45	|	orig=161 inHg|Local time: 2100|QC flag: low value|Image File: YorkFactory_USSS-314_M1958_1882-11-01_OBS-2.jpg
1882	11	05	07	00	0	2.57	|	orig=076 inHg|Local time: 0700|QC flag: low value|Image File: YorkFactory_USSS-314_M1958_1882-11-01_OBS-2.jpg
1882	11	05	14	00	0	4.57	|	orig=135 inHg|Local time: 1400|QC flag: low value|Image File: YorkFactory_USSS-314_M1958_1882-11-01_OBS-2.jpg
1882	11	05	21	00	0	3.79	|	orig=112 inHg|Local time: 2100|QC flag: low value|Image File: YorkFactory_USSS-314_M1958_1882-11-01_OBS-2.jpg
1882	11	06	07	00	0	3.45	|	orig=102 inHg|Local time: 0700|QC flag: low value|Image File: YorkFactory_USSS-314_M1958_1882-11-01_OBS-2.jpg
1882	11	06	14	00	0	5.01	|	orig=148 inHg|Local time: 1400|QC flag: low value|Image File: YorkFactory_USSS-314_M1958_1882-11-01_OBS-2.jpg
1882	11	06	21	00	0	5.52	|	orig=163 inHg|Local time: 2100|QC flag: low value|Image File: YorkFactory_USSS-314_M1958_1882-11-01_OBS-2.jpg
1882	11	07	07	00	0	6.03	|	orig=178 inHg|Local time: 0700|QC flag: low value|Image File: YorkFactory_USSS-314_M1958_1882-11-01_OBS-2.jpg
1882	11	07	14	00	0	5.99	|	orig=177 inHg|Local time: 1400|QC flag: low value|Image File: YorkFactory_USSS-314_M1958_1882-11-01_OBS-2.jpg
1882	11	07	21	00	0	5.89	|	orig=174 inHg|Local time: 2100|QC flag: low value|Image File: YorkFactory_USSS-314_M1958_1882-11-01_OBS-2.jpg
1882	11	08	07	00	0	4.88	|	orig=144 inHg|Local time: 0700|QC flag: low value|Image File: YorkFactory_USSS-314_M1958_1882-11-01_OBS-2.jpg
1882	11	08	14	00	0	2.57	|	orig=076 inHg|Local time: 1400|QC flag: low value|Image File: YorkFactory_USSS-314_M1958_1882-11-01_OBS-2.jpg
1882	11	08	21	00	0	1.35	|	orig=040 inHg|Local time: 2100|QC flag: low value|Image File: YorkFactory_USSS-314_M1958_1882-11-01_OBS-2.jpg
1882	11	09	07	00	0	0.47	|	orig=014 inHg|Local time: 0700|QC flag: low value|Image File: YorkFactory_USSS-314_M1958_1882-11-01_OBS-2.jpg
1882	11	09	14	00	0	0.78	|	orig=023 inHg|Local time: 1400|QC flag: low value|Image File: YorkFactory_USSS-314_M1958_1882-11-01_OBS-2.jpg
1882	11	09	21	00	0	1.19	|	orig=035 inHg|Local time: 2100|QC flag: low value|Image File: YorkFactory_USSS-314_M1958_1882-11-01_OBS-2.jpg
1882	11	10	07	00	0	0.54	|	orig=016 inHg|Local time: 0700|QC flag: low value|Image File: YorkFactory_USSS-314_M1958_1882-11-01_OBS-2.jpg
1882	11	10	14	00	0	0.78	|	orig=023 inHg|Local time: 1400|QC flag: low value|Image File: YorkFactory_USSS-314_M1958_1882-11-01_OBS-2.jpg
1882	11	10	21	00	0	0.95	|	orig=028 inHg|Local time: 2100|QC flag: low value|Image File: YorkFactory_USSS-314_M1958_1882-11-01_OBS-2.jpg
1882	11	11	07	00	0	0.85	|	orig=025 inHg|Local time: 0700|QC flag: low value|Image File: YorkFactory_USSS-314_M1958_1882-11-01_OBS-2.jpg
1882	11	11	14	00	0	1.52	|	orig=045 inHg|Local time: 1400|QC flag: low value|Image File: YorkFactory_USSS-314_M1958_1882-11-01_OBS-2.jpg
1882	11	11	21	00	0	2.03	|	orig=060 inHg|Local time: 2100|QC flag: low value|Image File: YorkFactory_USSS-314_M1958_1882-11-01_OBS-2.jpg
1882	11	12	07	00	0	1.93	|	orig=057 inHg|Local time: 0700|QC flag: low value|Image File: YorkFactory_USSS-314_M1958_1882-11-01_OBS-2.jpg
1882	11	12	14	00	0	2.34	|	orig=069 inHg|Local time: 1400|QC flag: low value|Image File: YorkFactory_USSS-314_M1958_1882-11-01_OBS-2.jpg
1882	11	12	21	00	0	2.10	|	orig=062 inHg|Local time: 2100|QC flag: low value|Image File: YorkFactory_USSS-314_M1958_1882-11-01_OBS-2.jpg
1882	11	13	07	00	0	1.66	|	orig=049 inHg|Local time: 0700|QC flag: low value|Image File: YorkFactory_USSS-314_M1958_1882-11-01_OBS-2.jpg
1882	11	13	14	00	0	3.45	|	orig=102 inHg|Local time: 1400|QC flag: low value|Image File: YorkFactory_USSS-314_M1958_1882-11-01_OBS-2.jpg
1882	11	13	21	00	0	3.62	|	orig=107 inHg|Local time: 2100|QC flag: low value|Image File: YorkFactory_USSS-314_M1958_1882-11-01_OBS-2.jpg
1882	11	14	07	00	0	5.99	|	orig=177 inHg|Local time: 0700|QC flag: low value|Image File: YorkFactory_USSS-314_M1958_1882-11-01_OBS-2.jpg
1882	11	14	14	00	0	1.90	|	orig=056 inHg|Local time: 1400|QC flag: low value|Image File: YorkFactory_USSS-314_M1958_1882-11-01_OBS-2.jpg
1882	11	14	21	00	0	1.02	|	orig=030 inHg|Local time: 2100|QC flag: low value|Image File: YorkFactory_USSS-314_M1958_1882-11-01_OBS-2.jpg
1882	11	15	07	00	0	0.91	|	orig=027 inHg|Local time: 0700|QC flag: low value|Image File: YorkFactory_USSS-314_M1958_1882-11-01_OBS-2.jpg
1882	11	15	14	00	0	0.95	|	orig=028 inHg|Local time: 1400|QC flag: low value|Image File: YorkFactory_USSS-314_M1958_1882-11-01_OBS-2.jpg
1882	11	15	21	00	0	0.85	|	orig=025 inHg|Local time: 2100|QC flag: low value|Image File: YorkFactory_USSS-314_M1958_1882-11-01_OBS-2.jpg
1882	11	16	07	00	0	0.58	|	orig=017 inHg|Local time: 0700|QC flag: low value|Image File: YorkFactory_USSS-314_M1958_1882-11-01_OBS-2.jpg
1882	11	16	14	00	0	2.17	|	orig=064 inHg|Local time: 1400|QC flag: low value|Image File: YorkFactory_USSS-314_M1958_1882-11-01_OBS-2.jpg
1882	11	16	21	00	0	5.89	|	orig=174 inHg|Local time: 2100|QC flag: low value|Image File: YorkFactory_USSS-314_M1958_1882-11-01_OBS-2.jpg
1882	11	17	07	00	0	5.89	|	orig=174 inHg|Local time: 0700|QC flag: low value|Image File: YorkFactory_USSS-314_M1958_1882-11-01_OBS-2.jpg
1882	11	17	14	00	0	5.89	|	orig=174 inHg|Local time: 1400|QC flag: low value|Image File: YorkFactory_USSS-314_M1958_1882-11-01_OBS-2.jpg
1882	11	17	21	00	0	3.22	|	orig=095 inHg|Local time: 2100|QC flag: low value|Image File: YorkFactory_USSS-314_M1958_1882-11-01_OBS-2.jpg
1882	11	18	07	00	0	1.63	|	orig=048 inHg|Local time: 0700|QC flag: low value|Image File: YorkFactory_USSS-314_M1958_1882-11-01_OBS-2.jpg
1882	11	18	14	00	0	3.05	|	orig=090 inHg|Local time: 1400|QC flag: low value|Image File: YorkFactory_USSS-314_M1958_1882-11-01_OBS-2.jpg
1882	11	18	21	00	0	2.27	|	orig=067 inHg|Local time: 2100|QC flag: low value|Image File: YorkFactory_USSS-314_M1958_1882-11-01_OBS-2.jpg
1882	11	19	07	00	0	2.78	|	orig=082 inHg|Local time: 0700|QC flag: low value|Image File: YorkFactory_USSS-314_M1958_1882-11-01_OBS-2.jpg
1882	11	19	14	00	0	5.69	|	orig=168 inHg|Local time: 1400|QC flag: low value|Image File: YorkFactory_USSS-314_M1958_1882-11-01_OBS-2.jpg
1882	11	19	21	00	0	5.69	|	orig=168 inHg|Local time: 2100|QC flag: low value|Image File: YorkFactory_USSS-314_M1958_1882-11-01_OBS-2.jpg
1882	11	20	07	00	0	5.69	|	orig=168 inHg|Local time: 0700|QC flag: low value|Image File: YorkFactory_USSS-314_M1958_1882-11-01_OBS-2.jpg
1882	11	20	14	00	0	5.99	|	orig=177 inHg|Local time: 1400|QC flag: low value|Image File: YorkFactory_USSS-314_M1958_1882-11-01_OBS-2.jpg
1882	11	20	21	00	0	6.03	|	orig=178 inHg|Local time: 2100|QC flag: low value|Image File: YorkFactory_USSS-314_M1958_1882-11-01_OBS-2.jpg
1882	11	21	07	00	0	6.03	|	orig=178 inHg|Local time: 0700|QC flag: low value|Image File: YorkFactory_USSS-314_M1958_1882-11-01_OBS-2.jpg
1882	11	21	14	00	0	4.98	|	orig=147 inHg|Local time: 1400|QC flag: low value|Image File: YorkFactory_USSS-314_M1958_1882-11-01_OBS-2.jpg
1882	11	21	21	00	0	4.37	|	orig=129 inHg|Local time: 2100|QC flag: low value|Image File: YorkFactory_USSS-314_M1958_1882-11-01_OBS-2.jpg
1882	11	22	07	00	0	3.32	|	orig=098 inHg|Local time: 0700|QC flag: low value|Image File: YorkFactory_USSS-314_M1958_1882-11-01_OBS-2.jpg
1882	11	22	14	00	0	2.10	|	orig=062 inHg|Local time: 1400|QC flag: low value|Image File: YorkFactory_USSS-314_M1958_1882-11-01_OBS-2.jpg
1882	11	22	21	00	0	1.73	|	orig=051 inHg|Local time: 2100|QC flag: low value|Image File: YorkFactory_USSS-314_M1958_1882-11-01_OBS-2.jpg
1882	11	23	07	00	0	1.35	|	orig=040 inHg|Local time: 0700|QC flag: low value|Image File: YorkFactory_USSS-314_M1958_1882-11-01_OBS-2.jpg
1882	11	23	14	00	0	1.56	|	orig=046 inHg|Local time: 1400|QC flag: low value|Image File: YorkFactory_USSS-314_M1958_1882-11-01_OBS-2.jpg
1882	11	23	21	00	0	1.42	|	orig=042 inHg|Local time: 2100|QC flag: low value|Image File: YorkFactory_USSS-314_M1958_1882-11-01_OBS-2.jpg
1882	11	24	07	00	0	0.98	|	orig=029 inHg|Local time: 0700|QC flag: low value|Image File: YorkFactory_USSS-314_M1958_1882-11-01_OBS-2.jpg
1882	11	24	14	00	0	1.02	|	orig=030 inHg|Local time: 1400|QC flag: low value|Image File: YorkFactory_USSS-314_M1958_1882-11-01_OBS-2.jpg
1882	11	24	21	00	0	1.15	|	orig=034 inHg|Local time: 2100|QC flag: low value|Image File: YorkFactory_USSS-314_M1958_1882-11-01_OBS-2.jpg
1882	11	25	07	00	0	0.78	|	orig=023 inHg|Local time: 0700|QC flag: low value|Image File: YorkFactory_USSS-314_M1958_1882-11-01_OBS-2.jpg
1882	11	25	14	00	0	1.02	|	orig=030 inHg|Local time: 1400|QC flag: low value|Image File: YorkFactory_USSS-314_M1958_1882-11-01_OBS-2.jpg
1882	11	25	21	00	0	1.08	|	orig=032 inHg|Local time: 2100|QC flag: low value|Image File: YorkFactory_USSS-314_M1958_1882-11-01_OBS-2.jpg
1882	11	26	07	00	0	1.42	|	orig=042 inHg|Local time: 0700|QC flag: low value|Image File: YorkFactory_USSS-314_M1958_1882-11-01_OBS-2.jpg
1882	11	26	14	00	0	1.73	|	orig=051 inHg|Local time: 1400|QC flag: low value|Image File: YorkFactory_USSS-314_M1958_1882-11-01_OBS-2.jpg
1882	11	26	21	00	0	1.56	|	orig=046 inHg|Local time: 2100|QC flag: low value|Image File: YorkFactory_USSS-314_M1958_1882-11-01_OBS-2.jpg
1882	11	27	07	00	0	1.15	|	orig=034 inHg|Local time: 0700|QC flag: low value|Image File: YorkFactory_USSS-314_M1958_1882-11-01_OBS-2.jpg
1882	11	27	14	00	0	1.56	|	orig=046 inHg|Local time: 1400|QC flag: low value|Image File: YorkFactory_USSS-314_M1958_1882-11-01_OBS-2.jpg
1882	11	27	21	00	0	1.35	|	orig=040 inHg|Local time: 2100|QC flag: low value|Image File: YorkFactory_USSS-314_M1958_1882-11-01_OBS-2.jpg
1882	11	28	07	00	0	0.98	|	orig=029 inHg|Local time: 0700|QC flag: low value|Image File: YorkFactory_USSS-314_M1958_1882-11-01_OBS-2.jpg
1882	11	28	14	00	0	1.15	|	orig=034 inHg|Local time: 1400|QC flag: low value|Image File: YorkFactory_USSS-314_M1958_1882-11-01_OBS-2.jpg
1882	11	28	21	00	0	1.49	|	orig=044 inHg|Local time: 2100|QC flag: low value|Image File: YorkFactory_USSS-314_M1958_1882-11-01_OBS-2.jpg
1882	11	29	07	00	0	1.73	|	orig=051 inHg|Local time: 0700|QC flag: low value|Image File: YorkFactory_USSS-314_M1958_1882-11-01_OBS-2.jpg
1882	11	29	14	00	0	2.10	|	orig=062 inHg|Local time: 1400|QC flag: low value|Image File: YorkFactory_USSS-314_M1958_1882-11-01_OBS-2.jpg
1882	11	29	21	00	0	3.39	|	orig=100 inHg|Local time: 2100|QC flag: low value|Image File: YorkFactory_USSS-314_M1958_1882-11-01_OBS-2.jpg
1882	11	30	07	00	0	3.05	|	orig=090 inHg|Local time: 0700|QC flag: low value|Image File: YorkFactory_USSS-314_M1958_1882-11-01_OBS-2.jpg
1882	11	30	14	00	0	1.52	|	orig=045 inHg|Local time: 1400|QC flag: low value|Image File: YorkFactory_USSS-314_M1958_1882-11-01_OBS-2.jpg
1882	11	30	21	00	0	0.75	|	orig=022 inHg|Local time: 2100|QC flag: low value|Image File: YorkFactory_USSS-314_M1958_1882-11-01_OBS-2.jpg
1882	12	01	07	00	0	0.68	|	orig=.020 inHg|Local time: 0700|QC flag: low value|Image File: YorkFactory_USSS-314_M1958_1882-12-01_OBS-2.jpg
1882	12	01	14	00	0	0.68	|	orig=.020 inHg|Local time: 1400|QC flag: low value|Image File: YorkFactory_USSS-314_M1958_1882-12-01_OBS-2.jpg
1882	12	01	21	00	0	0.61	|	orig=.018 inHg|Local time: 2100|QC flag: low value|Image File: YorkFactory_USSS-314_M1958_1882-12-01_OBS-2.jpg
1882	12	02	07	00	0	-999	|	orig=" inHg|Local time: 0700|QC flag: missing|Image File: YorkFactory_USSS-314_M1958_1882-12-01_OBS-2.jpg
1882	12	02	14	00	0	-999	|	orig=" inHg|Local time: 1400|QC flag: missing|Image File: YorkFactory_USSS-314_M1958_1882-12-01_OBS-2.jpg
1882	12	02	21	00	0	-999	|	orig=" inHg|Local time: 2100|QC flag: missing|Image File: YorkFactory_USSS-314_M1958_1882-12-01_OBS-2.jpg
1882	12	03	07	00	0	-999	|	orig=" inHg|Local time: 0700|QC flag: missing|Image File: YorkFactory_USSS-314_M1958_1882-12-01_OBS-2.jpg
1882	12	03	14	00	0	-999	|	orig=" inHg|Local time: 1400|QC flag: missing|Image File: YorkFactory_USSS-314_M1958_1882-12-01_OBS-2.jpg
1882	12	03	21	00	0	-999	|	orig=" inHg|Local time: 2100|QC flag: missing|Image File: YorkFactory_USSS-314_M1958_1882-12-01_OBS-2.jpg
1882	12	04	07	00	0	-999	|	orig=" inHg|Local time: 0700|QC flag: missing|Image File: YorkFactory_USSS-314_M1958_1882-12-01_OBS-2.jpg
1882	12	04	14	00	0	0.71	|	orig=.021 inHg|Local time: 1400|QC flag: low value|Image File: YorkFactory_USSS-314_M1958_1882-12-01_OBS-2.jpg
1882	12	04	21	00	0	0.41	|	orig=.012 inHg|Local time: 2100|QC flag: low value|Image File: YorkFactory_USSS-314_M1958_1882-12-01_OBS-2.jpg
1882	12	05	07	00	0	-999	|	orig=- inHg|Local time: 0700|QC flag: missing|Image File: YorkFactory_USSS-314_M1958_1882-12-01_OBS-2.jpg
1882	12	05	14	00	0	0.41	|	orig=.012 inHg|Local time: 1400|QC flag: low value|Image File: YorkFactory_USSS-314_M1958_1882-12-01_OBS-2.jpg
1882	12	05	21	00	0	0.61	|	orig=.018 inHg|Local time: 2100|QC flag: low value|Image File: YorkFactory_USSS-314_M1958_1882-12-01_OBS-2.jpg
1882	12	06	07	00	0	-999	|	orig=- inHg|Local time: 0700|QC flag: missing|Image File: YorkFactory_USSS-314_M1958_1882-12-01_OBS-2.jpg
1882	12	06	14	00	0	-999	|	orig=- inHg|Local time: 1400|QC flag: missing|Image File: YorkFactory_USSS-314_M1958_1882-12-01_OBS-2.jpg
1882	12	06	21	00	0	-999	|	orig=- inHg|Local time: 2100|QC flag: missing|Image File: YorkFactory_USSS-314_M1958_1882-12-01_OBS-2.jpg
1882	12	07	07	00	0	-999	|	orig=- inHg|Local time: 0700|QC flag: missing|Image File: YorkFactory_USSS-314_M1958_1882-12-01_OBS-2.jpg
1882	12	07	14	00	0	0.68	|	orig=.020 inHg|Local time: 1400|QC flag: low value|Image File: YorkFactory_USSS-314_M1958_1882-12-01_OBS-2.jpg
1882	12	07	21	00	0	0.37	|	orig=.011 inHg|Local time: 2100|QC flag: low value|Image File: YorkFactory_USSS-314_M1958_1882-12-01_OBS-2.jpg
1882	12	08	07	00	0	-999	|	orig=- inHg|Local time: 0700|QC flag: missing|Image File: YorkFactory_USSS-314_M1958_1882-12-01_OBS-2.jpg
1882	12	08	14	00	0	0.41	|	orig=.012 inHg|Local time: 1400|QC flag: low value|Image File: YorkFactory_USSS-314_M1958_1882-12-01_OBS-2.jpg
1882	12	08	21	00	0	-999	|	orig=- inHg|Local time: 2100|QC flag: missing|Image File: YorkFactory_USSS-314_M1958_1882-12-01_OBS-2.jpg
1882	12	09	07	00	0	-999	|	orig=- inHg|Local time: 0700|QC flag: missing|Image File: YorkFactory_USSS-314_M1958_1882-12-01_OBS-2.jpg
1882	12	09	14	00	0	0.61	|	orig=.018 inHg|Local time: 1400|QC flag: low value|Image File: YorkFactory_USSS-314_M1958_1882-12-01_OBS-2.jpg
1882	12	09	21	00	0	-999	|	orig=- inHg|Local time: 2100|QC flag: missing|Image File: YorkFactory_USSS-314_M1958_1882-12-01_OBS-2.jpg
1882	12	10	07	00	0	-999	|	orig=- inHg|Local time: 0700|QC flag: missing|Image File: YorkFactory_USSS-314_M1958_1882-12-01_OBS-2.jpg
1882	12	10	14	00	0	0.75	|	orig=.022 inHg|Local time: 1400|QC flag: low value|Image File: YorkFactory_USSS-314_M1958_1882-12-01_OBS-2.jpg
1882	12	10	21	00	0	0.98	|	orig=.029 inHg|Local time: 2100|QC flag: low value|Image File: YorkFactory_USSS-314_M1958_1882-12-01_OBS-2.jpg
1882	12	11	07	00	0	1.02	|	orig=.030 inHg|Local time: 0700|QC flag: low value|Image File: YorkFactory_USSS-314_M1958_1882-12-01_OBS-2.jpg
1882	12	11	14	00	0	0.78	|	orig=.023 inHg|Local time: 1400|QC flag: low value|Image File: YorkFactory_USSS-314_M1958_1882-12-01_OBS-2.jpg
1882	12	11	21	00	0	0.61	|	orig=.018 inHg|Local time: 2100|QC flag: low value|Image File: YorkFactory_USSS-314_M1958_1882-12-01_OBS-2.jpg
1882	12	12	07	00	0	0.41	|	orig=.012 inHg|Local time: 0700|QC flag: low value|Image File: YorkFactory_USSS-314_M1958_1882-12-01_OBS-2.jpg
1882	12	12	14	00	0	0.71	|	orig=.021 inHg|Local time: 1400|QC flag: low value|Image File: YorkFactory_USSS-314_M1958_1882-12-01_OBS-2.jpg
1882	12	12	21	00	0	0.68	|	orig=.020 inHg|Local time: 2100|QC flag: low value|Image File: YorkFactory_USSS-314_M1958_1882-12-01_OBS-2.jpg
1882	12	13	07	00	0	-999	|	orig=- inHg|Local time: 0700|QC flag: missing|Image File: YorkFactory_USSS-314_M1958_1882-12-01_OBS-2.jpg
1882	12	13	14	00	0	0.41	|	orig=.012 inHg|Local time: 1400|QC flag: low value|Image File: YorkFactory_USSS-314_M1958_1882-12-01_OBS-2.jpg
1882	12	13	21	00	0	-999	|	orig=- inHg|Local time: 2100|QC flag: missing|Image File: YorkFactory_USSS-314_M1958_1882-12-01_OBS-2.jpg
1882	12	14	07	00	0	-999	|	orig=- inHg|Local time: 0700|QC flag: missing|Image File: YorkFactory_USSS-314_M1958_1882-12-01_OBS-2.jpg
1882	12	14	14	00	0	0.54	|	orig=.016 inHg|Local time: 1400|QC flag: low value|Image File: YorkFactory_USSS-314_M1958_1882-12-01_OBS-2.jpg
1882	12	14	21	00	0	0.37	|	orig=.011 inHg|Local time: 2100|QC flag: low value|Image File: YorkFactory_USSS-314_M1958_1882-12-01_OBS-2.jpg
1882	12	15	07	00	0	-999	|	orig=- inHg|Local time: 0700|QC flag: missing|Image File: YorkFactory_USSS-314_M1958_1882-12-01_OBS-2.jpg
1882	12	15	14	00	0	0.51	|	orig=.015 inHg|Local time: 1400|QC flag: low value|Image File: YorkFactory_USSS-314_M1958_1882-12-01_OBS-2.jpg
1882	12	15	21	00	0	-999	|	orig=- inHg|Local time: 2100|QC flag: missing|Image File: YorkFactory_USSS-314_M1958_1882-12-01_OBS-2.jpg
1882	12	16	07	00	0	-999	|	orig=- inHg|Local time: 0700|QC flag: missing|Image File: YorkFactory_USSS-314_M1958_1882-12-01_OBS-2.jpg
1882	12	16	14	00	0	0.75	|	orig=.022 inHg|Local time: 1400|QC flag: low value|Image File: YorkFactory_USSS-314_M1958_1882-12-01_OBS-2.jpg
1882	12	16	21	00	0	0.91	|	orig=.027 inHg|Local time: 2100|QC flag: low value|Image File: YorkFactory_USSS-314_M1958_1882-12-01_OBS-2.jpg
1882	12	17	07	00	0	0.78	|	orig=.023 inHg|Local time: 0700|QC flag: low value|Image File: YorkFactory_USSS-314_M1958_1882-12-01_OBS-2.jpg
1882	12	17	14	00	0	1.29	|	orig=.038 inHg|Local time: 1400|QC flag: low value|Image File: YorkFactory_USSS-314_M1958_1882-12-01_OBS-2.jpg
1882	12	17	21	00	0	0.88	|	orig=.026 inHg|Local time: 2100|QC flag: low value|Image File: YorkFactory_USSS-314_M1958_1882-12-01_OBS-2.jpg
1882	12	18	07	00	0	0.68	|	orig=.020 inHg|Local time: 0700|QC flag: low value|Image File: YorkFactory_USSS-314_M1958_1882-12-01_OBS-2.jpg
1882	12	18	14	00	0	1.02	|	orig=.030 inHg|Local time: 1400|QC flag: low value|Image File: YorkFactory_USSS-314_M1958_1882-12-01_OBS-2.jpg
1882	12	18	21	00	0	1.05	|	orig=.031 inHg|Local time: 2100|QC flag: low value|Image File: YorkFactory_USSS-314_M1958_1882-12-01_OBS-2.jpg
1882	12	19	07	00	0	0.81	|	orig=.024 inHg|Local time: 0700|QC flag: low value|Image File: YorkFactory_USSS-314_M1958_1882-12-01_OBS-2.jpg
1882	12	19	14	00	0	1.49	|	orig=.044 inHg|Local time: 1400|QC flag: low value|Image File: YorkFactory_USSS-314_M1958_1882-12-01_OBS-2.jpg
1882	12	19	21	00	0	0.88	|	orig=.026 inHg|Local time: 2100|QC flag: low value|Image File: YorkFactory_USSS-314_M1958_1882-12-01_OBS-2.jpg
1882	12	20	07	00	0	0.78	|	orig=.023 inHg|Local time: 0700|QC flag: low value|Image File: YorkFactory_USSS-314_M1958_1882-12-01_OBS-2.jpg
1882	12	20	14	00	0	2.10	|	orig=.062 inHg|Local time: 1400|QC flag: low value|Image File: YorkFactory_USSS-314_M1958_1882-12-01_OBS-2.jpg
1882	12	20	21	00	0	0.91	|	orig=.027 inHg|Local time: 2100|QC flag: low value|Image File: YorkFactory_USSS-314_M1958_1882-12-01_OBS-2.jpg
1882	12	21	07	00	0	0.71	|	orig=.021 inHg|Local time: 0700|QC flag: low value|Image File: YorkFactory_USSS-314_M1958_1882-12-01_OBS-2.jpg
1882	12	21	14	00	0	2.10	|	orig=.062 inHg|Local time: 1400|QC flag: low value|Image File: YorkFactory_USSS-314_M1958_1882-12-01_OBS-2.jpg
1882	12	21	21	00	0	1.73	|	orig=.051 inHg|Local time: 2100|QC flag: low value|Image File: YorkFactory_USSS-314_M1958_1882-12-01_OBS-2.jpg
1882	12	22	07	00	0	0.98	|	orig=.029 inHg|Local time: 0700|QC flag: low value|Image File: YorkFactory_USSS-314_M1958_1882-12-01_OBS-2.jpg
1882	12	22	14	00	0	2.00	|	orig=.059 inHg|Local time: 1400|QC flag: low value|Image File: YorkFactory_USSS-314_M1958_1882-12-01_OBS-2.jpg
1882	12	22	21	00	0	0.78	|	orig=.023 inHg|Local time: 2100|QC flag: low value|Image File: YorkFactory_USSS-314_M1958_1882-12-01_OBS-2.jpg
1882	12	23	07	00	0	0.81	|	orig=.024 inHg|Local time: 0700|QC flag: low value|Image File: YorkFactory_USSS-314_M1958_1882-12-01_OBS-2.jpg
1882	12	23	14	00	0	1.73	|	orig=.051 inHg|Local time: 1400|QC flag: low value|Image File: YorkFactory_USSS-314_M1958_1882-12-01_OBS-2.jpg
1882	12	23	21	00	0	1.49	|	orig=.044 inHg|Local time: 2100|QC flag: low value|Image File: YorkFactory_USSS-314_M1958_1882-12-01_OBS-2.jpg
1882	12	24	07	00	0	1.02	|	orig=.030 inHg|Local time: 0700|QC flag: low value|Image File: YorkFactory_USSS-314_M1958_1882-12-01_OBS-2.jpg
1882	12	24	14	00	0	1.56	|	orig=.046 inHg|Local time: 1400|QC flag: low value|Image File: YorkFactory_USSS-314_M1958_1882-12-01_OBS-2.jpg
1882	12	24	21	00	0	1.15	|	orig=.034 inHg|Local time: 2100|QC flag: low value|Image File: YorkFactory_USSS-314_M1958_1882-12-01_OBS-2.jpg
1882	12	25	07	00	0	0.78	|	orig=.023 inHg|Local time: 0700|QC flag: low value|Image File: YorkFactory_USSS-314_M1958_1882-12-01_OBS-2.jpg
1882	12	25	14	00	0	1.83	|	orig=.054 inHg|Local time: 1400|QC flag: low value|Image File: YorkFactory_USSS-314_M1958_1882-12-01_OBS-2.jpg
1882	12	25	21	00	0	1.25	|	orig=.037 inHg|Local time: 2100|QC flag: low value|Image File: YorkFactory_USSS-314_M1958_1882-12-01_OBS-2.jpg
1882	12	26	07	00	0	1.02	|	orig=.030 inHg|Local time: 0700|QC flag: low value|Image File: YorkFactory_USSS-314_M1958_1882-12-01_OBS-2.jpg
1882	12	26	14	00	0	1.56	|	orig=.046 inHg|Local time: 1400|QC flag: low value|Image File: YorkFactory_USSS-314_M1958_1882-12-01_OBS-2.jpg
1882	12	26	21	00	0	1.08	|	orig=.032 inHg|Local time: 2100|QC flag: low value|Image File: YorkFactory_USSS-314_M1958_1882-12-01_OBS-2.jpg
1882	12	27	07	00	0	1.15	|	orig=.034 inHg|Local time: 0700|QC flag: low value|Image File: YorkFactory_USSS-314_M1958_1882-12-01_OBS-2.jpg
1882	12	27	14	00	0	1.73	|	orig=.051 inHg|Local time: 1400|QC flag: low value|Image File: YorkFactory_USSS-314_M1958_1882-12-01_OBS-2.jpg
1882	12	27	21	00	0	1.42	|	orig=.042 inHg|Local time: 2100|QC flag: low value|Image File: YorkFactory_USSS-314_M1958_1882-12-01_OBS-2.jpg
1882	12	28	07	00	0	1.35	|	orig=.040 inHg|Local time: 0700|QC flag: low value|Image File: YorkFactory_USSS-314_M1958_1882-12-01_OBS-2.jpg
1882	12	28	14	00	0	2.10	|	orig=.062 inHg|Local time: 1400|QC flag: low value|Image File: YorkFactory_USSS-314_M1958_1882-12-01_OBS-2.jpg
1882	12	28	21	00	0	1.86	|	orig=.055 inHg|Local time: 2100|QC flag: low value|Image File: YorkFactory_USSS-314_M1958_1882-12-01_OBS-2.jpg
1882	12	29	07	00	0	1.69	|	orig=.050 inHg|Local time: 0700|QC flag: low value|Image File: YorkFactory_USSS-314_M1958_1882-12-01_OBS-2.jpg
1882	12	29	14	00	0	2.10	|	orig=.062 inHg|Local time: 1400|QC flag: low value|Image File: YorkFactory_USSS-314_M1958_1882-12-01_OBS-2.jpg
1882	12	29	21	00	0	1.29	|	orig=.038 inHg|Local time: 2100|QC flag: low value|Image File: YorkFactory_USSS-314_M1958_1882-12-01_OBS-2.jpg
1882	12	30	07	00	0	0.68	|	orig=.020 inHg|Local time: 0700|QC flag: low value|Image File: YorkFactory_USSS-314_M1958_1882-12-01_OBS-2.jpg
1882	12	30	14	00	0	0.68	|	orig=.020 inHg|Local time: 1400|QC flag: low value|Image File: YorkFactory_USSS-314_M1958_1882-12-01_OBS-2.jpg
1882	12	30	21	00	0	0.68	|	orig=.020 inHg|Local time: 2100|QC flag: low value|Image File: YorkFactory_USSS-314_M1958_1882-12-01_OBS-2.jpg
1882	12	31	07	00	0	-999	|	orig=- inHg|Local time: 0700|QC flag: missing|Image File: YorkFactory_USSS-314_M1958_1882-12-01_OBS-2.jpg
1882	12	31	14	00	0	0.78	|	orig=.023 inHg|Local time: 1400|QC flag: low value|Image File: YorkFactory_USSS-314_M1958_1882-12-01_OBS-2.jpg
1882	12	31	21	00	0	-999	|	orig=- inHg|Local time: 2100|QC flag: missing|Image File: YorkFactory_USSS-314_M1958_1882-12-01_OBS-2.jpg
1883	01	01	07	00	0	-999	|	orig=- inHg|Local time: 0700|QC flag: missing|Image File: YorkFactory_USSS-314_M1958_1883-01-01_OBS-2.jpg
1883	01	01	14	00	0	0.41	|	orig=.012 inHg|Local time: 1400|QC flag: low value|Image File: YorkFactory_USSS-314_M1958_1883-01-01_OBS-2.jpg
1883	01	01	21	00	0	-999	|	orig=- inHg|Local time: 2100|QC flag: missing|Image File: YorkFactory_USSS-314_M1958_1883-01-01_OBS-2.jpg
1883	01	02	07	00	0	-999	|	orig=- inHg|Local time: 0700|QC flag: missing|Image File: YorkFactory_USSS-314_M1958_1883-01-01_OBS-2.jpg
1883	01	02	14	00	0	-999	|	orig=- inHg|Local time: 1400|QC flag: missing|Image File: YorkFactory_USSS-314_M1958_1883-01-01_OBS-2.jpg
1883	01	02	21	00	0	-999	|	orig=- inHg|Local time: 2100|QC flag: missing|Image File: YorkFactory_USSS-314_M1958_1883-01-01_OBS-2.jpg
1883	01	03	07	00	0	-999	|	orig=- inHg|Local time: 0700|QC flag: missing|Image File: YorkFactory_USSS-314_M1958_1883-01-01_OBS-2.jpg
1883	01	03	14	00	0	-999	|	orig=- inHg|Local time: 1400|QC flag: missing|Image File: YorkFactory_USSS-314_M1958_1883-01-01_OBS-2.jpg
1883	01	03	21	00	0	-999	|	orig=- inHg|Local time: 2100|QC flag: missing|Image File: YorkFactory_USSS-314_M1958_1883-01-01_OBS-2.jpg
1883	01	04	07	00	0	-999	|	orig=- inHg|Local time: 0700|QC flag: missing|Image File: YorkFactory_USSS-314_M1958_1883-01-01_OBS-2.jpg
1883	01	04	14	00	0	-999	|	orig=- inHg|Local time: 1400|QC flag: missing|Image File: YorkFactory_USSS-314_M1958_1883-01-01_OBS-2.jpg
1883	01	04	21	00	0	-999	|	orig=- inHg|Local time: 2100|QC flag: missing|Image File: YorkFactory_USSS-314_M1958_1883-01-01_OBS-2.jpg
1883	01	05	07	00	0	-999	|	orig=- inHg|Local time: 0700|QC flag: missing|Image File: YorkFactory_USSS-314_M1958_1883-01-01_OBS-2.jpg
1883	01	05	14	00	0	-999	|	orig=- inHg|Local time: 1400|QC flag: missing|Image File: YorkFactory_USSS-314_M1958_1883-01-01_OBS-2.jpg
1883	01	05	21	00	0	-999	|	orig=- inHg|Local time: 2100|QC flag: missing|Image File: YorkFactory_USSS-314_M1958_1883-01-01_OBS-2.jpg
1883	01	06	07	00	0	-999	|	orig=- inHg|Local time: 0700|QC flag: missing|Image File: YorkFactory_USSS-314_M1958_1883-01-01_OBS-2.jpg
1883	01	06	14	00	0	-999	|	orig=- inHg|Local time: 1400|QC flag: missing|Image File: YorkFactory_USSS-314_M1958_1883-01-01_OBS-2.jpg
1883	01	06	21	00	0	0.41	|	orig=.012 inHg|Local time: 2100|QC flag: low value|Image File: YorkFactory_USSS-314_M1958_1883-01-01_OBS-2.jpg
1883	01	07	07	00	0	-999	|	orig=- inHg|Local time: 0700|QC flag: missing|Image File: YorkFactory_USSS-314_M1958_1883-01-01_OBS-2.jpg
1883	01	07	14	00	0	-999	|	orig=- inHg|Local time: 1400|QC flag: missing|Image File: YorkFactory_USSS-314_M1958_1883-01-01_OBS-2.jpg
1883	01	07	21	00	0	-999	|	orig=- inHg|Local time: 2100|QC flag: missing|Image File: YorkFactory_USSS-314_M1958_1883-01-01_OBS-2.jpg
1883	01	08	07	00	0	-999	|	orig=- inHg|Local time: 0700|QC flag: missing|Image File: YorkFactory_USSS-314_M1958_1883-01-01_OBS-2.jpg
1883	01	08	14	00	0	-999	|	orig=- inHg|Local time: 1400|QC flag: missing|Image File: YorkFactory_USSS-314_M1958_1883-01-01_OBS-2.jpg
1883	01	08	21	00	0	-999	|	orig=- inHg|Local time: 2100|QC flag: missing|Image File: YorkFactory_USSS-314_M1958_1883-01-01_OBS-2.jpg
1883	01	09	07	00	0	-999	|	orig=- inHg|Local time: 0700|QC flag: missing|Image File: YorkFactory_USSS-314_M1958_1883-01-01_OBS-2.jpg
1883	01	09	14	00	0	-999	|	orig=- inHg|Local time: 1400|QC flag: missing|Image File: YorkFactory_USSS-314_M1958_1883-01-01_OBS-2.jpg
1883	01	09	21	00	0	-999	|	orig=- inHg|Local time: 2100|QC flag: missing|Image File: YorkFactory_USSS-314_M1958_1883-01-01_OBS-2.jpg
1883	01	10	07	00	0	-999	|	orig=- inHg|Local time: 0700|QC flag: missing|Image File: YorkFactory_USSS-314_M1958_1883-01-01_OBS-2.jpg
1883	01	10	14	00	0	-999	|	orig=- inHg|Local time: 1400|QC flag: missing|Image File: YorkFactory_USSS-314_M1958_1883-01-01_OBS-2.jpg
1883	01	10	21	00	0	-999	|	orig=- inHg|Local time: 2100|QC flag: missing|Image File: YorkFactory_USSS-314_M1958_1883-01-01_OBS-2.jpg
1883	01	11	07	00	0	-999	|	orig=- inHg|Local time: 0700|QC flag: missing|Image File: YorkFactory_USSS-314_M1958_1883-01-01_OBS-2.jpg
1883	01	11	14	00	0	-999	|	orig=- inHg|Local time: 1400|QC flag: missing|Image File: YorkFactory_USSS-314_M1958_1883-01-01_OBS-2.jpg
1883	01	11	21	00	0	-999	|	orig=- inHg|Local time: 2100|QC flag: missing|Image File: YorkFactory_USSS-314_M1958_1883-01-01_OBS-2.jpg
1883	01	12	07	00	0	-999	|	orig=- inHg|Local time: 0700|QC flag: missing|Image File: YorkFactory_USSS-314_M1958_1883-01-01_OBS-2.jpg
1883	01	12	14	00	0	-999	|	orig=- inHg|Local time: 1400|QC flag: missing|Image File: YorkFactory_USSS-314_M1958_1883-01-01_OBS-2.jpg
1883	01	12	21	00	0	-999	|	orig=- inHg|Local time: 2100|QC flag: missing|Image File: YorkFactory_USSS-314_M1958_1883-01-01_OBS-2.jpg
1883	01	13	07	00	0	-999	|	orig=- inHg|Local time: 0700|QC flag: missing|Image File: YorkFactory_USSS-314_M1958_1883-01-01_OBS-2.jpg
1883	01	13	14	00	0	-999	|	orig=- inHg|Local time: 1400|QC flag: missing|Image File: YorkFactory_USSS-314_M1958_1883-01-01_OBS-2.jpg
1883	01	13	21	00	0	-999	|	orig=- inHg|Local time: 2100|QC flag: missing|Image File: YorkFactory_USSS-314_M1958_1883-01-01_OBS-2.jpg
1883	01	14	07	00	0	0.41	|	orig=.012 inHg|Local time: 0700|QC flag: low value|Image File: YorkFactory_USSS-314_M1958_1883-01-01_OBS-2.jpg
1883	01	14	14	00	0	0.68	|	orig=.020 inHg|Local time: 1400|QC flag: low value|Image File: YorkFactory_USSS-314_M1958_1883-01-01_OBS-2.jpg
1883	01	14	21	00	0	0.44	|	orig=.013 inHg|Local time: 2100|QC flag: low value|Image File: YorkFactory_USSS-314_M1958_1883-01-01_OBS-2.jpg
1883	01	15	07	00	0	0.41	|	orig=.012 inHg|Local time: 0700|QC flag: low value|Image File: YorkFactory_USSS-314_M1958_1883-01-01_OBS-2.jpg
1883	01	15	14	00	0	0.68	|	orig=.020 inHg|Local time: 1400|QC flag: low value|Image File: YorkFactory_USSS-314_M1958_1883-01-01_OBS-2.jpg
1883	01	15	21	00	0	0.68	|	orig=.020 inHg|Local time: 2100|QC flag: low value|Image File: YorkFactory_USSS-314_M1958_1883-01-01_OBS-2.jpg
1883	01	16	07	00	0	-999	|	orig=- inHg|Local time: 0700|QC flag: missing|Image File: YorkFactory_USSS-314_M1958_1883-01-01_OBS-2.jpg
1883	01	16	14	00	0	0.91	|	orig=.027 inHg|Local time: 1400|QC flag: low value|Image File: YorkFactory_USSS-314_M1958_1883-01-01_OBS-2.jpg
1883	01	16	21	00	0	-999	|	orig=- inHg|Local time: 2100|QC flag: missing|Image File: YorkFactory_USSS-314_M1958_1883-01-01_OBS-2.jpg
1883	01	17	07	00	0	-999	|	orig=- inHg|Local time: 0700|QC flag: missing|Image File: YorkFactory_USSS-314_M1958_1883-01-01_OBS-2.jpg
1883	01	17	14	00	0	-999	|	orig=- inHg|Local time: 1400|QC flag: missing|Image File: YorkFactory_USSS-314_M1958_1883-01-01_OBS-2.jpg
1883	01	17	21	00	0	-999	|	orig=- inHg|Local time: 2100|QC flag: missing|Image File: YorkFactory_USSS-314_M1958_1883-01-01_OBS-2.jpg
1883	01	18	07	00	0	-999	|	orig=- inHg|Local time: 0700|QC flag: missing|Image File: YorkFactory_USSS-314_M1958_1883-01-01_OBS-2.jpg
1883	01	18	14	00	0	-999	|	orig=- inHg|Local time: 1400|QC flag: missing|Image File: YorkFactory_USSS-314_M1958_1883-01-01_OBS-2.jpg
1883	01	18	21	00	0	-999	|	orig=- inHg|Local time: 2100|QC flag: missing|Image File: YorkFactory_USSS-314_M1958_1883-01-01_OBS-2.jpg
1883	01	19	07	00	0	-999	|	orig=- inHg|Local time: 0700|QC flag: missing|Image File: YorkFactory_USSS-314_M1958_1883-01-01_OBS-2.jpg
1883	01	19	14	00	0	-999	|	orig=- inHg|Local time: 1400|QC flag: missing|Image File: YorkFactory_USSS-314_M1958_1883-01-01_OBS-2.jpg
1883	01	19	21	00	0	-999	|	orig=- inHg|Local time: 2100|QC flag: missing|Image File: YorkFactory_USSS-314_M1958_1883-01-01_OBS-2.jpg
1883	01	20	07	00	0	-999	|	orig=- inHg|Local time: 0700|QC flag: missing|Image File: YorkFactory_USSS-314_M1958_1883-01-01_OBS-2.jpg
1883	01	20	14	00	0	-999	|	orig=- inHg|Local time: 1400|QC flag: missing|Image File: YorkFactory_USSS-314_M1958_1883-01-01_OBS-2.jpg
1883	01	20	21	00	0	-999	|	orig=- inHg|Local time: 2100|QC flag: missing|Image File: YorkFactory_USSS-314_M1958_1883-01-01_OBS-2.jpg
1883	01	21	07	00	0	-999	|	orig=- inHg|Local time: 0700|QC flag: missing|Image File: YorkFactory_USSS-314_M1958_1883-01-01_OBS-2.jpg
1883	01	21	14	00	0	-999	|	orig=- inHg|Local time: 1400|QC flag: missing|Image File: YorkFactory_USSS-314_M1958_1883-01-01_OBS-2.jpg
1883	01	21	21	00	0	-999	|	orig=- inHg|Local time: 2100|QC flag: missing|Image File: YorkFactory_USSS-314_M1958_1883-01-01_OBS-2.jpg
1883	01	22	07	00	0	-999	|	orig=- inHg|Local time: 0700|QC flag: missing|Image File: YorkFactory_USSS-314_M1958_1883-01-01_OBS-2.jpg
1883	01	22	14	00	0	-999	|	orig=- inHg|Local time: 1400|QC flag: missing|Image File: YorkFactory_USSS-314_M1958_1883-01-01_OBS-2.jpg
1883	01	22	21	00	0	-999	|	orig=- inHg|Local time: 2100|QC flag: missing|Image File: YorkFactory_USSS-314_M1958_1883-01-01_OBS-2.jpg
1883	01	23	07	00	0	-999	|	orig=- inHg|Local time: 0700|QC flag: missing|Image File: YorkFactory_USSS-314_M1958_1883-01-01_OBS-2.jpg
1883	01	23	14	00	0	-999	|	orig=- inHg|Local time: 1400|QC flag: missing|Image File: YorkFactory_USSS-314_M1958_1883-01-01_OBS-2.jpg
1883	01	23	21	00	0	-999	|	orig=- inHg|Local time: 2100|QC flag: missing|Image File: YorkFactory_USSS-314_M1958_1883-01-01_OBS-2.jpg
1883	01	24	07	00	0	-999	|	orig=- inHg|Local time: 0700|QC flag: missing|Image File: YorkFactory_USSS-314_M1958_1883-01-01_OBS-2.jpg
1883	01	24	14	00	0	0.64	|	orig=.019 inHg|Local time: 1400|QC flag: low value|Image File: YorkFactory_USSS-314_M1958_1883-01-01_OBS-2.jpg
1883	01	24	21	00	0	0.51	|	orig=.015 inHg|Local time: 2100|QC flag: low value|Image File: YorkFactory_USSS-314_M1958_1883-01-01_OBS-2.jpg
1883	01	25	07	00	0	0.51	|	orig=.015 inHg|Local time: 0700|QC flag: low value|Image File: YorkFactory_USSS-314_M1958_1883-01-01_OBS-2.jpg
1883	01	25	14	00	0	0.91	|	orig=.027 inHg|Local time: 1400|QC flag: low value|Image File: YorkFactory_USSS-314_M1958_1883-01-01_OBS-2.jpg
1883	01	25	21	00	0	0.81	|	orig=.024 inHg|Local time: 2100|QC flag: low value|Image File: YorkFactory_USSS-314_M1958_1883-01-01_OBS-2.jpg
1883	01	26	07	00	0	0.88	|	orig=.026 inHg|Local time: 0700|QC flag: low value|Image File: YorkFactory_USSS-314_M1958_1883-01-01_OBS-2.jpg
1883	01	26	14	00	0	1.22	|	orig=.036 inHg|Local time: 1400|QC flag: low value|Image File: YorkFactory_USSS-314_M1958_1883-01-01_OBS-2.jpg
1883	01	26	21	00	0	0.78	|	orig=.023 inHg|Local time: 2100|QC flag: low value|Image File: YorkFactory_USSS-314_M1958_1883-01-01_OBS-2.jpg
1883	01	27	07	00	0	0.44	|	orig=.013 inHg|Local time: 0700|QC flag: low value|Image File: YorkFactory_USSS-314_M1958_1883-01-01_OBS-2.jpg
1883	01	27	14	00	0	0.78	|	orig=.023 inHg|Local time: 1400|QC flag: low value|Image File: YorkFactory_USSS-314_M1958_1883-01-01_OBS-2.jpg
1883	01	27	21	00	0	0.58	|	orig=.017 inHg|Local time: 2100|QC flag: low value|Image File: YorkFactory_USSS-314_M1958_1883-01-01_OBS-2.jpg
1883	01	28	07	00	0	-999	|	orig=- inHg|Local time: 0700|QC flag: missing|Image File: YorkFactory_USSS-314_M1958_1883-01-01_OBS-2.jpg
1883	01	28	14	00	0	0.47	|	orig=.014 inHg|Local time: 1400|QC flag: low value|Image File: YorkFactory_USSS-314_M1958_1883-01-01_OBS-2.jpg
1883	01	28	21	00	0	0.47	|	orig=.014 inHg|Local time: 2100|QC flag: low value|Image File: YorkFactory_USSS-314_M1958_1883-01-01_OBS-2.jpg
1883	01	29	07	00	0	-999	|	orig=- inHg|Local time: 0700|QC flag: missing|Image File: YorkFactory_USSS-314_M1958_1883-01-01_OBS-2.jpg
1883	01	29	14	00	0	0.41	|	orig=.012 inHg|Local time: 1400|QC flag: low value|Image File: YorkFactory_USSS-314_M1958_1883-01-01_OBS-2.jpg
1883	01	29	21	00	0	-999	|	orig=- inHg|Local time: 2100|QC flag: missing|Image File: YorkFactory_USSS-314_M1958_1883-01-01_OBS-2.jpg
1883	01	30	07	00	0	-999	|	orig=- inHg|Local time: 0700|QC flag: missing|Image File: YorkFactory_USSS-314_M1958_1883-01-01_OBS-2.jpg
1883	01	30	14	00	0	-999	|	orig=- inHg|Local time: 1400|QC flag: missing|Image File: YorkFactory_USSS-314_M1958_1883-01-01_OBS-2.jpg
1883	01	30	21	00	0	-999	|	orig=- inHg|Local time: 2100|QC flag: missing|Image File: YorkFactory_USSS-314_M1958_1883-01-01_OBS-2.jpg
1883	01	31	07	00	0	-999	|	orig=- inHg|Local time: 0700|QC flag: missing|Image File: YorkFactory_USSS-314_M1958_1883-01-01_OBS-2.jpg
1883	01	31	14	00	0	-999	|	orig=- inHg|Local time: 1400|QC flag: missing|Image File: YorkFactory_USSS-314_M1958_1883-01-01_OBS-2.jpg
1883	01	31	21	00	0	-999	|	orig=- inHg|Local time: 2100|QC flag: missing|Image File: YorkFactory_USSS-314_M1958_1883-01-01_OBS-2.jpg
1883	02	01	07	00	0	-999	|	orig=- inHg|Local time: 0700|QC flag: missing|Image File: YorkFactory_USSS-316_M1958_1883-02-01_OBS-2.jpg
1883	02	01	14	00	0	-999	|	orig=- inHg|Local time: 1400|QC flag: missing|Image File: YorkFactory_USSS-316_M1958_1883-02-01_OBS-2.jpg
1883	02	01	21	00	0	-999	|	orig=- inHg|Local time: 2100|QC flag: missing|Image File: YorkFactory_USSS-316_M1958_1883-02-01_OBS-2.jpg
1883	02	02	07	00	0	-999	|	orig=- inHg|Local time: 0700|QC flag: missing|Image File: YorkFactory_USSS-316_M1958_1883-02-01_OBS-2.jpg
1883	02	02	14	00	0	0.41	|	orig=.012 inHg|Local time: 1400|QC flag: low value|Image File: YorkFactory_USSS-316_M1958_1883-02-01_OBS-2.jpg
1883	02	02	21	00	0	-999	|	orig=- inHg|Local time: 2100|QC flag: missing|Image File: YorkFactory_USSS-316_M1958_1883-02-01_OBS-2.jpg
1883	02	03	07	00	0	-999	|	orig=- inHg|Local time: 0700|QC flag: missing|Image File: YorkFactory_USSS-316_M1958_1883-02-01_OBS-2.jpg
1883	02	03	14	00	0	-999	|	orig=- inHg|Local time: 1400|QC flag: missing|Image File: YorkFactory_USSS-316_M1958_1883-02-01_OBS-2.jpg
1883	02	03	21	00	0	-999	|	orig=- inHg|Local time: 2100|QC flag: missing|Image File: YorkFactory_USSS-316_M1958_1883-02-01_OBS-2.jpg
1883	02	04	07	00	0	-999	|	orig=- inHg|Local time: 0700|QC flag: missing|Image File: YorkFactory_USSS-316_M1958_1883-02-01_OBS-2.jpg
1883	02	04	14	00	0	-999	|	orig=- inHg|Local time: 1400|QC flag: missing|Image File: YorkFactory_USSS-316_M1958_1883-02-01_OBS-2.jpg
1883	02	04	21	00	0	-999	|	orig=- inHg|Local time: 2100|QC flag: missing|Image File: YorkFactory_USSS-316_M1958_1883-02-01_OBS-2.jpg
1883	02	05	07	00	0	-999	|	orig=- inHg|Local time: 0700|QC flag: missing|Image File: YorkFactory_USSS-316_M1958_1883-02-01_OBS-2.jpg
1883	02	05	14	00	0	-999	|	orig=- inHg|Local time: 1400|QC flag: missing|Image File: YorkFactory_USSS-316_M1958_1883-02-01_OBS-2.jpg
1883	02	05	21	00	0	-999	|	orig=- inHg|Local time: 2100|QC flag: missing|Image File: YorkFactory_USSS-316_M1958_1883-02-01_OBS-2.jpg
1883	02	06	07	00	0	-999	|	orig=- inHg|Local time: 0700|QC flag: missing|Image File: YorkFactory_USSS-316_M1958_1883-02-01_OBS-2.jpg
1883	02	06	14	00	0	-999	|	orig=- inHg|Local time: 1400|QC flag: missing|Image File: YorkFactory_USSS-316_M1958_1883-02-01_OBS-2.jpg
1883	02	06	21	00	0	-999	|	orig=- inHg|Local time: 2100|QC flag: missing|Image File: YorkFactory_USSS-316_M1958_1883-02-01_OBS-2.jpg
1883	02	07	07	00	0	-999	|	orig=- inHg|Local time: 0700|QC flag: missing|Image File: YorkFactory_USSS-316_M1958_1883-02-01_OBS-2.jpg
1883	02	07	14	00	0	-999	|	orig=- inHg|Local time: 1400|QC flag: missing|Image File: YorkFactory_USSS-316_M1958_1883-02-01_OBS-2.jpg
1883	02	07	21	00	0	-999	|	orig=- inHg|Local time: 2100|QC flag: missing|Image File: YorkFactory_USSS-316_M1958_1883-02-01_OBS-2.jpg
1883	02	08	07	00	0	-999	|	orig=- inHg|Local time: 0700|QC flag: missing|Image File: YorkFactory_USSS-316_M1958_1883-02-01_OBS-2.jpg
1883	02	08	14	00	0	-999	|	orig=- inHg|Local time: 1400|QC flag: missing|Image File: YorkFactory_USSS-316_M1958_1883-02-01_OBS-2.jpg
1883	02	08	21	00	0	-999	|	orig=- inHg|Local time: 2100|QC flag: missing|Image File: YorkFactory_USSS-316_M1958_1883-02-01_OBS-2.jpg
1883	02	09	07	00	0	-999	|	orig=- inHg|Local time: 0700|QC flag: missing|Image File: YorkFactory_USSS-316_M1958_1883-02-01_OBS-2.jpg
1883	02	09	14	00	0	-999	|	orig=- inHg|Local time: 1400|QC flag: missing|Image File: YorkFactory_USSS-316_M1958_1883-02-01_OBS-2.jpg
1883	02	09	21	00	0	-999	|	orig=- inHg|Local time: 2100|QC flag: missing|Image File: YorkFactory_USSS-316_M1958_1883-02-01_OBS-2.jpg
1883	02	10	07	00	0	-999	|	orig=- inHg|Local time: 0700|QC flag: missing|Image File: YorkFactory_USSS-316_M1958_1883-02-01_OBS-2.jpg
1883	02	10	14	00	0	0.44	|	orig=.013 inHg|Local time: 1400|QC flag: low value|Image File: YorkFactory_USSS-316_M1958_1883-02-01_OBS-2.jpg
1883	02	10	21	00	0	0.37	|	orig=.011 inHg|Local time: 2100|QC flag: low value|Image File: YorkFactory_USSS-316_M1958_1883-02-01_OBS-2.jpg
1883	02	11	07	00	0	-999	|	orig=- inHg|Local time: 0700|QC flag: missing|Image File: YorkFactory_USSS-316_M1958_1883-02-01_OBS-2.jpg
1883	02	11	14	00	0	0.47	|	orig=.014 inHg|Local time: 1400|QC flag: low value|Image File: YorkFactory_USSS-316_M1958_1883-02-01_OBS-2.jpg
1883	02	11	21	00	0	0.41	|	orig=.012 inHg|Local time: 2100|QC flag: low value|Image File: YorkFactory_USSS-316_M1958_1883-02-01_OBS-2.jpg
1883	02	12	07	00	0	-999	|	orig=- inHg|Local time: 0700|QC flag: missing|Image File: YorkFactory_USSS-316_M1958_1883-02-01_OBS-2.jpg
1883	02	12	14	00	0	0.41	|	orig=.012 inHg|Local time: 1400|QC flag: low value|Image File: YorkFactory_USSS-316_M1958_1883-02-01_OBS-2.jpg
1883	02	12	21	00	0	0.37	|	orig=.011 inHg|Local time: 2100|QC flag: low value|Image File: YorkFactory_USSS-316_M1958_1883-02-01_OBS-2.jpg
1883	02	13	07	00	0	-999	|	orig=- inHg|Local time: 0700|QC flag: missing|Image File: YorkFactory_USSS-316_M1958_1883-02-01_OBS-2.jpg
1883	02	13	14	00	0	-999	|	orig=- inHg|Local time: 1400|QC flag: missing|Image File: YorkFactory_USSS-316_M1958_1883-02-01_OBS-2.jpg
1883	02	13	21	00	0	-999	|	orig=- inHg|Local time: 2100|QC flag: missing|Image File: YorkFactory_USSS-316_M1958_1883-02-01_OBS-2.jpg
1883	02	14	07	00	0	-999	|	orig=- inHg|Local time: 0700|QC flag: missing|Image File: YorkFactory_USSS-316_M1958_1883-02-01_OBS-2.jpg
1883	02	14	14	00	0	0.51	|	orig=015 inHg|Local time: 1400|QC flag: low value|Image File: YorkFactory_USSS-316_M1958_1883-02-01_OBS-2.jpg
1883	02	14	21	00	0	0.47	|	orig=014 inHg|Local time: 2100|QC flag: low value|Image File: YorkFactory_USSS-316_M1958_1883-02-01_OBS-2.jpg
1883	02	15	07	00	0	-999	|	orig=- inHg|Local time: 0700|QC flag: missing|Image File: YorkFactory_USSS-316_M1958_1883-02-01_OBS-2.jpg
1883	02	15	14	00	0	0.71	|	orig=.021 inHg|Local time: 1400|QC flag: low value|Image File: YorkFactory_USSS-316_M1958_1883-02-01_OBS-2.jpg
1883	02	15	21	00	0	0.44	|	orig=.013 inHg|Local time: 2100|QC flag: low value|Image File: YorkFactory_USSS-316_M1958_1883-02-01_OBS-2.jpg
1883	02	16	07	00	0	-999	|	orig=- inHg|Local time: 0700|QC flag: missing|Image File: YorkFactory_USSS-316_M1958_1883-02-01_OBS-2.jpg
1883	02	16	14	00	0	0.51	|	orig=.015 inHg|Local time: 1400|QC flag: low value|Image File: YorkFactory_USSS-316_M1958_1883-02-01_OBS-2.jpg
1883	02	16	21	00	0	-999	|	orig=- inHg|Local time: 2100|QC flag: missing|Image File: YorkFactory_USSS-316_M1958_1883-02-01_OBS-2.jpg
1883	02	17	07	00	0	-999	|	orig=- inHg|Local time: 0700|QC flag: missing|Image File: YorkFactory_USSS-316_M1958_1883-02-01_OBS-2.jpg
1883	02	17	14	00	0	0.64	|	orig=.019 inHg|Local time: 1400|QC flag: low value|Image File: YorkFactory_USSS-316_M1958_1883-02-01_OBS-2.jpg
1883	02	17	21	00	0	-999	|	orig=- inHg|Local time: 2100|QC flag: missing|Image File: YorkFactory_USSS-316_M1958_1883-02-01_OBS-2.jpg
1883	02	18	07	00	0	-999	|	orig=- inHg|Local time: 0700|QC flag: missing|Image File: YorkFactory_USSS-316_M1958_1883-02-01_OBS-2.jpg
1883	02	18	14	00	0	-999	|	orig=- inHg|Local time: 1400|QC flag: missing|Image File: YorkFactory_USSS-316_M1958_1883-02-01_OBS-2.jpg
1883	02	18	21	00	0	-999	|	orig=- inHg|Local time: 2100|QC flag: missing|Image File: YorkFactory_USSS-316_M1958_1883-02-01_OBS-2.jpg
1883	02	19	07	00	0	-999	|	orig=- inHg|Local time: 0700|QC flag: missing|Image File: YorkFactory_USSS-316_M1958_1883-02-01_OBS-2.jpg
1883	02	19	14	00	0	0.81	|	orig=0.024 inHg|Local time: 1400|QC flag: low value|Image File: YorkFactory_USSS-316_M1958_1883-02-01_OBS-2.jpg
1883	02	19	21	00	0	0.98	|	orig=029 inHg|Local time: 2100|QC flag: low value|Image File: YorkFactory_USSS-316_M1958_1883-02-01_OBS-2.jpg
1883	02	20	07	00	0	1.08	|	orig=.032 inHg|Local time: 0700|QC flag: low value|Image File: YorkFactory_USSS-316_M1958_1883-02-01_OBS-2.jpg
1883	02	20	14	00	0	1.83	|	orig=.054 inHg|Local time: 1400|QC flag: low value|Image File: YorkFactory_USSS-316_M1958_1883-02-01_OBS-2.jpg
1883	02	20	21	00	0	1.93	|	orig=.057 inHg|Local time: 2100|QC flag: low value|Image File: YorkFactory_USSS-316_M1958_1883-02-01_OBS-2.jpg
1883	02	21	07	00	0	1.29	|	orig=.038 inHg|Local time: 0700|QC flag: low value|Image File: YorkFactory_USSS-316_M1958_1883-02-01_OBS-2.jpg
1883	02	21	14	00	0	0.98	|	orig=.029 inHg|Local time: 1400|QC flag: low value|Image File: YorkFactory_USSS-316_M1958_1883-02-01_OBS-2.jpg
1883	02	21	21	00	0	0.78	|	orig=.023 inHg|Local time: 2100|QC flag: low value|Image File: YorkFactory_USSS-316_M1958_1883-02-01_OBS-2.jpg
1883	02	22	07	00	0	0.61	|	orig=.018 inHg|Local time: 0700|QC flag: low value|Image File: YorkFactory_USSS-316_M1958_1883-02-01_OBS-2.jpg
1883	02	22	14	00	0	0.78	|	orig=.023 inHg|Local time: 1400|QC flag: low value|Image File: YorkFactory_USSS-316_M1958_1883-02-01_OBS-2.jpg
1883	02	22	21	00	0	0.51	|	orig=.015 inHg|Local time: 2100|QC flag: low value|Image File: YorkFactory_USSS-316_M1958_1883-02-01_OBS-2.jpg
1883	02	23	07	00	0	0.41	|	orig=.012 inHg|Local time: 0700|QC flag: low value|Image File: YorkFactory_USSS-316_M1958_1883-02-01_OBS-2.jpg
1883	02	23	14	00	0	0.68	|	orig=.020 inHg|Local time: 1400|QC flag: low value|Image File: YorkFactory_USSS-316_M1958_1883-02-01_OBS-2.jpg
1883	02	23	21	00	0	0.75	|	orig=.022 inHg|Local time: 2100|QC flag: low value|Image File: YorkFactory_USSS-316_M1958_1883-02-01_OBS-2.jpg
1883	02	24	07	00	0	0.81	|	orig=.024 inHg|Local time: 0700|QC flag: low value|Image File: YorkFactory_USSS-316_M1958_1883-02-01_OBS-2.jpg
1883	02	24	14	00	0	0.98	|	orig=.029 inHg|Local time: 1400|QC flag: low value|Image File: YorkFactory_USSS-316_M1958_1883-02-01_OBS-2.jpg
1883	02	24	21	00	0	0.81	|	orig=.024 inHg|Local time: 2100|QC flag: low value|Image File: YorkFactory_USSS-316_M1958_1883-02-01_OBS-2.jpg
1883	02	25	07	00	0	0.68	|	orig=.020 inHg|Local time: 0700|QC flag: low value|Image File: YorkFactory_USSS-316_M1958_1883-02-01_OBS-2.jpg
1883	02	25	14	00	0	0.78	|	orig=.023 inHg|Local time: 1400|QC flag: low value|Image File: YorkFactory_USSS-316_M1958_1883-02-01_OBS-2.jpg
1883	02	25	21	00	0	0.64	|	orig=.019 inHg|Local time: 2100|QC flag: low value|Image File: YorkFactory_USSS-316_M1958_1883-02-01_OBS-2.jpg
1883	02	26	07	00	0	-999	|	orig=- inHg|Local time: 0700|QC flag: missing|Image File: YorkFactory_USSS-316_M1958_1883-02-01_OBS-2.jpg
1883	02	26	14	00	0	0.78	|	orig=.023 inHg|Local time: 1400|QC flag: low value|Image File: YorkFactory_USSS-316_M1958_1883-02-01_OBS-2.jpg
1883	02	26	21	00	0	0.71	|	orig=.021 inHg|Local time: 2100|QC flag: low value|Image File: YorkFactory_USSS-316_M1958_1883-02-01_OBS-2.jpg
1883	02	27	07	00	0	0.88	|	orig=.026 inHg|Local time: 0700|QC flag: low value|Image File: YorkFactory_USSS-316_M1958_1883-02-01_OBS-2.jpg
1883	02	27	14	00	0	1.02	|	orig=.030 inHg|Local time: 1400|QC flag: low value|Image File: YorkFactory_USSS-316_M1958_1883-02-01_OBS-2.jpg
1883	02	27	21	00	0	-999	|	orig=- inHg|Local time: 2100|QC flag: missing|Image File: YorkFactory_USSS-316_M1958_1883-02-01_OBS-2.jpg
1883	02	28	07	00	0	-999	|	orig=- inHg|Local time: 0700|QC flag: missing|Image File: YorkFactory_USSS-316_M1958_1883-02-01_OBS-2.jpg
1883	02	28	14	00	0	0.64	|	orig=.019 inHg|Local time: 1400|QC flag: low value|Image File: YorkFactory_USSS-316_M1958_1883-02-01_OBS-2.jpg
1883	02	28	21	00	0	0.41	|	orig=.012 inHg|Local time: 2100|QC flag: low value|Image File: YorkFactory_USSS-316_M1958_1883-02-01_OBS-2.jpg
1883	03	01	07	00	0	-999	|	orig=" inHg|Local time: 0700|QC flag: missing|Image File: YorkFactory_USSS-316_M1958_1883-03-01_OBS-2.jpg
1883	03	01	14	00	0	0.78	|	orig=023 inHg|Local time: 1400|QC flag: low value|Image File: YorkFactory_USSS-316_M1958_1883-03-01_OBS-2.jpg
1883	03	01	21	00	0	0.44	|	orig=013 inHg|Local time: 2100|QC flag: low value|Image File: YorkFactory_USSS-316_M1958_1883-03-01_OBS-2.jpg
1883	03	02	07	00	0	-999	|	orig=" inHg|Local time: 0700|QC flag: missing|Image File: YorkFactory_USSS-316_M1958_1883-03-01_OBS-2.jpg
1883	03	02	14	00	0	0.88	|	orig=026 inHg|Local time: 1400|QC flag: low value|Image File: YorkFactory_USSS-316_M1958_1883-03-01_OBS-2.jpg
1883	03	02	21	00	0	0.68	|	orig=020 inHg|Local time: 2100|QC flag: low value|Image File: YorkFactory_USSS-316_M1958_1883-03-01_OBS-2.jpg
1883	03	03	07	00	0	-999	|	orig=" inHg|Local time: 0700|QC flag: missing|Image File: YorkFactory_USSS-316_M1958_1883-03-01_OBS-2.jpg
1883	03	03	14	00	0	0.78	|	orig=023 inHg|Local time: 1400|QC flag: low value|Image File: YorkFactory_USSS-316_M1958_1883-03-01_OBS-2.jpg
1883	03	03	21	00	0	0.37	|	orig=011 inHg|Local time: 2100|QC flag: low value|Image File: YorkFactory_USSS-316_M1958_1883-03-01_OBS-2.jpg
1883	03	04	07	00	0	-999	|	orig=" inHg|Local time: 0700|QC flag: missing|Image File: YorkFactory_USSS-316_M1958_1883-03-01_OBS-2.jpg
1883	03	04	14	00	0	-999	|	orig=" inHg|Local time: 1400|QC flag: missing|Image File: YorkFactory_USSS-316_M1958_1883-03-01_OBS-2.jpg
1883	03	04	21	00	0	-999	|	orig=" inHg|Local time: 2100|QC flag: missing|Image File: YorkFactory_USSS-316_M1958_1883-03-01_OBS-2.jpg
1883	03	05	07	00	0	-999	|	orig=" inHg|Local time: 0700|QC flag: missing|Image File: YorkFactory_USSS-316_M1958_1883-03-01_OBS-2.jpg
1883	03	05	14	00	0	1.02	|	orig=030 inHg|Local time: 1400|QC flag: low value|Image File: YorkFactory_USSS-316_M1958_1883-03-01_OBS-2.jpg
1883	03	05	21	00	0	0.91	|	orig=027 inHg|Local time: 2100|QC flag: low value|Image File: YorkFactory_USSS-316_M1958_1883-03-01_OBS-2.jpg
1883	03	06	07	00	0	-999	|	orig=" inHg|Local time: 0700|QC flag: missing|Image File: YorkFactory_USSS-316_M1958_1883-03-01_OBS-2.jpg
1883	03	06	14	00	0	-999	|	orig=" inHg|Local time: 1400|QC flag: missing|Image File: YorkFactory_USSS-316_M1958_1883-03-01_OBS-2.jpg
1883	03	06	21	00	0	-999	|	orig=" inHg|Local time: 2100|QC flag: missing|Image File: YorkFactory_USSS-316_M1958_1883-03-01_OBS-2.jpg
1883	03	07	07	00	0	-999	|	orig=" inHg|Local time: 0700|QC flag: missing|Image File: YorkFactory_USSS-316_M1958_1883-03-01_OBS-2.jpg
1883	03	07	14	00	0	1.02	|	orig=030 inHg|Local time: 1400|QC flag: low value|Image File: YorkFactory_USSS-316_M1958_1883-03-01_OBS-2.jpg
1883	03	07	21	00	0	0.51	|	orig=015 inHg|Local time: 2100|QC flag: low value|Image File: YorkFactory_USSS-316_M1958_1883-03-01_OBS-2.jpg
1883	03	08	07	00	0	-999	|	orig=" inHg|Local time: 0700|QC flag: missing|Image File: YorkFactory_USSS-316_M1958_1883-03-01_OBS-2.jpg
1883	03	08	14	00	0	2.34	|	orig=069 inHg|Local time: 1400|QC flag: low value|Image File: YorkFactory_USSS-316_M1958_1883-03-01_OBS-2.jpg
1883	03	08	21	00	0	1.08	|	orig=032 inHg|Local time: 2100|QC flag: low value|Image File: YorkFactory_USSS-316_M1958_1883-03-01_OBS-2.jpg
1883	03	09	07	00	0	0.81	|	orig=024 inHg|Local time: 0700|QC flag: low value|Image File: YorkFactory_USSS-316_M1958_1883-03-01_OBS-2.jpg
1883	03	09	14	00	0	1.93	|	orig=057 inHg|Local time: 1400|QC flag: low value|Image File: YorkFactory_USSS-316_M1958_1883-03-01_OBS-2.jpg
1883	03	09	21	00	0	1.15	|	orig=034 inHg|Local time: 2100|QC flag: low value|Image File: YorkFactory_USSS-316_M1958_1883-03-01_OBS-2.jpg
1883	03	10	07	00	0	0.98	|	orig=029 inHg|Local time: 0700|QC flag: low value|Image File: YorkFactory_USSS-316_M1958_1883-03-01_OBS-2.jpg
1883	03	10	14	00	0	1.32	|	orig=039 inHg|Local time: 1400|QC flag: low value|Image File: YorkFactory_USSS-316_M1958_1883-03-01_OBS-2.jpg
1883	03	10	21	00	0	1.02	|	orig=030 inHg|Local time: 2100|QC flag: low value|Image File: YorkFactory_USSS-316_M1958_1883-03-01_OBS-2.jpg
1883	03	11	07	00	0	0.71	|	orig=021 inHg|Local time: 0700|QC flag: low value|Image File: YorkFactory_USSS-316_M1958_1883-03-01_OBS-2.jpg
1883	03	11	14	00	0	1.22	|	orig=036 inHg|Local time: 1400|QC flag: low value|Image File: YorkFactory_USSS-316_M1958_1883-03-01_OBS-2.jpg
1883	03	11	21	00	0	0.98	|	orig=029 inHg|Local time: 2100|QC flag: low value|Image File: YorkFactory_USSS-316_M1958_1883-03-01_OBS-2.jpg
1883	03	12	07	00	0	-999	|	orig=" inHg|Local time: 0700|QC flag: missing|Image File: YorkFactory_USSS-316_M1958_1883-03-01_OBS-2.jpg
1883	03	12	14	00	0	0.81	|	orig=024 inHg|Local time: 1400|QC flag: low value|Image File: YorkFactory_USSS-316_M1958_1883-03-01_OBS-2.jpg
1883	03	12	21	00	0	0.64	|	orig=019 inHg|Local time: 2100|QC flag: low value|Image File: YorkFactory_USSS-316_M1958_1883-03-01_OBS-2.jpg
1883	03	13	07	00	0	0.68	|	orig=020 inHg|Local time: 0700|QC flag: low value|Image File: YorkFactory_USSS-316_M1958_1883-03-01_OBS-2.jpg
1883	03	13	14	00	0	0.78	|	orig=023 inHg|Local time: 1400|QC flag: low value|Image File: YorkFactory_USSS-316_M1958_1883-03-01_OBS-2.jpg
1883	03	13	21	00	0	0.71	|	orig=021 inHg|Local time: 2100|QC flag: low value|Image File: YorkFactory_USSS-316_M1958_1883-03-01_OBS-2.jpg
1883	03	14	07	00	0	0.44	|	orig=013 inHg|Local time: 0700|QC flag: low value|Image File: YorkFactory_USSS-316_M1958_1883-03-01_OBS-2.jpg
1883	03	14	14	00	0	0.61	|	orig=018 inHg|Local time: 1400|QC flag: low value|Image File: YorkFactory_USSS-316_M1958_1883-03-01_OBS-2.jpg
1883	03	14	21	00	0	0.58	|	orig=017 inHg|Local time: 2100|QC flag: low value|Image File: YorkFactory_USSS-316_M1958_1883-03-01_OBS-2.jpg
1883	03	15	07	00	0	0.41	|	orig=012 inHg|Local time: 0700|QC flag: low value|Image File: YorkFactory_USSS-316_M1958_1883-03-01_OBS-2.jpg
1883	03	15	14	00	0	0.47	|	orig=014 inHg|Local time: 1400|QC flag: low value|Image File: YorkFactory_USSS-316_M1958_1883-03-01_OBS-2.jpg
1883	03	15	21	00	0	-999	|	orig=" inHg|Local time: 2100|QC flag: missing|Image File: YorkFactory_USSS-316_M1958_1883-03-01_OBS-2.jpg
1883	03	16	07	00	0	-999	|	orig=" inHg|Local time: 0700|QC flag: missing|Image File: YorkFactory_USSS-316_M1958_1883-03-01_OBS-2.jpg
1883	03	16	14	00	0	0.44	|	orig=013 inHg|Local time: 1400|QC flag: low value|Image File: YorkFactory_USSS-316_M1958_1883-03-01_OBS-2.jpg
1883	03	16	21	00	0	-999	|	orig=" inHg|Local time: 2100|QC flag: missing|Image File: YorkFactory_USSS-316_M1958_1883-03-01_OBS-2.jpg
1883	03	17	07	00	0	-999	|	orig=" inHg|Local time: 0700|QC flag: missing|Image File: YorkFactory_USSS-316_M1958_1883-03-01_OBS-2.jpg
1883	03	17	14	00	0	-999	|	orig=" inHg|Local time: 1400|QC flag: missing|Image File: YorkFactory_USSS-316_M1958_1883-03-01_OBS-2.jpg
1883	03	17	21	00	0	-999	|	orig=" inHg|Local time: 2100|QC flag: missing|Image File: YorkFactory_USSS-316_M1958_1883-03-01_OBS-2.jpg
1883	03	18	07	00	0	-999	|	orig=" inHg|Local time: 0700|QC flag: missing|Image File: YorkFactory_USSS-316_M1958_1883-03-01_OBS-2.jpg
1883	03	18	14	00	0	-999	|	orig=" inHg|Local time: 1400|QC flag: missing|Image File: YorkFactory_USSS-316_M1958_1883-03-01_OBS-2.jpg
1883	03	18	21	00	0	-999	|	orig=" inHg|Local time: 2100|QC flag: missing|Image File: YorkFactory_USSS-316_M1958_1883-03-01_OBS-2.jpg
1883	03	19	07	00	0	-999	|	orig=" inHg|Local time: 0700|QC flag: missing|Image File: YorkFactory_USSS-316_M1958_1883-03-01_OBS-2.jpg
1883	03	19	14	00	0	0.44	|	orig=013 inHg|Local time: 1400|QC flag: low value|Image File: YorkFactory_USSS-316_M1958_1883-03-01_OBS-2.jpg
1883	03	19	21	00	0	-999	|	orig=" inHg|Local time: 2100|QC flag: missing|Image File: YorkFactory_USSS-316_M1958_1883-03-01_OBS-2.jpg
1883	03	20	07	00	0	-999	|	orig=" inHg|Local time: 0700|QC flag: missing|Image File: YorkFactory_USSS-316_M1958_1883-03-01_OBS-2.jpg
1883	03	20	14	00	0	1.22	|	orig=036 inHg|Local time: 1400|QC flag: low value|Image File: YorkFactory_USSS-316_M1958_1883-03-01_OBS-2.jpg
1883	03	20	21	00	0	0.88	|	orig=026 inHg|Local time: 2100|QC flag: low value|Image File: YorkFactory_USSS-316_M1958_1883-03-01_OBS-2.jpg
1883	03	21	07	00	0	0.64	|	orig=019 inHg|Local time: 0700|QC flag: low value|Image File: YorkFactory_USSS-316_M1958_1883-03-01_OBS-2.jpg
1883	03	21	14	00	0	0.75	|	orig=022 inHg|Local time: 1400|QC flag: low value|Image File: YorkFactory_USSS-316_M1958_1883-03-01_OBS-2.jpg
1883	03	21	21	00	0	-999	|	orig=" inHg|Local time: 2100|QC flag: missing|Image File: YorkFactory_USSS-316_M1958_1883-03-01_OBS-2.jpg
1883	03	22	07	00	0	-999	|	orig=" inHg|Local time: 0700|QC flag: missing|Image File: YorkFactory_USSS-316_M1958_1883-03-01_OBS-2.jpg
1883	03	22	14	00	0	0.71	|	orig=021 inHg|Local time: 1400|QC flag: low value|Image File: YorkFactory_USSS-316_M1958_1883-03-01_OBS-2.jpg
1883	03	22	21	00	0	0.81	|	orig=024 inHg|Local time: 2100|QC flag: low value|Image File: YorkFactory_USSS-316_M1958_1883-03-01_OBS-2.jpg
1883	03	23	07	00	0	0.44	|	orig=013 inHg|Local time: 0700|QC flag: low value|Image File: YorkFactory_USSS-316_M1958_1883-03-01_OBS-2.jpg
1883	03	23	14	00	0	0.71	|	orig=021 inHg|Local time: 1400|QC flag: low value|Image File: YorkFactory_USSS-316_M1958_1883-03-01_OBS-2.jpg
1883	03	23	21	00	0	0.64	|	orig=019 inHg|Local time: 2100|QC flag: low value|Image File: YorkFactory_USSS-316_M1958_1883-03-01_OBS-2.jpg
1883	03	24	07	00	0	0.51	|	orig=015 inHg|Local time: 0700|QC flag: low value|Image File: YorkFactory_USSS-316_M1958_1883-03-01_OBS-2.jpg
1883	03	24	14	00	0	1.02	|	orig=030 inHg|Local time: 1400|QC flag: low value|Image File: YorkFactory_USSS-316_M1958_1883-03-01_OBS-2.jpg
1883	03	24	21	00	0	0.88	|	orig=026 inHg|Local time: 2100|QC flag: low value|Image File: YorkFactory_USSS-316_M1958_1883-03-01_OBS-2.jpg
1883	03	25	07	00	0	-999	|	orig=" inHg|Local time: 0700|QC flag: missing|Image File: YorkFactory_USSS-316_M1958_1883-03-01_OBS-2.jpg
1883	03	25	14	00	0	0.51	|	orig=015 inHg|Local time: 1400|QC flag: low value|Image File: YorkFactory_USSS-316_M1958_1883-03-01_OBS-2.jpg
1883	03	25	21	00	0	0.44	|	orig=013 inHg|Local time: 2100|QC flag: low value|Image File: YorkFactory_USSS-316_M1958_1883-03-01_OBS-2.jpg
1883	03	26	07	00	0	-999	|	orig=" inHg|Local time: 0700|QC flag: missing|Image File: YorkFactory_USSS-316_M1958_1883-03-01_OBS-2.jpg
1883	03	26	14	00	0	0.44	|	orig=013 inHg|Local time: 1400|QC flag: low value|Image File: YorkFactory_USSS-316_M1958_1883-03-01_OBS-2.jpg
1883	03	26	21	00	0	-999	|	orig=" inHg|Local time: 2100|QC flag: missing|Image File: YorkFactory_USSS-316_M1958_1883-03-01_OBS-2.jpg
1883	03	27	07	00	0	-999	|	orig=" inHg|Local time: 0700|QC flag: missing|Image File: YorkFactory_USSS-316_M1958_1883-03-01_OBS-2.jpg
1883	03	27	14	00	0	0.41	|	orig=012 inHg|Local time: 1400|QC flag: low value|Image File: YorkFactory_USSS-316_M1958_1883-03-01_OBS-2.jpg
1883	03	27	21	00	0	-999	|	orig=" inHg|Local time: 2100|QC flag: missing|Image File: YorkFactory_USSS-316_M1958_1883-03-01_OBS-2.jpg
1883	03	28	07	00	0	-999	|	orig=" inHg|Local time: 0700|QC flag: missing|Image File: YorkFactory_USSS-316_M1958_1883-03-01_OBS-2.jpg
1883	03	28	14	00	0	-999	|	orig=" inHg|Local time: 1400|QC flag: missing|Image File: YorkFactory_USSS-316_M1958_1883-03-01_OBS-2.jpg
1883	03	28	21	00	0	-999	|	orig=" inHg|Local time: 2100|QC flag: missing|Image File: YorkFactory_USSS-316_M1958_1883-03-01_OBS-2.jpg
1883	03	29	07	00	0	-999	|	orig=" inHg|Local time: 0700|QC flag: missing|Image File: YorkFactory_USSS-316_M1958_1883-03-01_OBS-2.jpg
1883	03	29	14	00	0	0.98	|	orig=029 inHg|Local time: 1400|QC flag: low value|Image File: YorkFactory_USSS-316_M1958_1883-03-01_OBS-2.jpg
1883	03	29	21	00	0	0.88	|	orig=026 inHg|Local time: 2100|QC flag: low value|Image File: YorkFactory_USSS-316_M1958_1883-03-01_OBS-2.jpg
1883	03	30	07	00	0	1.02	|	orig=030 inHg|Local time: 0700|QC flag: low value|Image File: YorkFactory_USSS-316_M1958_1883-03-01_OBS-2.jpg
1883	03	30	14	00	0	1.73	|	orig=051 inHg|Local time: 1400|QC flag: low value|Image File: YorkFactory_USSS-316_M1958_1883-03-01_OBS-2.jpg
1883	03	30	21	00	0	1.22	|	orig=036 inHg|Local time: 2100|QC flag: low value|Image File: YorkFactory_USSS-316_M1958_1883-03-01_OBS-2.jpg
1883	03	31	07	00	0	0.81	|	orig=024 inHg|Local time: 0700|QC flag: low value|Image File: YorkFactory_USSS-316_M1958_1883-03-01_OBS-2.jpg
1883	03	31	14	00	0	5.01	|	orig=148 inHg|Local time: 1400|QC flag: low value|Image File: YorkFactory_USSS-316_M1958_1883-03-01_OBS-2.jpg
1883	03	31	21	00	0	5.22	|	orig=154 inHg|Local time: 2100|QC flag: low value|Image File: YorkFactory_USSS-316_M1958_1883-03-01_OBS-2.jpg
1883	04	01	07	00	0	2.10	|	orig=0.062 inHg|Local time: 0700|QC flag: low value|Image File: YorkFactory_USSS-316_M1958_1883-04-01_OBS-2.jpg
1883	04	01	14	00	0	3.62	|	orig=0.107 inHg|Local time: 1400|QC flag: low value|Image File: YorkFactory_USSS-316_M1958_1883-04-01_OBS-2.jpg
1883	04	01	21	00	0	2.84	|	orig=0.084 inHg|Local time: 2100|QC flag: low value|Image File: YorkFactory_USSS-316_M1958_1883-04-01_OBS-2.jpg
1883	04	02	07	00	0	1.93	|	orig=0.057 inHg|Local time: 0700|QC flag: low value|Image File: YorkFactory_USSS-316_M1958_1883-04-01_OBS-2.jpg
1883	04	02	14	00	0	2.57	|	orig=0.076 inHg|Local time: 1400|QC flag: low value|Image File: YorkFactory_USSS-316_M1958_1883-04-01_OBS-2.jpg
1883	04	02	21	00	0	1.73	|	orig=0.051 inHg|Local time: 2100|QC flag: low value|Image File: YorkFactory_USSS-316_M1958_1883-04-01_OBS-2.jpg
1883	04	03	07	00	0	0.81	|	orig=0.024 inHg|Local time: 0700|QC flag: low value|Image File: YorkFactory_USSS-316_M1958_1883-04-01_OBS-2.jpg
1883	04	03	14	00	0	1.15	|	orig=0.034 inHg|Local time: 1400|QC flag: low value|Image File: YorkFactory_USSS-316_M1958_1883-04-01_OBS-2.jpg
1883	04	03	21	00	0	0.71	|	orig=0.021 inHg|Local time: 2100|QC flag: low value|Image File: YorkFactory_USSS-316_M1958_1883-04-01_OBS-2.jpg
1883	04	04	07	00	0	-999	|	orig=" inHg|Local time: 0700|QC flag: missing|Image File: YorkFactory_USSS-316_M1958_1883-04-01_OBS-2.jpg
1883	04	04	14	00	0	0.41	|	orig=0.012 inHg|Local time: 1400|QC flag: low value|Image File: YorkFactory_USSS-316_M1958_1883-04-01_OBS-2.jpg
1883	04	04	21	00	0	-999	|	orig=" inHg|Local time: 2100|QC flag: missing|Image File: YorkFactory_USSS-316_M1958_1883-04-01_OBS-2.jpg
1883	04	05	07	00	0	-999	|	orig=" inHg|Local time: 0700|QC flag: missing|Image File: YorkFactory_USSS-316_M1958_1883-04-01_OBS-2.jpg
1883	04	05	14	00	0	-999	|	orig=" inHg|Local time: 1400|QC flag: missing|Image File: YorkFactory_USSS-316_M1958_1883-04-01_OBS-2.jpg
1883	04	05	21	00	0	-999	|	orig=" inHg|Local time: 2100|QC flag: missing|Image File: YorkFactory_USSS-316_M1958_1883-04-01_OBS-2.jpg
1883	04	06	07	00	0	-999	|	orig=" inHg|Local time: 0700|QC flag: missing|Image File: YorkFactory_USSS-316_M1958_1883-04-01_OBS-2.jpg
1883	04	06	14	00	0	-999	|	orig=" inHg|Local time: 1400|QC flag: missing|Image File: YorkFactory_USSS-316_M1958_1883-04-01_OBS-2.jpg
1883	04	06	21	00	0	-999	|	orig=" inHg|Local time: 2100|QC flag: missing|Image File: YorkFactory_USSS-316_M1958_1883-04-01_OBS-2.jpg
1883	04	07	07	00	0	-999	|	orig=" inHg|Local time: 0700|QC flag: missing|Image File: YorkFactory_USSS-316_M1958_1883-04-01_OBS-2.jpg
1883	04	07	14	00	0	0.41	|	orig=0.012 inHg|Local time: 1400|QC flag: low value|Image File: YorkFactory_USSS-316_M1958_1883-04-01_OBS-2.jpg
1883	04	07	21	00	0	-999	|	orig=" inHg|Local time: 2100|QC flag: missing|Image File: YorkFactory_USSS-316_M1958_1883-04-01_OBS-2.jpg
1883	04	08	07	00	0	-999	|	orig=" inHg|Local time: 0700|QC flag: missing|Image File: YorkFactory_USSS-316_M1958_1883-04-01_OBS-2.jpg
1883	04	08	14	00	0	1.15	|	orig=0.034 inHg|Local time: 1400|QC flag: low value|Image File: YorkFactory_USSS-316_M1958_1883-04-01_OBS-2.jpg
1883	04	08	21	00	0	0.91	|	orig=0.027 inHg|Local time: 2100|QC flag: low value|Image File: YorkFactory_USSS-316_M1958_1883-04-01_OBS-2.jpg
1883	04	09	07	00	0	0.41	|	orig=0.012 inHg|Local time: 0700|QC flag: low value|Image File: YorkFactory_USSS-316_M1958_1883-04-01_OBS-2.jpg
1883	04	09	14	00	0	0.88	|	orig=0.026 inHg|Local time: 1400|QC flag: low value|Image File: YorkFactory_USSS-316_M1958_1883-04-01_OBS-2.jpg
1883	04	09	21	00	0	0.58	|	orig=0.017 inHg|Local time: 2100|QC flag: low value|Image File: YorkFactory_USSS-316_M1958_1883-04-01_OBS-2.jpg
1883	04	10	07	00	0	-999	|	orig=" inHg|Local time: 0700|QC flag: missing|Image File: YorkFactory_USSS-316_M1958_1883-04-01_OBS-2.jpg
1883	04	10	14	00	0	1.29	|	orig=0.038 inHg|Local time: 1400|QC flag: low value|Image File: YorkFactory_USSS-316_M1958_1883-04-01_OBS-2.jpg
1883	04	10	21	00	0	1.02	|	orig=0.030 inHg|Local time: 2100|QC flag: low value|Image File: YorkFactory_USSS-316_M1958_1883-04-01_OBS-2.jpg
1883	04	11	07	00	0	0.51	|	orig=0.015 inHg|Local time: 0700|QC flag: low value|Image File: YorkFactory_USSS-316_M1958_1883-04-01_OBS-2.jpg
1883	04	11	14	00	0	1.56	|	orig=0.046 inHg|Local time: 1400|QC flag: low value|Image File: YorkFactory_USSS-316_M1958_1883-04-01_OBS-2.jpg
1883	04	11	21	00	0	0.88	|	orig=0.026 inHg|Local time: 2100|QC flag: low value|Image File: YorkFactory_USSS-316_M1958_1883-04-01_OBS-2.jpg
1883	04	12	07	00	0	0.44	|	orig=0.013 inHg|Local time: 0700|QC flag: low value|Image File: YorkFactory_USSS-316_M1958_1883-04-01_OBS-2.jpg
1883	04	12	14	00	0	1.02	|	orig=0.030 inHg|Local time: 1400|QC flag: low value|Image File: YorkFactory_USSS-316_M1958_1883-04-01_OBS-2.jpg
1883	04	12	21	00	0	0.78	|	orig=0.023 inHg|Local time: 2100|QC flag: low value|Image File: YorkFactory_USSS-316_M1958_1883-04-01_OBS-2.jpg
1883	04	13	07	00	0	-999	|	orig=" inHg|Local time: 0700|QC flag: missing|Image File: YorkFactory_USSS-316_M1958_1883-04-01_OBS-2.jpg
1883	04	13	14	00	0	0.98	|	orig=0.029 inHg|Local time: 1400|QC flag: low value|Image File: YorkFactory_USSS-316_M1958_1883-04-01_OBS-2.jpg
1883	04	13	21	00	0	0.91	|	orig=0.027 inHg|Local time: 2100|QC flag: low value|Image File: YorkFactory_USSS-316_M1958_1883-04-01_OBS-2.jpg
1883	04	14	07	00	0	-999	|	orig=" inHg|Local time: 0700|QC flag: missing|Image File: YorkFactory_USSS-316_M1958_1883-04-01_OBS-2.jpg
1883	04	14	14	00	0	0.88	|	orig=0.026 inHg|Local time: 1400|QC flag: low value|Image File: YorkFactory_USSS-316_M1958_1883-04-01_OBS-2.jpg
1883	04	14	21	00	0	0.81	|	orig=0.024 inHg|Local time: 2100|QC flag: low value|Image File: YorkFactory_USSS-316_M1958_1883-04-01_OBS-2.jpg
1883	04	15	07	00	0	0.44	|	orig=0.013 inHg|Local time: 0700|QC flag: low value|Image File: YorkFactory_USSS-316_M1958_1883-04-01_OBS-2.jpg
1883	04	15	14	00	0	1.35	|	orig=0.040 inHg|Local time: 1400|QC flag: low value|Image File: YorkFactory_USSS-316_M1958_1883-04-01_OBS-2.jpg
1883	04	15	21	00	0	0.98	|	orig=0.029 inHg|Local time: 2100|QC flag: low value|Image File: YorkFactory_USSS-316_M1958_1883-04-01_OBS-2.jpg
1883	04	16	07	00	0	0.64	|	orig=0.019 inHg|Local time: 0700|QC flag: low value|Image File: YorkFactory_USSS-316_M1958_1883-04-01_OBS-2.jpg
1883	04	16	14	00	0	1.49	|	orig=0.044 inHg|Local time: 1400|QC flag: low value|Image File: YorkFactory_USSS-316_M1958_1883-04-01_OBS-2.jpg
1883	04	16	21	00	0	1.08	|	orig=0.032 inHg|Local time: 2100|QC flag: low value|Image File: YorkFactory_USSS-316_M1958_1883-04-01_OBS-2.jpg
1883	04	17	07	00	0	0.78	|	orig=0.023 inHg|Local time: 0700|QC flag: low value|Image File: YorkFactory_USSS-316_M1958_1883-04-01_OBS-2.jpg
1883	04	17	14	00	0	1.73	|	orig=0.051 inHg|Local time: 1400|QC flag: low value|Image File: YorkFactory_USSS-316_M1958_1883-04-01_OBS-2.jpg
1883	04	17	21	00	0	1.35	|	orig=0.040 inHg|Local time: 2100|QC flag: low value|Image File: YorkFactory_USSS-316_M1958_1883-04-01_OBS-2.jpg
1883	04	18	07	00	0	0.88	|	orig=0.026 inHg|Local time: 0700|QC flag: low value|Image File: YorkFactory_USSS-316_M1958_1883-04-01_OBS-2.jpg
1883	04	18	14	00	0	2.24	|	orig=0.066 inHg|Local time: 1400|QC flag: low value|Image File: YorkFactory_USSS-316_M1958_1883-04-01_OBS-2.jpg
1883	04	18	21	00	0	1.93	|	orig=0.057 inHg|Local time: 2100|QC flag: low value|Image File: YorkFactory_USSS-316_M1958_1883-04-01_OBS-2.jpg
1883	04	19	07	00	0	1.02	|	orig=0.030 inHg|Local time: 0700|QC flag: low value|Image File: YorkFactory_USSS-316_M1958_1883-04-01_OBS-2.jpg
1883	04	19	14	00	0	2.44	|	orig=0.072 inHg|Local time: 1400|QC flag: low value|Image File: YorkFactory_USSS-316_M1958_1883-04-01_OBS-2.jpg
1883	04	19	21	00	0	2.00	|	orig=0.059 inHg|Local time: 2100|QC flag: low value|Image File: YorkFactory_USSS-316_M1958_1883-04-01_OBS-2.jpg
1883	04	20	07	00	0	1.08	|	orig=0.032 inHg|Local time: 0700|QC flag: low value|Image File: YorkFactory_USSS-316_M1958_1883-04-01_OBS-2.jpg
1883	04	20	14	00	0	3.15	|	orig=0.093 inHg|Local time: 1400|QC flag: low value|Image File: YorkFactory_USSS-316_M1958_1883-04-01_OBS-2.jpg
1883	04	20	21	00	0	2.24	|	orig=0.066 inHg|Local time: 2100|QC flag: low value|Image File: YorkFactory_USSS-316_M1958_1883-04-01_OBS-2.jpg
1883	04	21	07	00	0	0.98	|	orig=0.029 inHg|Local time: 0700|QC flag: low value|Image File: YorkFactory_USSS-316_M1958_1883-04-01_OBS-2.jpg
1883	04	21	14	00	0	2.98	|	orig=0.088 inHg|Local time: 1400|QC flag: low value|Image File: YorkFactory_USSS-316_M1958_1883-04-01_OBS-2.jpg
1883	04	21	21	00	0	2.57	|	orig=0.076 inHg|Local time: 2100|QC flag: low value|Image File: YorkFactory_USSS-316_M1958_1883-04-01_OBS-2.jpg
1883	04	22	07	00	0	1.35	|	orig=0.040 inHg|Local time: 0700|QC flag: low value|Image File: YorkFactory_USSS-316_M1958_1883-04-01_OBS-2.jpg
1883	04	22	14	00	0	4.17	|	orig=0.123 inHg|Local time: 1400|QC flag: low value|Image File: YorkFactory_USSS-316_M1958_1883-04-01_OBS-2.jpg
1883	04	22	21	00	0	3.62	|	orig=0.107 inHg|Local time: 2100|QC flag: low value|Image File: YorkFactory_USSS-316_M1958_1883-04-01_OBS-2.jpg
1883	04	23	07	00	0	2.84	|	orig=0.084 inHg|Local time: 0700|QC flag: low value|Image File: YorkFactory_USSS-316_M1958_1883-04-01_OBS-2.jpg
1883	04	23	14	00	0	5.01	|	orig=0.148 inHg|Local time: 1400|QC flag: low value|Image File: YorkFactory_USSS-316_M1958_1883-04-01_OBS-2.jpg
1883	04	23	21	00	0	4.37	|	orig=0.129 inHg|Local time: 2100|QC flag: low value|Image File: YorkFactory_USSS-316_M1958_1883-04-01_OBS-2.jpg
1883	04	24	07	00	0	2.71	|	orig=0.080 inHg|Local time: 0700|QC flag: low value|Image File: YorkFactory_USSS-316_M1958_1883-04-01_OBS-2.jpg
1883	04	24	14	00	0	3.39	|	orig=0.100 inHg|Local time: 1400|QC flag: low value|Image File: YorkFactory_USSS-316_M1958_1883-04-01_OBS-2.jpg
1883	04	24	21	00	0	2.10	|	orig=0.062 inHg|Local time: 2100|QC flag: low value|Image File: YorkFactory_USSS-316_M1958_1883-04-01_OBS-2.jpg
1883	04	25	07	00	0	1.35	|	orig=0.040 inHg|Local time: 0700|QC flag: low value|Image File: YorkFactory_USSS-316_M1958_1883-04-01_OBS-2.jpg
1883	04	25	14	00	0	2.00	|	orig=0.059 inHg|Local time: 1400|QC flag: low value|Image File: YorkFactory_USSS-316_M1958_1883-04-01_OBS-2.jpg
1883	04	25	21	00	0	1.56	|	orig=0.046 inHg|Local time: 2100|QC flag: low value|Image File: YorkFactory_USSS-316_M1958_1883-04-01_OBS-2.jpg
1883	04	26	07	00	0	1.49	|	orig=0.044 inHg|Local time: 0700|QC flag: low value|Image File: YorkFactory_USSS-316_M1958_1883-04-01_OBS-2.jpg
1883	04	26	14	00	0	4.57	|	orig=0.135 inHg|Local time: 1400|QC flag: low value|Image File: YorkFactory_USSS-316_M1958_1883-04-01_OBS-2.jpg
1883	04	26	21	00	0	3.62	|	orig=0.107 inHg|Local time: 2100|QC flag: low value|Image File: YorkFactory_USSS-316_M1958_1883-04-01_OBS-2.jpg
1883	04	27	07	00	0	2.57	|	orig=0.076 inHg|Local time: 0700|QC flag: low value|Image File: YorkFactory_USSS-316_M1958_1883-04-01_OBS-2.jpg
1883	04	27	14	00	0	5.22	|	orig=0.154 inHg|Local time: 1400|QC flag: low value|Image File: YorkFactory_USSS-316_M1958_1883-04-01_OBS-2.jpg
1883	04	27	21	00	0	3.62	|	orig=0.107 inHg|Local time: 2100|QC flag: low value|Image File: YorkFactory_USSS-316_M1958_1883-04-01_OBS-2.jpg
1883	04	28	07	00	0	3.15	|	orig=0.093 inHg|Local time: 0700|QC flag: low value|Image File: YorkFactory_USSS-316_M1958_1883-04-01_OBS-2.jpg
1883	04	28	14	00	0	5.69	|	orig=0.168 inHg|Local time: 1400|QC flag: low value|Image File: YorkFactory_USSS-316_M1958_1883-04-01_OBS-2.jpg
1883	04	28	21	00	0	5.01	|	orig=0.148 inHg|Local time: 2100|QC flag: low value|Image File: YorkFactory_USSS-316_M1958_1883-04-01_OBS-2.jpg
1883	04	29	07	00	0	2.30	|	orig=0.068 inHg|Local time: 0700|QC flag: low value|Image File: YorkFactory_USSS-316_M1958_1883-04-01_OBS-2.jpg
1883	04	29	14	00	0	4.77	|	orig=0.141 inHg|Local time: 1400|QC flag: low value|Image File: YorkFactory_USSS-316_M1958_1883-04-01_OBS-2.jpg
1883	04	29	21	00	0	4.17	|	orig=0.123 inHg|Local time: 2100|QC flag: low value|Image File: YorkFactory_USSS-316_M1958_1883-04-01_OBS-2.jpg
1883	04	30	07	00	0	2.51	|	orig=0.074 inHg|Local time: 0700|QC flag: low value|Image File: YorkFactory_USSS-316_M1958_1883-04-01_OBS-2.jpg
1883	04	30	14	00	0	5.22	|	orig=0.154 inHg|Local time: 1400|QC flag: low value|Image File: YorkFactory_USSS-316_M1958_1883-04-01_OBS-2.jpg
1883	04	30	21	00	0	4.47	|	orig=0.132 inHg|Local time: 2100|QC flag: low value|Image File: YorkFactory_USSS-316_M1958_1883-04-01_OBS-2.jpg
1883	05	01	07	00	0	3.28	|	orig=0.097 inHg|Local time: 0700|QC flag: low value|Image File: YorkFactory_USSS-316_M1958_1883-05-01_OBS-2.jpg
1883	05	01	14	00	0	6.16	|	orig=0.182 inHg|Local time: 1400|QC flag: low value|Image File: YorkFactory_USSS-316_M1958_1883-05-01_OBS-2.jpg
1883	05	01	21	00	0	5.45	|	orig=0.161 inHg|Local time: 2100|QC flag: low value|Image File: YorkFactory_USSS-316_M1958_1883-05-01_OBS-2.jpg
1883	05	02	07	00	0	3.45	|	orig=0.102 inHg|Local time: 0700|QC flag: low value|Image File: YorkFactory_USSS-316_M1958_1883-05-01_OBS-2.jpg
1883	05	02	14	00	0	4.57	|	orig=0.135 inHg|Local time: 1400|QC flag: low value|Image File: YorkFactory_USSS-316_M1958_1883-05-01_OBS-2.jpg
1883	05	02	21	00	0	4.00	|	orig=0.118 inHg|Local time: 2100|QC flag: low value|Image File: YorkFactory_USSS-316_M1958_1883-05-01_OBS-2.jpg
1883	05	03	07	00	0	2.44	|	orig=0.072 inHg|Local time: 0700|QC flag: low value|Image File: YorkFactory_USSS-316_M1958_1883-05-01_OBS-2.jpg
1883	05	03	14	00	0	4.77	|	orig=0.141 inHg|Local time: 1400|QC flag: low value|Image File: YorkFactory_USSS-316_M1958_1883-05-01_OBS-2.jpg
1883	05	03	21	00	0	4.00	|	orig=0.118 inHg|Local time: 2100|QC flag: low value|Image File: YorkFactory_USSS-316_M1958_1883-05-01_OBS-2.jpg
1883	05	04	07	00	0	3.05	|	orig=0.090 inHg|Local time: 0700|QC flag: low value|Image File: YorkFactory_USSS-316_M1958_1883-05-01_OBS-2.jpg
1883	05	04	14	00	0	6.40	|	orig=0.189 inHg|Local time: 1400|QC flag: low value|Image File: YorkFactory_USSS-316_M1958_1883-05-01_OBS-2.jpg
1883	05	04	21	00	0	5.69	|	orig=0.168 inHg|Local time: 2100|QC flag: low value|Image File: YorkFactory_USSS-316_M1958_1883-05-01_OBS-2.jpg
1883	05	05	07	00	0	5.59	|	orig=0.165 inHg|Local time: 0700|QC flag: low value|Image File: YorkFactory_USSS-316_M1958_1883-05-01_OBS-2.jpg
1883	05	05	14	00	0	6.16	|	orig=0.182 inHg|Local time: 1400|QC flag: low value|Image File: YorkFactory_USSS-316_M1958_1883-05-01_OBS-2.jpg
1883	05	05	21	00	0	6.13	|	orig=0.181 inHg|Local time: 2100|QC flag: low value|Image File: YorkFactory_USSS-316_M1958_1883-05-01_OBS-2.jpg
1883	05	06	07	00	0	5.01	|	orig=0.148 inHg|Local time: 0700|QC flag: low value|Image File: YorkFactory_USSS-316_M1958_1883-05-01_OBS-2.jpg
1883	05	06	14	00	0	6.94	|	orig=0.205 inHg|Local time: 1400|QC flag: none|Image File: YorkFactory_USSS-316_M1958_1883-05-01_OBS-2.jpg
1883	05	06	21	00	0	5.93	|	orig=0.175 inHg|Local time: 2100|QC flag: low value|Image File: YorkFactory_USSS-316_M1958_1883-05-01_OBS-2.jpg
1883	05	07	07	00	0	5.45	|	orig=0.161 inHg|Local time: 0700|QC flag: low value|Image File: YorkFactory_USSS-316_M1958_1883-05-01_OBS-2.jpg
1883	05	07	14	00	0	6.74	|	orig=0.199 inHg|Local time: 1400|QC flag: low value|Image File: YorkFactory_USSS-316_M1958_1883-05-01_OBS-2.jpg
1883	05	07	21	00	0	6.26	|	orig=0.185 inHg|Local time: 2100|QC flag: low value|Image File: YorkFactory_USSS-316_M1958_1883-05-01_OBS-2.jpg
1883	05	08	07	00	0	5.22	|	orig=0.154 inHg|Local time: 0700|QC flag: low value|Image File: YorkFactory_USSS-316_M1958_1883-05-01_OBS-2.jpg
1883	05	08	14	00	0	6.94	|	orig=0.205 inHg|Local time: 1400|QC flag: none|Image File: YorkFactory_USSS-316_M1958_1883-05-01_OBS-2.jpg
1883	05	08	21	00	0	6.40	|	orig=0.189 inHg|Local time: 2100|QC flag: low value|Image File: YorkFactory_USSS-316_M1958_1883-05-01_OBS-2.jpg
1883	05	09	07	00	0	5.22	|	orig=0.154 inHg|Local time: 0700|QC flag: low value|Image File: YorkFactory_USSS-316_M1958_1883-05-01_OBS-2.jpg
1883	05	09	14	00	0	7.55	|	orig=0.223 inHg|Local time: 1400|QC flag: none|Image File: YorkFactory_USSS-316_M1958_1883-05-01_OBS-2.jpg
1883	05	09	21	00	0	6.16	|	orig=0.182 inHg|Local time: 2100|QC flag: low value|Image File: YorkFactory_USSS-316_M1958_1883-05-01_OBS-2.jpg
1883	05	10	07	00	0	5.45	|	orig=0.161 inHg|Local time: 0700|QC flag: low value|Image File: YorkFactory_USSS-316_M1958_1883-05-01_OBS-2.jpg
1883	05	10	14	00	0	6.81	|	orig=0.201 inHg|Local time: 1400|QC flag: none|Image File: YorkFactory_USSS-316_M1958_1883-05-01_OBS-2.jpg
1883	05	10	21	00	0	6.30	|	orig=0.186 inHg|Local time: 2100|QC flag: low value|Image File: YorkFactory_USSS-316_M1958_1883-05-01_OBS-2.jpg
1883	05	11	07	00	0	5.01	|	orig=0.148 inHg|Local time: 0700|QC flag: low value|Image File: YorkFactory_USSS-316_M1958_1883-05-01_OBS-2.jpg
1883	05	11	14	00	0	7.01	|	orig=0.207 inHg|Local time: 1400|QC flag: none|Image File: YorkFactory_USSS-316_M1958_1883-05-01_OBS-2.jpg
1883	05	11	21	00	0	6.54	|	orig=0.193 inHg|Local time: 2100|QC flag: low value|Image File: YorkFactory_USSS-316_M1958_1883-05-01_OBS-2.jpg
1883	05	12	07	00	0	5.69	|	orig=0.168 inHg|Local time: 0700|QC flag: low value|Image File: YorkFactory_USSS-316_M1958_1883-05-01_OBS-2.jpg
1883	05	12	14	00	0	6.94	|	orig=0.205 inHg|Local time: 1400|QC flag: none|Image File: YorkFactory_USSS-316_M1958_1883-05-01_OBS-2.jpg
1883	05	12	21	00	0	6.40	|	orig=0.189 inHg|Local time: 2100|QC flag: low value|Image File: YorkFactory_USSS-316_M1958_1883-05-01_OBS-2.jpg
1883	05	13	07	00	0	5.45	|	orig=0.161 inHg|Local time: 0700|QC flag: low value|Image File: YorkFactory_USSS-316_M1958_1883-05-01_OBS-2.jpg
1883	05	13	14	00	0	7.86	|	orig=0.232 inHg|Local time: 1400|QC flag: none|Image File: YorkFactory_USSS-316_M1958_1883-05-01_OBS-2.jpg
1883	05	13	21	00	0	7.55	|	orig=0.223 inHg|Local time: 2100|QC flag: none|Image File: YorkFactory_USSS-316_M1958_1883-05-01_OBS-2.jpg
1883	05	14	07	00	0	5.93	|	orig=0.175 inHg|Local time: 0700|QC flag: low value|Image File: YorkFactory_USSS-316_M1958_1883-05-01_OBS-2.jpg
1883	05	14	14	00	0	7.96	|	orig=0.235 inHg|Local time: 1400|QC flag: none|Image File: YorkFactory_USSS-316_M1958_1883-05-01_OBS-2.jpg
1883	05	14	21	00	0	7.55	|	orig=0.223 inHg|Local time: 2100|QC flag: none|Image File: YorkFactory_USSS-316_M1958_1883-05-01_OBS-2.jpg
1883	05	15	07	00	0	7.25	|	orig=0.214 inHg|Local time: 0700|QC flag: none|Image File: YorkFactory_USSS-316_M1958_1883-05-01_OBS-2.jpg
1883	05	15	14	00	0	9.69	|	orig=0.286 inHg|Local time: 1400|QC flag: none|Image File: YorkFactory_USSS-316_M1958_1883-05-01_OBS-2.jpg
1883	05	15	21	00	0	8.16	|	orig=0.241 inHg|Local time: 2100|QC flag: none|Image File: YorkFactory_USSS-316_M1958_1883-05-01_OBS-2.jpg
1883	05	16	07	00	0	8.23	|	orig=0.243 inHg|Local time: 0700|QC flag: none|Image File: YorkFactory_USSS-316_M1958_1883-05-01_OBS-2.jpg
1883	05	16	14	00	0	9.75	|	orig=0.288 inHg|Local time: 1400|QC flag: none|Image File: YorkFactory_USSS-316_M1958_1883-05-01_OBS-2.jpg
1883	05	16	21	00	0	7.86	|	orig=0.232 inHg|Local time: 2100|QC flag: none|Image File: YorkFactory_USSS-316_M1958_1883-05-01_OBS-2.jpg
1883	05	17	07	00	0	9.55	|	orig=0.282 inHg|Local time: 0700|QC flag: none|Image File: YorkFactory_USSS-316_M1958_1883-05-01_OBS-2.jpg
1883	05	17	14	00	0	12.70	|	orig=0.375 inHg|Local time: 1400|QC flag: none|Image File: YorkFactory_USSS-316_M1958_1883-05-01_OBS-2.jpg
1883	05	17	21	00	0	10.29	|	orig=0.304 inHg|Local time: 2100|QC flag: none|Image File: YorkFactory_USSS-316_M1958_1883-05-01_OBS-2.jpg
1883	05	18	07	00	0	8.16	|	orig=0.241 inHg|Local time: 0700|QC flag: none|Image File: YorkFactory_USSS-316_M1958_1883-05-01_OBS-2.jpg
1883	05	18	14	00	0	11.11	|	orig=0.328 inHg|Local time: 1400|QC flag: none|Image File: YorkFactory_USSS-316_M1958_1883-05-01_OBS-2.jpg
1883	05	18	21	00	0	9.18	|	orig=0.271 inHg|Local time: 2100|QC flag: none|Image File: YorkFactory_USSS-316_M1958_1883-05-01_OBS-2.jpg
1883	05	19	07	00	0	7.55	|	orig=0.223 inHg|Local time: 0700|QC flag: none|Image File: YorkFactory_USSS-316_M1958_1883-05-01_OBS-2.jpg
1883	05	19	14	00	0	11.55	|	orig=0.341 inHg|Local time: 1400|QC flag: none|Image File: YorkFactory_USSS-316_M1958_1883-05-01_OBS-2.jpg
1883	05	19	21	00	0	8.80	|	orig=0.260 inHg|Local time: 2100|QC flag: none|Image File: YorkFactory_USSS-316_M1958_1883-05-01_OBS-2.jpg
1883	05	20	07	00	0	5.93	|	orig=0.175 inHg|Local time: 0700|QC flag: low value|Image File: YorkFactory_USSS-316_M1958_1883-05-01_OBS-2.jpg
1883	05	20	14	00	0	7.25	|	orig=0.214 inHg|Local time: 1400|QC flag: none|Image File: YorkFactory_USSS-316_M1958_1883-05-01_OBS-2.jpg
1883	05	20	21	00	0	6.16	|	orig=0.182 inHg|Local time: 2100|QC flag: low value|Image File: YorkFactory_USSS-316_M1958_1883-05-01_OBS-2.jpg
1883	05	21	07	00	0	5.69	|	orig=0.168 inHg|Local time: 0700|QC flag: low value|Image File: YorkFactory_USSS-316_M1958_1883-05-01_OBS-2.jpg
1883	05	21	14	00	0	6.40	|	orig=0.189 inHg|Local time: 1400|QC flag: low value|Image File: YorkFactory_USSS-316_M1958_1883-05-01_OBS-2.jpg
1883	05	21	21	00	0	6.16	|	orig=0.182 inHg|Local time: 2100|QC flag: low value|Image File: YorkFactory_USSS-316_M1958_1883-05-01_OBS-2.jpg
1883	05	22	07	00	0	5.45	|	orig=0.161 inHg|Local time: 0700|QC flag: low value|Image File: YorkFactory_USSS-316_M1958_1883-05-01_OBS-2.jpg
1883	05	22	14	00	0	6.94	|	orig=0.205 inHg|Local time: 1400|QC flag: none|Image File: YorkFactory_USSS-316_M1958_1883-05-01_OBS-2.jpg
1883	05	22	21	00	0	6.40	|	orig=0.189 inHg|Local time: 2100|QC flag: low value|Image File: YorkFactory_USSS-316_M1958_1883-05-01_OBS-2.jpg
1883	05	23	07	00	0	26.01	|	orig=0.768 inHg|Local time: 0700|QC flag: none|Image File: YorkFactory_USSS-316_M1958_1883-05-01_OBS-2.jpg
1883	05	23	14	00	0	7.55	|	orig=0.223 inHg|Local time: 1400|QC flag: none|Image File: YorkFactory_USSS-316_M1958_1883-05-01_OBS-2.jpg
1883	05	23	21	00	0	6.94	|	orig=0.205 inHg|Local time: 2100|QC flag: none|Image File: YorkFactory_USSS-316_M1958_1883-05-01_OBS-2.jpg
1883	05	24	07	00	0	6.16	|	orig=0.182 inHg|Local time: 0700|QC flag: low value|Image File: YorkFactory_USSS-316_M1958_1883-05-01_OBS-2.jpg
1883	05	24	14	00	0	7.86	|	orig=0.232 inHg|Local time: 1400|QC flag: none|Image File: YorkFactory_USSS-316_M1958_1883-05-01_OBS-2.jpg
1883	05	24	21	00	0	7.55	|	orig=0.223 inHg|Local time: 2100|QC flag: none|Image File: YorkFactory_USSS-316_M1958_1883-05-01_OBS-2.jpg
1883	05	25	07	00	0	6.67	|	orig=0.197 inHg|Local time: 0700|QC flag: low value|Image File: YorkFactory_USSS-316_M1958_1883-05-01_OBS-2.jpg
1883	05	25	14	00	0	7.96	|	orig=0.235 inHg|Local time: 1400|QC flag: none|Image File: YorkFactory_USSS-316_M1958_1883-05-01_OBS-2.jpg
1883	05	25	21	00	0	8.40	|	orig=0.248 inHg|Local time: 2100|QC flag: none|Image File: YorkFactory_USSS-316_M1958_1883-05-01_OBS-2.jpg
1883	05	26	07	00	0	6.94	|	orig=0.205 inHg|Local time: 0700|QC flag: none|Image File: YorkFactory_USSS-316_M1958_1883-05-01_OBS-2.jpg
1883	05	26	14	00	0	9.48	|	orig=0.280 inHg|Local time: 1400|QC flag: none|Image File: YorkFactory_USSS-316_M1958_1883-05-01_OBS-2.jpg
1883	05	26	21	00	0	7.96	|	orig=0.235 inHg|Local time: 2100|QC flag: none|Image File: YorkFactory_USSS-316_M1958_1883-05-01_OBS-2.jpg
1883	05	27	07	00	0	7.55	|	orig=0.223 inHg|Local time: 0700|QC flag: none|Image File: YorkFactory_USSS-316_M1958_1883-05-01_OBS-2.jpg
1883	05	27	14	00	0	10.06	|	orig=0.297 inHg|Local time: 1400|QC flag: none|Image File: YorkFactory_USSS-316_M1958_1883-05-01_OBS-2.jpg
1883	05	27	21	00	0	8.60	|	orig=0.254 inHg|Local time: 2100|QC flag: none|Image File: YorkFactory_USSS-316_M1958_1883-05-01_OBS-2.jpg
1883	05	28	07	00	0	6.94	|	orig=0.205 inHg|Local time: 0700|QC flag: none|Image File: YorkFactory_USSS-316_M1958_1883-05-01_OBS-2.jpg
1883	05	28	14	00	0	9.48	|	orig=0.280 inHg|Local time: 1400|QC flag: none|Image File: YorkFactory_USSS-316_M1958_1883-05-01_OBS-2.jpg
1883	05	28	21	00	0	8.80	|	orig=0.260 inHg|Local time: 2100|QC flag: none|Image File: YorkFactory_USSS-316_M1958_1883-05-01_OBS-2.jpg
1883	05	29	07	00	0	6.40	|	orig=0.189 inHg|Local time: 0700|QC flag: low value|Image File: YorkFactory_USSS-316_M1958_1883-05-01_OBS-2.jpg
1883	05	29	14	00	0	10.26	|	orig=0.303 inHg|Local time: 1400|QC flag: none|Image File: YorkFactory_USSS-316_M1958_1883-05-01_OBS-2.jpg
1883	05	29	21	00	0	9.69	|	orig=0.286 inHg|Local time: 2100|QC flag: none|Image File: YorkFactory_USSS-316_M1958_1883-05-01_OBS-2.jpg
1883	05	30	07	00	0	6.16	|	orig=0.182 inHg|Local time: 0700|QC flag: low value|Image File: YorkFactory_USSS-316_M1958_1883-05-01_OBS-2.jpg
1883	05	30	14	00	0	10.67	|	orig=0.315 inHg|Local time: 1400|QC flag: none|Image File: YorkFactory_USSS-316_M1958_1883-05-01_OBS-2.jpg
1883	05	30	21	00	0	10.29	|	orig=0.304 inHg|Local time: 2100|QC flag: none|Image File: YorkFactory_USSS-316_M1958_1883-05-01_OBS-2.jpg
1883	05	31	07	00	0	6.40	|	orig=0.189 inHg|Local time: 0700|QC flag: low value|Image File: YorkFactory_USSS-316_M1958_1883-05-01_OBS-2.jpg
1883	05	31	14	00	0	10.29	|	orig=0.304 inHg|Local time: 1400|QC flag: none|Image File: YorkFactory_USSS-316_M1958_1883-05-01_OBS-2.jpg
1883	05	31	21	00	0	9.55	|	orig=0.282 inHg|Local time: 2100|QC flag: none|Image File: YorkFactory_USSS-316_M1958_1883-05-01_OBS-2.jpg
1883	06	01	07	00	0	5.93	|	orig=0.175 inHg|Local time: 0700|QC flag: low value|Image File: YorkFactory_USSS-316_M1958_1883-06-01_OBS-2.jpg
1883	06	01	14	00	0	9.85	|	orig=0.291 inHg|Local time: 1400|QC flag: none|Image File: YorkFactory_USSS-316_M1958_1883-06-01_OBS-2.jpg
1883	06	01	21	00	0	8.50	|	orig=0.251 inHg|Local time: 2100|QC flag: none|Image File: YorkFactory_USSS-316_M1958_1883-06-01_OBS-2.jpg
1883	06	02	07	00	0	6.16	|	orig=0.182 inHg|Local time: 0700|QC flag: low value|Image File: YorkFactory_USSS-316_M1958_1883-06-01_OBS-2.jpg
1883	06	02	14	00	0	8.16	|	orig=0.241 inHg|Local time: 1400|QC flag: none|Image File: YorkFactory_USSS-316_M1958_1883-06-01_OBS-2.jpg
1883	06	02	21	00	0	7.55	|	orig=0.223 inHg|Local time: 2100|QC flag: none|Image File: YorkFactory_USSS-316_M1958_1883-06-01_OBS-2.jpg
1883	06	03	07	00	0	6.40	|	orig=0.189 inHg|Local time: 0700|QC flag: low value|Image File: YorkFactory_USSS-316_M1958_1883-06-01_OBS-2.jpg
1883	06	03	14	00	0	7.86	|	orig=0.232 inHg|Local time: 1400|QC flag: none|Image File: YorkFactory_USSS-316_M1958_1883-06-01_OBS-2.jpg
1883	06	03	21	00	0	6.94	|	orig=0.205 inHg|Local time: 2100|QC flag: none|Image File: YorkFactory_USSS-316_M1958_1883-06-01_OBS-2.jpg
1883	06	04	07	00	0	6.94	|	orig=0.205 inHg|Local time: 0700|QC flag: none|Image File: YorkFactory_USSS-316_M1958_1883-06-01_OBS-2.jpg
1883	06	04	14	00	0	11.99	|	orig=0.354 inHg|Local time: 1400|QC flag: none|Image File: YorkFactory_USSS-316_M1958_1883-06-01_OBS-2.jpg
1883	06	04	21	00	0	11.14	|	orig=0.329 inHg|Local time: 2100|QC flag: none|Image File: YorkFactory_USSS-316_M1958_1883-06-01_OBS-2.jpg
1883	06	05	07	00	0	7.55	|	orig=0.223 inHg|Local time: 0700|QC flag: none|Image File: YorkFactory_USSS-316_M1958_1883-06-01_OBS-2.jpg
1883	06	05	14	00	0	11.55	|	orig=0.341 inHg|Local time: 1400|QC flag: none|Image File: YorkFactory_USSS-316_M1958_1883-06-01_OBS-2.jpg
1883	06	05	21	00	0	10.06	|	orig=0.297 inHg|Local time: 2100|QC flag: none|Image File: YorkFactory_USSS-316_M1958_1883-06-01_OBS-2.jpg
1883	06	06	07	00	0	7.96	|	orig=0.235 inHg|Local time: 0700|QC flag: none|Image File: YorkFactory_USSS-316_M1958_1883-06-01_OBS-2.jpg
1883	06	06	14	00	0	21.37	|	orig=0.631 inHg|Local time: 1400|QC flag: none|Image File: YorkFactory_USSS-316_M1958_1883-06-01_OBS-2.jpg
1883	06	06	21	00	0	15.31	|	orig=0.452 inHg|Local time: 2100|QC flag: none|Image File: YorkFactory_USSS-316_M1958_1883-06-01_OBS-2.jpg
1883	06	07	07	00	0	8.80	|	orig=0.260 inHg|Local time: 0700|QC flag: none|Image File: YorkFactory_USSS-316_M1958_1883-06-01_OBS-2.jpg
1883	06	07	14	00	0	11.14	|	orig=0.329 inHg|Local time: 1400|QC flag: none|Image File: YorkFactory_USSS-316_M1958_1883-06-01_OBS-2.jpg
1883	06	07	21	00	0	10.29	|	orig=0.304 inHg|Local time: 2100|QC flag: none|Image File: YorkFactory_USSS-316_M1958_1883-06-01_OBS-2.jpg
1883	06	08	07	00	0	8.16	|	orig=0.241 inHg|Local time: 0700|QC flag: none|Image File: YorkFactory_USSS-316_M1958_1883-06-01_OBS-2.jpg
1883	06	08	14	00	0	11.78	|	orig=0.348 inHg|Local time: 1400|QC flag: none|Image File: YorkFactory_USSS-316_M1958_1883-06-01_OBS-2.jpg
1883	06	08	21	00	0	11.34	|	orig=0.335 inHg|Local time: 2100|QC flag: none|Image File: YorkFactory_USSS-316_M1958_1883-06-01_OBS-2.jpg
1883	06	09	07	00	0	10.53	|	orig=0.311 inHg|Local time: 0700|QC flag: none|Image File: YorkFactory_USSS-316_M1958_1883-06-01_OBS-2.jpg
1883	06	09	14	00	0	12.70	|	orig=0.375 inHg|Local time: 1400|QC flag: none|Image File: YorkFactory_USSS-316_M1958_1883-06-01_OBS-2.jpg
1883	06	09	21	00	0	10.50	|	orig=0.310 inHg|Local time: 2100|QC flag: none|Image File: YorkFactory_USSS-316_M1958_1883-06-01_OBS-2.jpg
1883	06	10	07	00	0	7.86	|	orig=0.232 inHg|Local time: 0700|QC flag: none|Image File: YorkFactory_USSS-316_M1958_1883-06-01_OBS-2.jpg
1883	06	10	14	00	0	11.78	|	orig=0.348 inHg|Local time: 1400|QC flag: none|Image File: YorkFactory_USSS-316_M1958_1883-06-01_OBS-2.jpg
1883	06	10	21	00	0	10.50	|	orig=0.310 inHg|Local time: 2100|QC flag: none|Image File: YorkFactory_USSS-316_M1958_1883-06-01_OBS-2.jpg
1883	06	11	07	00	0	8.16	|	orig=0.241 inHg|Local time: 0700|QC flag: none|Image File: YorkFactory_USSS-316_M1958_1883-06-01_OBS-2.jpg
1883	06	11	14	00	0	17.91	|	orig=0.529 inHg|Local time: 1400|QC flag: none|Image File: YorkFactory_USSS-316_M1958_1883-06-01_OBS-2.jpg
1883	06	11	21	00	0	14.76	|	orig=0.436 inHg|Local time: 2100|QC flag: none|Image File: YorkFactory_USSS-316_M1958_1883-06-01_OBS-2.jpg
1883	06	12	07	00	0	8.50	|	orig=0.251 inHg|Local time: 0700|QC flag: none|Image File: YorkFactory_USSS-316_M1958_1883-06-01_OBS-2.jpg
1883	06	12	14	00	0	11.55	|	orig=0.341 inHg|Local time: 1400|QC flag: none|Image File: YorkFactory_USSS-316_M1958_1883-06-01_OBS-2.jpg
1883	06	12	21	00	0	10.29	|	orig=0.304 inHg|Local time: 2100|QC flag: none|Image File: YorkFactory_USSS-316_M1958_1883-06-01_OBS-2.jpg
1883	06	13	07	00	0	7.86	|	orig=0.232 inHg|Local time: 0700|QC flag: none|Image File: YorkFactory_USSS-316_M1958_1883-06-01_OBS-2.jpg
1883	06	13	14	00	0	11.99	|	orig=0.354 inHg|Local time: 1400|QC flag: none|Image File: YorkFactory_USSS-316_M1958_1883-06-01_OBS-2.jpg
1883	06	13	21	00	0	9.92	|	orig=0.293 inHg|Local time: 2100|QC flag: none|Image File: YorkFactory_USSS-316_M1958_1883-06-01_OBS-2.jpg
1883	06	14	07	00	0	7.55	|	orig=0.223 inHg|Local time: 0700|QC flag: none|Image File: YorkFactory_USSS-316_M1958_1883-06-01_OBS-2.jpg
1883	06	14	14	00	0	11.55	|	orig=0.341 inHg|Local time: 1400|QC flag: none|Image File: YorkFactory_USSS-316_M1958_1883-06-01_OBS-2.jpg
1883	06	14	21	00	0	10.70	|	orig=0.316 inHg|Local time: 2100|QC flag: none|Image File: YorkFactory_USSS-316_M1958_1883-06-01_OBS-2.jpg
1883	06	15	07	00	0	8.16	|	orig=0.241 inHg|Local time: 0700|QC flag: none|Image File: YorkFactory_USSS-316_M1958_1883-06-01_OBS-2.jpg
1883	06	15	14	00	0	10.29	|	orig=0.304 inHg|Local time: 1400|QC flag: none|Image File: YorkFactory_USSS-316_M1958_1883-06-01_OBS-2.jpg
1883	06	15	21	00	0	8.80	|	orig=0.260 inHg|Local time: 2100|QC flag: none|Image File: YorkFactory_USSS-316_M1958_1883-06-01_OBS-2.jpg
1883	06	16	07	00	0	7.86	|	orig=0.232 inHg|Local time: 0700|QC flag: none|Image File: YorkFactory_USSS-316_M1958_1883-06-01_OBS-2.jpg
1883	06	16	14	00	0	9.55	|	orig=0.282 inHg|Local time: 1400|QC flag: none|Image File: YorkFactory_USSS-316_M1958_1883-06-01_OBS-2.jpg
1883	06	16	21	00	0	9.18	|	orig=0.271 inHg|Local time: 2100|QC flag: none|Image File: YorkFactory_USSS-316_M1958_1883-06-01_OBS-2.jpg
1883	06	17	07	00	0	8.80	|	orig=0.260 inHg|Local time: 0700|QC flag: none|Image File: YorkFactory_USSS-316_M1958_1883-06-01_OBS-2.jpg
1883	06	17	14	00	0	11.14	|	orig=0.329 inHg|Local time: 1400|QC flag: none|Image File: YorkFactory_USSS-316_M1958_1883-06-01_OBS-2.jpg
1883	06	17	21	00	0	9.92	|	orig=0.293 inHg|Local time: 2100|QC flag: none|Image File: YorkFactory_USSS-316_M1958_1883-06-01_OBS-2.jpg
1883	06	18	07	00	0	11.55	|	orig=0.341 inHg|Local time: 0700|QC flag: none|Image File: YorkFactory_USSS-316_M1958_1883-06-01_OBS-2.jpg
1883	06	18	14	00	0	15.31	|	orig=0.452 inHg|Local time: 1400|QC flag: none|Image File: YorkFactory_USSS-316_M1958_1883-06-01_OBS-2.jpg
1883	06	18	21	00	0	12.70	|	orig=0.375 inHg|Local time: 2100|QC flag: none|Image File: YorkFactory_USSS-316_M1958_1883-06-01_OBS-2.jpg
1883	06	19	07	00	0	12.22	|	orig=0.361 inHg|Local time: 0700|QC flag: none|Image File: YorkFactory_USSS-316_M1958_1883-06-01_OBS-2.jpg
1883	06	19	14	00	0	20.01	|	orig=0.591 inHg|Local time: 1400|QC flag: none|Image File: YorkFactory_USSS-316_M1958_1883-06-01_OBS-2.jpg
1883	06	19	21	00	0	17.10	|	orig=0.505 inHg|Local time: 2100|QC flag: none|Image File: YorkFactory_USSS-316_M1958_1883-06-01_OBS-2.jpg
1883	06	20	07	00	0	15.31	|	orig=0.452 inHg|Local time: 0700|QC flag: none|Image File: YorkFactory_USSS-316_M1958_1883-06-01_OBS-2.jpg
1883	06	20	14	00	0	23.47	|	orig=0.693 inHg|Local time: 1400|QC flag: none|Image File: YorkFactory_USSS-316_M1958_1883-06-01_OBS-2.jpg
1883	06	20	21	00	0	20.01	|	orig=0.591 inHg|Local time: 2100|QC flag: none|Image File: YorkFactory_USSS-316_M1958_1883-06-01_OBS-2.jpg
1883	06	21	07	00	0	14.22	|	orig=0.420 inHg|Local time: 0700|QC flag: none|Image File: YorkFactory_USSS-316_M1958_1883-06-01_OBS-2.jpg
1883	06	21	14	00	0	22.72	|	orig=0.671 inHg|Local time: 1400|QC flag: none|Image File: YorkFactory_USSS-316_M1958_1883-06-01_OBS-2.jpg
1883	06	21	21	00	0	17.71	|	orig=0.523 inHg|Local time: 2100|QC flag: none|Image File: YorkFactory_USSS-316_M1958_1883-06-01_OBS-2.jpg
1883	06	22	07	00	0	14.16	|	orig=0.418 inHg|Local time: 0700|QC flag: none|Image File: YorkFactory_USSS-316_M1958_1883-06-01_OBS-2.jpg
1883	06	22	14	00	0	23.20	|	orig=0.685 inHg|Local time: 1400|QC flag: none|Image File: YorkFactory_USSS-316_M1958_1883-06-01_OBS-2.jpg
1883	06	22	21	00	0	18.18	|	orig=0.537 inHg|Local time: 2100|QC flag: none|Image File: YorkFactory_USSS-316_M1958_1883-06-01_OBS-2.jpg
1883	06	23	07	00	0	14.22	|	orig=0.420 inHg|Local time: 0700|QC flag: none|Image File: YorkFactory_USSS-316_M1958_1883-06-01_OBS-2.jpg
1883	06	23	14	00	0	29.56	|	orig=0.873 inHg|Local time: 1400|QC flag: none|Image File: YorkFactory_USSS-316_M1958_1883-06-01_OBS-2.jpg
1883	06	23	21	00	0	24.38	|	orig=0.720 inHg|Local time: 2100|QC flag: none|Image File: YorkFactory_USSS-316_M1958_1883-06-01_OBS-2.jpg
1883	06	24	07	00	0	17.10	|	orig=0.505 inHg|Local time: 0700|QC flag: none|Image File: YorkFactory_USSS-316_M1958_1883-06-01_OBS-2.jpg
1883	06	24	14	00	0	27.16	|	orig=0.802 inHg|Local time: 1400|QC flag: none|Image File: YorkFactory_USSS-316_M1958_1883-06-01_OBS-2.jpg
1883	06	24	21	00	0	19.84	|	orig=0.586 inHg|Local time: 2100|QC flag: none|Image File: YorkFactory_USSS-316_M1958_1883-06-01_OBS-2.jpg
1883	06	25	07	00	0	16.49	|	orig=0.487 inHg|Local time: 0700|QC flag: none|Image File: YorkFactory_USSS-316_M1958_1883-06-01_OBS-2.jpg
1883	06	25	14	00	0	20.79	|	orig=0.614 inHg|Local time: 1400|QC flag: none|Image File: YorkFactory_USSS-316_M1958_1883-06-01_OBS-2.jpg
1883	06	25	21	00	0	15.75	|	orig=0.465 inHg|Local time: 2100|QC flag: none|Image File: YorkFactory_USSS-316_M1958_1883-06-01_OBS-2.jpg
1883	06	26	07	00	0	15.31	|	orig=0.452 inHg|Local time: 0700|QC flag: none|Image File: YorkFactory_USSS-316_M1958_1883-06-01_OBS-2.jpg
1883	06	26	14	00	0	20.59	|	orig=0.608 inHg|Local time: 1400|QC flag: none|Image File: YorkFactory_USSS-316_M1958_1883-06-01_OBS-2.jpg
1883	06	26	21	00	0	16.19	|	orig=0.478 inHg|Local time: 2100|QC flag: none|Image File: YorkFactory_USSS-316_M1958_1883-06-01_OBS-2.jpg
1883	06	27	07	00	0	14.22	|	orig=0.420 inHg|Local time: 0700|QC flag: none|Image File: YorkFactory_USSS-316_M1958_1883-06-01_OBS-2.jpg
1883	06	27	14	00	0	19.84	|	orig=0.586 inHg|Local time: 1400|QC flag: none|Image File: YorkFactory_USSS-316_M1958_1883-06-01_OBS-2.jpg
1883	06	27	21	00	0	15.75	|	orig=0.465 inHg|Local time: 2100|QC flag: none|Image File: YorkFactory_USSS-316_M1958_1883-06-01_OBS-2.jpg
1883	06	28	07	00	0	12.70	|	orig=0.375 inHg|Local time: 0700|QC flag: none|Image File: YorkFactory_USSS-316_M1958_1883-06-01_OBS-2.jpg
1883	06	28	14	00	0	18.39	|	orig=0.543 inHg|Local time: 1400|QC flag: none|Image File: YorkFactory_USSS-316_M1958_1883-06-01_OBS-2.jpg
1883	06	28	21	00	0	15.88	|	orig=0.469 inHg|Local time: 2100|QC flag: none|Image File: YorkFactory_USSS-316_M1958_1883-06-01_OBS-2.jpg
1883	06	29	07	00	0	14.76	|	orig=0.436 inHg|Local time: 0700|QC flag: none|Image File: YorkFactory_USSS-316_M1958_1883-06-01_OBS-2.jpg
1883	06	29	14	00	0	20.28	|	orig=0.599 inHg|Local time: 1400|QC flag: none|Image File: YorkFactory_USSS-316_M1958_1883-06-01_OBS-2.jpg
1883	06	29	21	00	0	17.10	|	orig=0.505 inHg|Local time: 2100|QC flag: none|Image File: YorkFactory_USSS-316_M1958_1883-06-01_OBS-2.jpg
1883	06	30	07	00	0	13.68	|	orig=0.404 inHg|Local time: 0700|QC flag: none|Image File: YorkFactory_USSS-316_M1958_1883-06-01_OBS-2.jpg
1883	06	30	14	00	0	19.54	|	orig=0.577 inHg|Local time: 1400|QC flag: none|Image File: YorkFactory_USSS-316_M1958_1883-06-01_OBS-2.jpg
1883	06	30	21	00	0	15.31	|	orig=0.452 inHg|Local time: 2100|QC flag: none|Image File: YorkFactory_USSS-316_M1958_1883-06-01_OBS-2.jpg
1883	07	01	07	00	0	13.17	|	orig=389 inHg|Local time: 0700|QC flag: none|Image File: YorkFactory_USSS-316_M1958_1883-07-01_OBS-2.jpg
1883	07	01	14	00	0	20.59	|	orig=608 inHg|Local time: 1400|QC flag: none|Image File: YorkFactory_USSS-316_M1958_1883-07-01_OBS-2.jpg
1883	07	01	21	00	0	18.15	|	orig=536 inHg|Local time: 2100|QC flag: none|Image File: YorkFactory_USSS-316_M1958_1883-07-01_OBS-2.jpg
1883	07	02	07	00	0	12.22	|	orig=361 inHg|Local time: 0700|QC flag: none|Image File: YorkFactory_USSS-316_M1958_1883-07-01_OBS-2.jpg
1883	07	02	14	00	0	24.82	|	orig=733 inHg|Local time: 1400|QC flag: none|Image File: YorkFactory_USSS-316_M1958_1883-07-01_OBS-2.jpg
1883	07	02	21	00	0	16.63	|	orig=491 inHg|Local time: 2100|QC flag: none|Image File: YorkFactory_USSS-316_M1958_1883-07-01_OBS-2.jpg
1883	07	03	07	00	0	12.70	|	orig=375 inHg|Local time: 0700|QC flag: none|Image File: YorkFactory_USSS-316_M1958_1883-07-01_OBS-2.jpg
1883	07	03	14	00	0	18.93	|	orig=559 inHg|Local time: 1400|QC flag: none|Image File: YorkFactory_USSS-316_M1958_1883-07-01_OBS-2.jpg
1883	07	03	21	00	0	16.83	|	orig=497 inHg|Local time: 2100|QC flag: none|Image File: YorkFactory_USSS-316_M1958_1883-07-01_OBS-2.jpg
1883	07	04	07	00	0	14.22	|	orig=420 inHg|Local time: 0700|QC flag: none|Image File: YorkFactory_USSS-316_M1958_1883-07-01_OBS-2.jpg
1883	07	04	14	00	0	24.31	|	orig=718 inHg|Local time: 1400|QC flag: none|Image File: YorkFactory_USSS-316_M1958_1883-07-01_OBS-2.jpg
1883	07	04	21	00	0	20.59	|	orig=608 inHg|Local time: 2100|QC flag: none|Image File: YorkFactory_USSS-316_M1958_1883-07-01_OBS-2.jpg
1883	07	05	07	00	0	16.83	|	orig=497 inHg|Local time: 0700|QC flag: none|Image File: YorkFactory_USSS-316_M1958_1883-07-01_OBS-2.jpg
1883	07	05	14	00	0	25.91	|	orig=765 inHg|Local time: 1400|QC flag: none|Image File: YorkFactory_USSS-316_M1958_1883-07-01_OBS-2.jpg
1883	07	05	21	00	0	24.31	|	orig=718 inHg|Local time: 2100|QC flag: none|Image File: YorkFactory_USSS-316_M1958_1883-07-01_OBS-2.jpg
1883	07	06	07	00	0	19.74	|	orig=583 inHg|Local time: 0700|QC flag: none|Image File: YorkFactory_USSS-316_M1958_1883-07-01_OBS-2.jpg
1883	07	06	14	00	0	19.84	|	orig=586 inHg|Local time: 1400|QC flag: none|Image File: YorkFactory_USSS-316_M1958_1883-07-01_OBS-2.jpg
1883	07	06	21	00	0	13.68	|	orig=404 inHg|Local time: 2100|QC flag: none|Image File: YorkFactory_USSS-316_M1958_1883-07-01_OBS-2.jpg
1883	07	07	07	00	0	10.53	|	orig=311 inHg|Local time: 0700|QC flag: none|Image File: YorkFactory_USSS-316_M1958_1883-07-01_OBS-2.jpg
1883	07	07	14	00	0	25.19	|	orig=744 inHg|Local time: 1400|QC flag: none|Image File: YorkFactory_USSS-316_M1958_1883-07-01_OBS-2.jpg
1883	07	07	21	00	0	12.70	|	orig=375 inHg|Local time: 2100|QC flag: none|Image File: YorkFactory_USSS-316_M1958_1883-07-01_OBS-2.jpg
1883	07	08	07	00	0	10.06	|	orig=297 inHg|Local time: 0700|QC flag: none|Image File: YorkFactory_USSS-316_M1958_1883-07-01_OBS-2.jpg
1883	07	08	14	00	0	18.39	|	orig=543 inHg|Local time: 1400|QC flag: none|Image File: YorkFactory_USSS-316_M1958_1883-07-01_OBS-2.jpg
1883	07	08	21	00	0	13.17	|	orig=389 inHg|Local time: 2100|QC flag: none|Image File: YorkFactory_USSS-316_M1958_1883-07-01_OBS-2.jpg
1883	07	09	07	00	0	9.69	|	orig=286 inHg|Local time: 0700|QC flag: none|Image File: YorkFactory_USSS-316_M1958_1883-07-01_OBS-2.jpg
1883	07	09	14	00	0	13.85	|	orig=409 inHg|Local time: 1400|QC flag: none|Image File: YorkFactory_USSS-316_M1958_1883-07-01_OBS-2.jpg
1883	07	09	21	00	0	8.60	|	orig=254 inHg|Local time: 2100|QC flag: none|Image File: YorkFactory_USSS-316_M1958_1883-07-01_OBS-2.jpg
1883	07	10	07	00	0	10.50	|	orig=310 inHg|Local time: 0700|QC flag: none|Image File: YorkFactory_USSS-316_M1958_1883-07-01_OBS-2.jpg
1883	07	10	14	00	0	14.22	|	orig=420 inHg|Local time: 1400|QC flag: none|Image File: YorkFactory_USSS-316_M1958_1883-07-01_OBS-2.jpg
1883	07	10	21	00	0	7.99	|	orig=236 inHg|Local time: 2100|QC flag: none|Image File: YorkFactory_USSS-316_M1958_1883-07-01_OBS-2.jpg
1883	07	11	07	00	0	7.69	|	orig=227 inHg|Local time: 0700|QC flag: none|Image File: YorkFactory_USSS-316_M1958_1883-07-01_OBS-2.jpg
1883	07	11	14	00	0	10.90	|	orig=322 inHg|Local time: 1400|QC flag: none|Image File: YorkFactory_USSS-316_M1958_1883-07-01_OBS-2.jpg
1883	07	11	21	00	0	8.60	|	orig=254 inHg|Local time: 2100|QC flag: none|Image File: YorkFactory_USSS-316_M1958_1883-07-01_OBS-2.jpg
1883	07	12	07	00	0	7.72	|	orig=228 inHg|Local time: 0700|QC flag: none|Image File: YorkFactory_USSS-316_M1958_1883-07-01_OBS-2.jpg
1883	07	12	14	00	0	11.78	|	orig=348 inHg|Local time: 1400|QC flag: none|Image File: YorkFactory_USSS-316_M1958_1883-07-01_OBS-2.jpg
1883	07	12	21	00	0	11.34	|	orig=335 inHg|Local time: 2100|QC flag: none|Image File: YorkFactory_USSS-316_M1958_1883-07-01_OBS-2.jpg
1883	07	13	07	00	0	8.03	|	orig=237 inHg|Local time: 0700|QC flag: none|Image File: YorkFactory_USSS-316_M1958_1883-07-01_OBS-2.jpg
1883	07	13	14	00	0	13.17	|	orig=389 inHg|Local time: 1400|QC flag: none|Image File: YorkFactory_USSS-316_M1958_1883-07-01_OBS-2.jpg
1883	07	13	21	00	0	11.78	|	orig=348 inHg|Local time: 2100|QC flag: none|Image File: YorkFactory_USSS-316_M1958_1883-07-01_OBS-2.jpg
1883	07	14	07	00	0	11.78	|	orig=348 inHg|Local time: 0700|QC flag: none|Image File: YorkFactory_USSS-316_M1958_1883-07-01_OBS-2.jpg
1883	07	14	14	00	0	14.22	|	orig=420 inHg|Local time: 1400|QC flag: none|Image File: YorkFactory_USSS-316_M1958_1883-07-01_OBS-2.jpg
1883	07	14	21	00	0	12.70	|	orig=375 inHg|Local time: 2100|QC flag: none|Image File: YorkFactory_USSS-316_M1958_1883-07-01_OBS-2.jpg
1883	07	15	07	00	0	11.34	|	orig=335 inHg|Local time: 0700|QC flag: none|Image File: YorkFactory_USSS-316_M1958_1883-07-01_OBS-2.jpg
1883	07	15	14	00	0	16.83	|	orig=497 inHg|Local time: 1400|QC flag: none|Image File: YorkFactory_USSS-316_M1958_1883-07-01_OBS-2.jpg
1883	07	15	21	00	0	17.10	|	orig=505 inHg|Local time: 2100|QC flag: none|Image File: YorkFactory_USSS-316_M1958_1883-07-01_OBS-2.jpg
1883	07	16	07	00	0	14.16	|	orig=418 inHg|Local time: 0700|QC flag: none|Image File: YorkFactory_USSS-316_M1958_1883-07-01_OBS-2.jpg
1883	07	16	14	00	0	23.91	|	orig=706 inHg|Local time: 1400|QC flag: none|Image File: YorkFactory_USSS-316_M1958_1883-07-01_OBS-2.jpg
1883	07	16	21	00	0	19.27	|	orig=569 inHg|Local time: 2100|QC flag: none|Image File: YorkFactory_USSS-316_M1958_1883-07-01_OBS-2.jpg
1883	07	17	07	00	0	12.70	|	orig=375 inHg|Local time: 0700|QC flag: none|Image File: YorkFactory_USSS-316_M1958_1883-07-01_OBS-2.jpg
1883	07	17	14	00	0	19.37	|	orig=572 inHg|Local time: 1400|QC flag: none|Image File: YorkFactory_USSS-316_M1958_1883-07-01_OBS-2.jpg
1883	07	17	21	00	0	14.87	|	orig=439 inHg|Local time: 2100|QC flag: none|Image File: YorkFactory_USSS-316_M1958_1883-07-01_OBS-2.jpg
1883	07	18	07	00	0	12.22	|	orig=361 inHg|Local time: 0700|QC flag: none|Image File: YorkFactory_USSS-316_M1958_1883-07-01_OBS-2.jpg
1883	07	18	14	00	0	19.54	|	orig=577 inHg|Local time: 1400|QC flag: none|Image File: YorkFactory_USSS-316_M1958_1883-07-01_OBS-2.jpg
1883	07	18	21	00	0	16.49	|	orig=487 inHg|Local time: 2100|QC flag: none|Image File: YorkFactory_USSS-316_M1958_1883-07-01_OBS-2.jpg
1883	07	19	07	00	0	10.50	|	orig=310 inHg|Local time: 0700|QC flag: none|Image File: YorkFactory_USSS-316_M1958_1883-07-01_OBS-2.jpg
1883	07	19	14	00	0	16.19	|	orig=478 inHg|Local time: 1400|QC flag: none|Image File: YorkFactory_USSS-316_M1958_1883-07-01_OBS-2.jpg
1883	07	19	21	00	0	15.88	|	orig=469 inHg|Local time: 2100|QC flag: none|Image File: YorkFactory_USSS-316_M1958_1883-07-01_OBS-2.jpg
1883	07	20	07	00	0	10.90	|	orig=322 inHg|Local time: 0700|QC flag: none|Image File: YorkFactory_USSS-316_M1958_1883-07-01_OBS-2.jpg
1883	07	20	14	00	0	16.63	|	orig=491 inHg|Local time: 1400|QC flag: none|Image File: YorkFactory_USSS-316_M1958_1883-07-01_OBS-2.jpg
1883	07	20	21	00	0	16.49	|	orig=487 inHg|Local time: 2100|QC flag: none|Image File: YorkFactory_USSS-316_M1958_1883-07-01_OBS-2.jpg
1883	07	21	07	00	0	11.34	|	orig=335 inHg|Local time: 0700|QC flag: none|Image File: YorkFactory_USSS-316_M1958_1883-07-01_OBS-2.jpg
1883	07	21	14	00	0	13.78	|	orig=407 inHg|Local time: 1400|QC flag: none|Image File: YorkFactory_USSS-316_M1958_1883-07-01_OBS-2.jpg
1883	07	21	21	00	0	13.17	|	orig=389 inHg|Local time: 2100|QC flag: none|Image File: YorkFactory_USSS-316_M1958_1883-07-01_OBS-2.jpg
1883	07	22	07	00	0	10.06	|	orig=297 inHg|Local time: 0700|QC flag: none|Image File: YorkFactory_USSS-316_M1958_1883-07-01_OBS-2.jpg
1883	07	22	14	00	0	15.20	|	orig=449 inHg|Local time: 1400|QC flag: none|Image File: YorkFactory_USSS-316_M1958_1883-07-01_OBS-2.jpg
1883	07	22	21	00	0	14.16	|	orig=418 inHg|Local time: 2100|QC flag: none|Image File: YorkFactory_USSS-316_M1958_1883-07-01_OBS-2.jpg
1883	07	23	07	00	0	10.50	|	orig=310 inHg|Local time: 0700|QC flag: none|Image File: YorkFactory_USSS-316_M1958_1883-07-01_OBS-2.jpg
1883	07	23	14	00	0	16.63	|	orig=491 inHg|Local time: 1400|QC flag: none|Image File: YorkFactory_USSS-316_M1958_1883-07-01_OBS-2.jpg
1883	07	23	21	00	0	17.10	|	orig=505 inHg|Local time: 2100|QC flag: none|Image File: YorkFactory_USSS-316_M1958_1883-07-01_OBS-2.jpg
1883	07	24	07	00	0	14.76	|	orig=436 inHg|Local time: 0700|QC flag: none|Image File: YorkFactory_USSS-316_M1958_1883-07-01_OBS-2.jpg
1883	07	24	14	00	0	20.28	|	orig=599 inHg|Local time: 1400|QC flag: none|Image File: YorkFactory_USSS-316_M1958_1883-07-01_OBS-2.jpg
1883	07	24	21	00	0	16.63	|	orig=491 inHg|Local time: 2100|QC flag: none|Image File: YorkFactory_USSS-316_M1958_1883-07-01_OBS-2.jpg
1883	07	25	07	00	0	11.78	|	orig=348 inHg|Local time: 0700|QC flag: none|Image File: YorkFactory_USSS-316_M1958_1883-07-01_OBS-2.jpg
1883	07	25	14	00	0	18.39	|	orig=543 inHg|Local time: 1400|QC flag: none|Image File: YorkFactory_USSS-316_M1958_1883-07-01_OBS-2.jpg
1883	07	25	21	00	0	17.10	|	orig=505 inHg|Local time: 2100|QC flag: none|Image File: YorkFactory_USSS-316_M1958_1883-07-01_OBS-2.jpg
1883	07	26	07	00	0	11.34	|	orig=335 inHg|Local time: 0700|QC flag: none|Image File: YorkFactory_USSS-316_M1958_1883-07-01_OBS-2.jpg
1883	07	26	14	00	0	19.37	|	orig=572 inHg|Local time: 1400|QC flag: none|Image File: YorkFactory_USSS-316_M1958_1883-07-01_OBS-2.jpg
1883	07	26	21	00	0	18.59	|	orig=549 inHg|Local time: 2100|QC flag: none|Image File: YorkFactory_USSS-316_M1958_1883-07-01_OBS-2.jpg
1883	07	27	07	00	0	9.69	|	orig=286 inHg|Local time: 0700|QC flag: none|Image File: YorkFactory_USSS-316_M1958_1883-07-01_OBS-2.jpg
1883	07	27	14	00	0	15.31	|	orig=452 inHg|Local time: 1400|QC flag: none|Image File: YorkFactory_USSS-316_M1958_1883-07-01_OBS-2.jpg
1883	07	27	21	00	0	12.22	|	orig=361 inHg|Local time: 2100|QC flag: none|Image File: YorkFactory_USSS-316_M1958_1883-07-01_OBS-2.jpg
1883	07	28	07	00	0	9.75	|	orig=288 inHg|Local time: 0700|QC flag: none|Image File: YorkFactory_USSS-316_M1958_1883-07-01_OBS-2.jpg
1883	07	28	14	00	0	17.10	|	orig=505 inHg|Local time: 1400|QC flag: none|Image File: YorkFactory_USSS-316_M1958_1883-07-01_OBS-2.jpg
1883	07	28	21	00	0	15.31	|	orig=452 inHg|Local time: 2100|QC flag: none|Image File: YorkFactory_USSS-316_M1958_1883-07-01_OBS-2.jpg
1883	07	29	07	00	0	11.78	|	orig=348 inHg|Local time: 0700|QC flag: none|Image File: YorkFactory_USSS-316_M1958_1883-07-01_OBS-2.jpg
1883	07	29	14	00	0	19.51	|	orig=576 inHg|Local time: 1400|QC flag: none|Image File: YorkFactory_USSS-316_M1958_1883-07-01_OBS-2.jpg
1883	07	29	21	00	0	15.31	|	orig=452 inHg|Local time: 2100|QC flag: none|Image File: YorkFactory_USSS-316_M1958_1883-07-01_OBS-2.jpg
1883	07	30	07	00	0	11.34	|	orig=335 inHg|Local time: 0700|QC flag: none|Image File: YorkFactory_USSS-316_M1958_1883-07-01_OBS-2.jpg
1883	07	30	14	00	0	17.10	|	orig=505 inHg|Local time: 1400|QC flag: none|Image File: YorkFactory_USSS-316_M1958_1883-07-01_OBS-2.jpg
1883	07	30	21	00	0	14.22	|	orig=420 inHg|Local time: 2100|QC flag: none|Image File: YorkFactory_USSS-316_M1958_1883-07-01_OBS-2.jpg
1883	07	31	07	00	0	10.50	|	orig=310 inHg|Local time: 0700|QC flag: none|Image File: YorkFactory_USSS-316_M1958_1883-07-01_OBS-2.jpg
1883	07	31	14	00	0	15.44	|	orig=456 inHg|Local time: 1400|QC flag: none|Image File: YorkFactory_USSS-316_M1958_1883-07-01_OBS-2.jpg
1883	07	31	21	00	0	14.76	|	orig=436 inHg|Local time: 2100|QC flag: none|Image File: YorkFactory_USSS-316_M1958_1883-07-01_OBS-2.jpg
1883	08	01	07	00	0	9.69	|	orig=.286 inHg|Local time: 0700|QC flag: none|Image File: YorkFactory_USSS-316_M1958_1883-08-01_OBS-2.jpg
1883	08	01	14	00	0	15.31	|	orig=.452 inHg|Local time: 1400|QC flag: none|Image File: YorkFactory_USSS-316_M1958_1883-08-01_OBS-2.jpg
1883	08	01	21	00	0	14.22	|	orig=.420 inHg|Local time: 2100|QC flag: none|Image File: YorkFactory_USSS-316_M1958_1883-08-01_OBS-2.jpg
1883	08	02	07	00	0	10.90	|	orig=.322 inHg|Local time: 0700|QC flag: none|Image File: YorkFactory_USSS-316_M1958_1883-08-01_OBS-2.jpg
1883	08	02	14	00	0	15.88	|	orig=.469 inHg|Local time: 1400|QC flag: none|Image File: YorkFactory_USSS-316_M1958_1883-08-01_OBS-2.jpg
1883	08	02	21	00	0	13.17	|	orig=.389 inHg|Local time: 2100|QC flag: none|Image File: YorkFactory_USSS-316_M1958_1883-08-01_OBS-2.jpg
1883	08	03	07	00	0	10.06	|	orig=.297 inHg|Local time: 0700|QC flag: none|Image File: YorkFactory_USSS-316_M1958_1883-08-01_OBS-2.jpg
1883	08	03	14	00	0	14.22	|	orig=.420 inHg|Local time: 1400|QC flag: none|Image File: YorkFactory_USSS-316_M1958_1883-08-01_OBS-2.jpg
1883	08	03	21	00	0	12.22	|	orig=.361 inHg|Local time: 2100|QC flag: none|Image File: YorkFactory_USSS-316_M1958_1883-08-01_OBS-2.jpg
1883	08	04	07	00	0	10.50	|	orig=.310 inHg|Local time: 0700|QC flag: none|Image File: YorkFactory_USSS-316_M1958_1883-08-01_OBS-2.jpg
1883	08	04	14	00	0	15.31	|	orig=.452 inHg|Local time: 1400|QC flag: none|Image File: YorkFactory_USSS-316_M1958_1883-08-01_OBS-2.jpg
1883	08	04	21	00	0	12.70	|	orig=.375 inHg|Local time: 2100|QC flag: none|Image File: YorkFactory_USSS-316_M1958_1883-08-01_OBS-2.jpg
1883	08	05	07	00	0	10.06	|	orig=.297 inHg|Local time: 0700|QC flag: none|Image File: YorkFactory_USSS-316_M1958_1883-08-01_OBS-2.jpg
1883	08	05	14	00	0	17.10	|	orig=.505 inHg|Local time: 1400|QC flag: none|Image File: YorkFactory_USSS-316_M1958_1883-08-01_OBS-2.jpg
1883	08	05	21	00	0	14.22	|	orig=.420 inHg|Local time: 2100|QC flag: none|Image File: YorkFactory_USSS-316_M1958_1883-08-01_OBS-2.jpg
1883	08	06	07	00	0	9.69	|	orig=286 inHg|Local time: 0700|QC flag: none|Image File: YorkFactory_USSS-316_M1958_1883-08-01_OBS-2.jpg
1883	08	06	14	00	0	17.27	|	orig=.510 inHg|Local time: 1400|QC flag: none|Image File: YorkFactory_USSS-316_M1958_1883-08-01_OBS-2.jpg
1883	08	06	21	00	0	14.76	|	orig=.436 inHg|Local time: 2100|QC flag: none|Image File: YorkFactory_USSS-316_M1958_1883-08-01_OBS-2.jpg
1883	08	07	07	00	0	8.94	|	orig=.264 inHg|Local time: 0700|QC flag: none|Image File: YorkFactory_USSS-316_M1958_1883-08-01_OBS-2.jpg
1883	08	07	14	00	0	18.83	|	orig=.556 inHg|Local time: 1400|QC flag: none|Image File: YorkFactory_USSS-316_M1958_1883-08-01_OBS-2.jpg
1883	08	07	21	00	0	14.16	|	orig=.418 inHg|Local time: 2100|QC flag: none|Image File: YorkFactory_USSS-316_M1958_1883-08-01_OBS-2.jpg
1883	08	08	07	00	0	9.31	|	orig=.275 inHg|Local time: 0700|QC flag: none|Image File: YorkFactory_USSS-316_M1958_1883-08-01_OBS-2.jpg
1883	08	08	14	00	0	16.49	|	orig=.487 inHg|Local time: 1400|QC flag: none|Image File: YorkFactory_USSS-316_M1958_1883-08-01_OBS-2.jpg
1883	08	08	21	00	0	11.34	|	orig=.335 inHg|Local time: 2100|QC flag: none|Image File: YorkFactory_USSS-316_M1958_1883-08-01_OBS-2.jpg
1883	08	09	07	00	0	9.75	|	orig=.288 inHg|Local time: 0700|QC flag: none|Image File: YorkFactory_USSS-316_M1958_1883-08-01_OBS-2.jpg
1883	08	09	14	00	0	15.88	|	orig=.469 inHg|Local time: 1400|QC flag: none|Image File: YorkFactory_USSS-316_M1958_1883-08-01_OBS-2.jpg
1883	08	09	21	00	0	14.22	|	orig=.420 inHg|Local time: 2100|QC flag: none|Image File: YorkFactory_USSS-316_M1958_1883-08-01_OBS-2.jpg
1883	08	10	07	00	0	10.50	|	orig=.310 inHg|Local time: 0700|QC flag: none|Image File: YorkFactory_USSS-316_M1958_1883-08-01_OBS-2.jpg
1883	08	10	14	00	0	18.83	|	orig=.556 inHg|Local time: 1400|QC flag: none|Image File: YorkFactory_USSS-316_M1958_1883-08-01_OBS-2.jpg
1883	08	10	21	00	0	16.63	|	orig=.491 inHg|Local time: 2100|QC flag: none|Image File: YorkFactory_USSS-316_M1958_1883-08-01_OBS-2.jpg
1883	08	11	07	00	0	10.94	|	orig=.323 inHg|Local time: 0700|QC flag: none|Image File: YorkFactory_USSS-316_M1958_1883-08-01_OBS-2.jpg
1883	08	11	14	00	0	17.91	|	orig=.529 inHg|Local time: 1400|QC flag: none|Image File: YorkFactory_USSS-316_M1958_1883-08-01_OBS-2.jpg
1883	08	11	21	00	0	15.31	|	orig=.452 inHg|Local time: 2100|QC flag: none|Image File: YorkFactory_USSS-316_M1958_1883-08-01_OBS-2.jpg
1883	08	12	07	00	0	9.69	|	orig=.286 inHg|Local time: 0700|QC flag: none|Image File: YorkFactory_USSS-316_M1958_1883-08-01_OBS-2.jpg
1883	08	12	14	00	0	17.91	|	orig=.529 inHg|Local time: 1400|QC flag: none|Image File: YorkFactory_USSS-316_M1958_1883-08-01_OBS-2.jpg
1883	08	12	21	00	0	14.76	|	orig=.436 inHg|Local time: 2100|QC flag: none|Image File: YorkFactory_USSS-316_M1958_1883-08-01_OBS-2.jpg
1883	08	13	07	00	0	9.04	|	orig=.267 inHg|Local time: 0700|QC flag: none|Image File: YorkFactory_USSS-316_M1958_1883-08-01_OBS-2.jpg
1883	08	13	14	00	0	17.10	|	orig=.505 inHg|Local time: 1400|QC flag: none|Image File: YorkFactory_USSS-316_M1958_1883-08-01_OBS-2.jpg
1883	08	13	21	00	0	13.68	|	orig=.404 inHg|Local time: 2100|QC flag: none|Image File: YorkFactory_USSS-316_M1958_1883-08-01_OBS-2.jpg
1883	08	14	07	00	0	8.60	|	orig=.254 inHg|Local time: 0700|QC flag: none|Image File: YorkFactory_USSS-316_M1958_1883-08-01_OBS-2.jpg
1883	08	14	14	00	0	16.49	|	orig=.487 inHg|Local time: 1400|QC flag: none|Image File: YorkFactory_USSS-316_M1958_1883-08-01_OBS-2.jpg
1883	08	14	21	00	0	14.22	|	orig=.420 inHg|Local time: 2100|QC flag: none|Image File: YorkFactory_USSS-316_M1958_1883-08-01_OBS-2.jpg
1883	08	15	07	00	0	10.06	|	orig=.297 inHg|Local time: 0700|QC flag: none|Image File: YorkFactory_USSS-316_M1958_1883-08-01_OBS-2.jpg
1883	08	15	14	00	0	18.15	|	orig=.536 inHg|Local time: 1400|QC flag: none|Image File: YorkFactory_USSS-316_M1958_1883-08-01_OBS-2.jpg
1883	08	15	21	00	0	14.76	|	orig=.436 inHg|Local time: 2100|QC flag: none|Image File: YorkFactory_USSS-316_M1958_1883-08-01_OBS-2.jpg
1883	08	16	07	00	0	8.94	|	orig=.264 inHg|Local time: 0700|QC flag: none|Image File: YorkFactory_USSS-316_M1958_1883-08-01_OBS-2.jpg
1883	08	16	14	00	0	16.83	|	orig=.497 inHg|Local time: 1400|QC flag: none|Image File: YorkFactory_USSS-316_M1958_1883-08-01_OBS-2.jpg
1883	08	16	21	00	0	14.66	|	orig=.433 inHg|Local time: 2100|QC flag: none|Image File: YorkFactory_USSS-316_M1958_1883-08-01_OBS-2.jpg
1883	08	17	07	00	0	11.34	|	orig=.335 inHg|Local time: 0700|QC flag: none|Image File: YorkFactory_USSS-316_M1958_1883-08-01_OBS-2.jpg
1883	08	17	14	00	0	20.28	|	orig=.599 inHg|Local time: 1400|QC flag: none|Image File: YorkFactory_USSS-316_M1958_1883-08-01_OBS-2.jpg
1883	08	17	21	00	0	16.49	|	orig=.487 inHg|Local time: 2100|QC flag: none|Image File: YorkFactory_USSS-316_M1958_1883-08-01_OBS-2.jpg
1883	08	18	07	00	0	9.31	|	orig=.275 inHg|Local time: 0700|QC flag: none|Image File: YorkFactory_USSS-316_M1958_1883-08-01_OBS-2.jpg
1883	08	18	14	00	0	18.15	|	orig=.536 inHg|Local time: 1400|QC flag: none|Image File: YorkFactory_USSS-316_M1958_1883-08-01_OBS-2.jpg
1883	08	18	21	00	0	15.31	|	orig=.452 inHg|Local time: 2100|QC flag: none|Image File: YorkFactory_USSS-316_M1958_1883-08-01_OBS-2.jpg
1883	08	19	07	00	0	9.69	|	orig=.286 inHg|Local time: 0700|QC flag: none|Image File: YorkFactory_USSS-316_M1958_1883-08-01_OBS-2.jpg
1883	08	19	14	00	0	14.76	|	orig=.436 inHg|Local time: 1400|QC flag: none|Image File: YorkFactory_USSS-316_M1958_1883-08-01_OBS-2.jpg
1883	08	19	21	00	0	13.17	|	orig=389 inHg|Local time: 2100|QC flag: none|Image File: YorkFactory_USSS-316_M1958_1883-08-01_OBS-2.jpg
1883	08	20	07	00	0	10.50	|	orig=.310 inHg|Local time: 0700|QC flag: none|Image File: YorkFactory_USSS-316_M1958_1883-08-01_OBS-2.jpg
1883	08	20	14	00	0	17.10	|	orig=.505 inHg|Local time: 1400|QC flag: none|Image File: YorkFactory_USSS-316_M1958_1883-08-01_OBS-2.jpg
1883	08	20	21	00	0	14.22	|	orig=.420 inHg|Local time: 2100|QC flag: none|Image File: YorkFactory_USSS-316_M1958_1883-08-01_OBS-2.jpg
1883	08	21	07	00	0	8.94	|	orig=.264 inHg|Local time: 0700|QC flag: none|Image File: YorkFactory_USSS-316_M1958_1883-08-01_OBS-2.jpg
1883	08	21	14	00	0	16.49	|	orig=.487 inHg|Local time: 1400|QC flag: none|Image File: YorkFactory_USSS-316_M1958_1883-08-01_OBS-2.jpg
1883	08	21	21	00	0	12.70	|	orig=.375 inHg|Local time: 2100|QC flag: none|Image File: YorkFactory_USSS-316_M1958_1883-08-01_OBS-2.jpg
1883	08	22	07	00	0	11.78	|	orig=.348 inHg|Local time: 0700|QC flag: none|Image File: YorkFactory_USSS-316_M1958_1883-08-01_OBS-2.jpg
1883	08	22	14	00	0	17.91	|	orig=.529 inHg|Local time: 1400|QC flag: none|Image File: YorkFactory_USSS-316_M1958_1883-08-01_OBS-2.jpg
1883	08	22	21	00	0	15.88	|	orig=.469 inHg|Local time: 2100|QC flag: none|Image File: YorkFactory_USSS-316_M1958_1883-08-01_OBS-2.jpg
1883	08	23	07	00	0	10.06	|	orig=.297 inHg|Local time: 0700|QC flag: none|Image File: YorkFactory_USSS-316_M1958_1883-08-01_OBS-2.jpg
1883	08	23	14	00	0	17.27	|	orig=.510 inHg|Local time: 1400|QC flag: none|Image File: YorkFactory_USSS-316_M1958_1883-08-01_OBS-2.jpg
1883	08	23	21	00	0	14.76	|	orig=.436 inHg|Local time: 2100|QC flag: none|Image File: YorkFactory_USSS-316_M1958_1883-08-01_OBS-2.jpg
1883	08	24	07	00	0	7.96	|	orig=.235 inHg|Local time: 0700|QC flag: none|Image File: YorkFactory_USSS-316_M1958_1883-08-01_OBS-2.jpg
1883	08	24	14	00	0	18.83	|	orig=.556 inHg|Local time: 1400|QC flag: none|Image File: YorkFactory_USSS-316_M1958_1883-08-01_OBS-2.jpg
1883	08	24	21	00	0	15.88	|	orig=.469 inHg|Local time: 2100|QC flag: none|Image File: YorkFactory_USSS-316_M1958_1883-08-01_OBS-2.jpg
1883	08	25	07	00	0	9.69	|	orig=.286 inHg|Local time: 0700|QC flag: none|Image File: YorkFactory_USSS-316_M1958_1883-08-01_OBS-2.jpg
1883	08	25	14	00	0	16.19	|	orig=.478 inHg|Local time: 1400|QC flag: none|Image File: YorkFactory_USSS-316_M1958_1883-08-01_OBS-2.jpg
1883	08	25	21	00	0	15.31	|	orig=.452 inHg|Local time: 2100|QC flag: none|Image File: YorkFactory_USSS-316_M1958_1883-08-01_OBS-2.jpg
1883	08	26	07	00	0	9.31	|	orig=.275 inHg|Local time: 0700|QC flag: none|Image File: YorkFactory_USSS-316_M1958_1883-08-01_OBS-2.jpg
1883	08	26	14	00	0	16.49	|	orig=487 inHg|Local time: 1400|QC flag: none|Image File: YorkFactory_USSS-316_M1958_1883-08-01_OBS-2.jpg
1883	08	26	21	00	0	15.31	|	orig=.452 inHg|Local time: 2100|QC flag: none|Image File: YorkFactory_USSS-316_M1958_1883-08-01_OBS-2.jpg
1883	08	27	07	00	0	8.60	|	orig=.254 inHg|Local time: 0700|QC flag: none|Image File: YorkFactory_USSS-316_M1958_1883-08-01_OBS-2.jpg
1883	08	27	14	00	0	16.19	|	orig=478 inHg|Local time: 1400|QC flag: none|Image File: YorkFactory_USSS-316_M1958_1883-08-01_OBS-2.jpg
1883	08	27	21	00	0	12.70	|	orig=.375 inHg|Local time: 2100|QC flag: none|Image File: YorkFactory_USSS-316_M1958_1883-08-01_OBS-2.jpg
1883	08	28	07	00	0	10.06	|	orig=.297 inHg|Local time: 0700|QC flag: none|Image File: YorkFactory_USSS-316_M1958_1883-08-01_OBS-2.jpg
1883	08	28	14	00	0	16.49	|	orig=.487 inHg|Local time: 1400|QC flag: none|Image File: YorkFactory_USSS-316_M1958_1883-08-01_OBS-2.jpg
1883	08	28	21	00	0	11.78	|	orig=.348 inHg|Local time: 2100|QC flag: none|Image File: YorkFactory_USSS-316_M1958_1883-08-01_OBS-2.jpg
1883	08	29	07	00	0	11.34	|	orig=.335 inHg|Local time: 0700|QC flag: none|Image File: YorkFactory_USSS-316_M1958_1883-08-01_OBS-2.jpg
1883	08	29	14	00	0	20.59	|	orig=.608 inHg|Local time: 1400|QC flag: none|Image File: YorkFactory_USSS-316_M1958_1883-08-01_OBS-2.jpg
1883	08	29	21	00	0	16.02	|	orig=.473 inHg|Local time: 2100|QC flag: none|Image File: YorkFactory_USSS-316_M1958_1883-08-01_OBS-2.jpg
1883	08	30	07	00	0	11.34	|	orig=.335 inHg|Local time: 0700|QC flag: none|Image File: YorkFactory_USSS-316_M1958_1883-08-01_OBS-2.jpg
1883	08	30	14	00	0	22.08	|	orig=.652 inHg|Local time: 1400|QC flag: none|Image File: YorkFactory_USSS-316_M1958_1883-08-01_OBS-2.jpg
1883	08	30	21	00	0	18.15	|	orig=.536 inHg|Local time: 2100|QC flag: none|Image File: YorkFactory_USSS-316_M1958_1883-08-01_OBS-2.jpg
1883	08	31	07	00	0	10.94	|	orig=.323 inHg|Local time: 0700|QC flag: none|Image File: YorkFactory_USSS-316_M1958_1883-08-01_OBS-2.jpg
1883	08	31	14	00	0	15.75	|	orig=.465 inHg|Local time: 1400|QC flag: none|Image File: YorkFactory_USSS-316_M1958_1883-08-01_OBS-2.jpg
1883	08	31	21	00	0	15.31	|	orig=.452 inHg|Local time: 2100|QC flag: none|Image File: YorkFactory_USSS-316_M1958_1883-08-01_OBS-2.jpg
1883	09	01	07	00	0	10.50	|	orig=310 inHg|Local time: 0700|QC flag: none|Image File: YorkFactory_USSS-316_M1958_1883-09-01_OBS-2.jpg
1883	09	01	14	00	0	19.10	|	orig=564 inHg|Local time: 1400|QC flag: none|Image File: YorkFactory_USSS-316_M1958_1883-09-01_OBS-2.jpg
1883	09	01	21	00	0	19.27	|	orig=569 inHg|Local time: 2100|QC flag: none|Image File: YorkFactory_USSS-316_M1958_1883-09-01_OBS-2.jpg
1883	09	02	07	00	0	10.53	|	orig=311 inHg|Local time: 0700|QC flag: none|Image File: YorkFactory_USSS-316_M1958_1883-09-01_OBS-2.jpg
1883	09	02	14	00	0	15.31	|	orig=452 inHg|Local time: 1400|QC flag: none|Image File: YorkFactory_USSS-316_M1958_1883-09-01_OBS-2.jpg
1883	09	02	21	00	0	13.17	|	orig=389 inHg|Local time: 2100|QC flag: none|Image File: YorkFactory_USSS-316_M1958_1883-09-01_OBS-2.jpg
1883	09	03	07	00	0	9.31	|	orig=275 inHg|Local time: 0700|QC flag: none|Image File: YorkFactory_USSS-316_M1958_1883-09-01_OBS-2.jpg
1883	09	03	14	00	0	14.76	|	orig=436 inHg|Local time: 1400|QC flag: none|Image File: YorkFactory_USSS-316_M1958_1883-09-01_OBS-2.jpg
1883	09	03	21	00	0	11.78	|	orig=348 inHg|Local time: 2100|QC flag: none|Image File: YorkFactory_USSS-316_M1958_1883-09-01_OBS-2.jpg
1883	09	04	07	00	0	8.60	|	orig=254 inHg|Local time: 0700|QC flag: none|Image File: YorkFactory_USSS-316_M1958_1883-09-01_OBS-2.jpg
1883	09	04	14	00	0	13.17	|	orig=389 inHg|Local time: 1400|QC flag: none|Image File: YorkFactory_USSS-316_M1958_1883-09-01_OBS-2.jpg
1883	09	04	21	00	0	12.22	|	orig=361 inHg|Local time: 2100|QC flag: none|Image File: YorkFactory_USSS-316_M1958_1883-09-01_OBS-2.jpg
1883	09	05	07	00	0	8.70	|	orig=257 inHg|Local time: 0700|QC flag: none|Image File: YorkFactory_USSS-316_M1958_1883-09-01_OBS-2.jpg
1883	09	05	14	00	0	12.22	|	orig=361 inHg|Local time: 1400|QC flag: none|Image File: YorkFactory_USSS-316_M1958_1883-09-01_OBS-2.jpg
1883	09	05	21	00	0	12.22	|	orig=361 inHg|Local time: 2100|QC flag: none|Image File: YorkFactory_USSS-316_M1958_1883-09-01_OBS-2.jpg
1883	09	06	07	00	0	7.62	|	orig=225 inHg|Local time: 0700|QC flag: none|Image File: YorkFactory_USSS-316_M1958_1883-09-01_OBS-2.jpg
1883	09	06	14	00	0	13.17	|	orig=389 inHg|Local time: 1400|QC flag: none|Image File: YorkFactory_USSS-316_M1958_1883-09-01_OBS-2.jpg
1883	09	06	21	00	0	10.50	|	orig=310 inHg|Local time: 2100|QC flag: none|Image File: YorkFactory_USSS-316_M1958_1883-09-01_OBS-2.jpg
1883	09	07	07	00	0	7.86	|	orig=232 inHg|Local time: 0700|QC flag: none|Image File: YorkFactory_USSS-316_M1958_1883-09-01_OBS-2.jpg
1883	09	07	14	00	0	10.06	|	orig=297 inHg|Local time: 1400|QC flag: none|Image File: YorkFactory_USSS-316_M1958_1883-09-01_OBS-2.jpg
1883	09	07	21	00	0	8.60	|	orig=254 inHg|Local time: 2100|QC flag: none|Image File: YorkFactory_USSS-316_M1958_1883-09-01_OBS-2.jpg
1883	09	08	07	00	0	7.86	|	orig=232 inHg|Local time: 0700|QC flag: none|Image File: YorkFactory_USSS-316_M1958_1883-09-01_OBS-2.jpg
1883	09	08	14	00	0	10.50	|	orig=310 inHg|Local time: 1400|QC flag: none|Image File: YorkFactory_USSS-316_M1958_1883-09-01_OBS-2.jpg
1883	09	08	21	00	0	8.26	|	orig=244 inHg|Local time: 2100|QC flag: none|Image File: YorkFactory_USSS-316_M1958_1883-09-01_OBS-2.jpg
1883	09	09	07	00	0	7.55	|	orig=223 inHg|Local time: 0700|QC flag: none|Image File: YorkFactory_USSS-316_M1958_1883-09-01_OBS-2.jpg
1883	09	09	14	00	0	10.06	|	orig=297 inHg|Local time: 1400|QC flag: none|Image File: YorkFactory_USSS-316_M1958_1883-09-01_OBS-2.jpg
1883	09	09	21	00	0	8.80	|	orig=260 inHg|Local time: 2100|QC flag: none|Image File: YorkFactory_USSS-316_M1958_1883-09-01_OBS-2.jpg
1883	09	10	07	00	0	7.86	|	orig=232 inHg|Local time: 0700|QC flag: none|Image File: YorkFactory_USSS-316_M1958_1883-09-01_OBS-2.jpg
1883	09	10	14	00	0	13.17	|	orig=389 inHg|Local time: 1400|QC flag: none|Image File: YorkFactory_USSS-316_M1958_1883-09-01_OBS-2.jpg
1883	09	10	21	00	0	9.31	|	orig=275 inHg|Local time: 2100|QC flag: none|Image File: YorkFactory_USSS-316_M1958_1883-09-01_OBS-2.jpg
1883	09	11	07	00	0	7.62	|	orig=225 inHg|Local time: 0700|QC flag: none|Image File: YorkFactory_USSS-316_M1958_1883-09-01_OBS-2.jpg
1883	09	11	14	00	0	14.76	|	orig=436 inHg|Local time: 1400|QC flag: none|Image File: YorkFactory_USSS-316_M1958_1883-09-01_OBS-2.jpg
1883	09	11	21	00	0	10.90	|	orig=322 inHg|Local time: 2100|QC flag: none|Image File: YorkFactory_USSS-316_M1958_1883-09-01_OBS-2.jpg
1883	09	12	07	00	0	8.60	|	orig=254 inHg|Local time: 0700|QC flag: none|Image File: YorkFactory_USSS-316_M1958_1883-09-01_OBS-2.jpg
1883	09	12	14	00	0	15.31	|	orig=452 inHg|Local time: 1400|QC flag: none|Image File: YorkFactory_USSS-316_M1958_1883-09-01_OBS-2.jpg
1883	09	12	21	00	0	10.90	|	orig=322 inHg|Local time: 2100|QC flag: none|Image File: YorkFactory_USSS-316_M1958_1883-09-01_OBS-2.jpg
1883	09	13	07	00	0	8.26	|	orig=244 inHg|Local time: 0700|QC flag: none|Image File: YorkFactory_USSS-316_M1958_1883-09-01_OBS-2.jpg
1883	09	13	14	00	0	10.53	|	orig=311 inHg|Local time: 1400|QC flag: none|Image File: YorkFactory_USSS-316_M1958_1883-09-01_OBS-2.jpg
1883	09	13	21	00	0	9.75	|	orig=288 inHg|Local time: 2100|QC flag: none|Image File: YorkFactory_USSS-316_M1958_1883-09-01_OBS-2.jpg
1883	09	14	07	00	0	7.96	|	orig=235 inHg|Local time: 0700|QC flag: none|Image File: YorkFactory_USSS-316_M1958_1883-09-01_OBS-2.jpg
1883	09	14	14	00	0	20.72	|	orig=612 inHg|Local time: 1400|QC flag: none|Image File: YorkFactory_USSS-316_M1958_1883-09-01_OBS-2.jpg
1883	09	14	21	00	0	17.71	|	orig=523 inHg|Local time: 2100|QC flag: none|Image File: YorkFactory_USSS-316_M1958_1883-09-01_OBS-2.jpg
1883	09	15	07	00	0	7.01	|	orig=207 inHg|Local time: 0700|QC flag: none|Image File: YorkFactory_USSS-316_M1958_1883-09-01_OBS-2.jpg
1883	09	15	14	00	0	19.27	|	orig=569 inHg|Local time: 1400|QC flag: none|Image File: YorkFactory_USSS-316_M1958_1883-09-01_OBS-2.jpg
1883	09	15	21	00	0	14.76	|	orig=436 inHg|Local time: 2100|QC flag: none|Image File: YorkFactory_USSS-316_M1958_1883-09-01_OBS-2.jpg
1883	09	16	07	00	0	7.11	|	orig=210 inHg|Local time: 0700|QC flag: none|Image File: YorkFactory_USSS-316_M1958_1883-09-01_OBS-2.jpg
1883	09	16	14	00	0	13.17	|	orig=389 inHg|Local time: 1400|QC flag: none|Image File: YorkFactory_USSS-316_M1958_1883-09-01_OBS-2.jpg
1883	09	16	21	00	0	9.31	|	orig=275 inHg|Local time: 2100|QC flag: none|Image File: YorkFactory_USSS-316_M1958_1883-09-01_OBS-2.jpg
1883	09	17	07	00	0	6.94	|	orig=205 inHg|Local time: 0700|QC flag: none|Image File: YorkFactory_USSS-316_M1958_1883-09-01_OBS-2.jpg
1883	09	17	14	00	0	14.22	|	orig=420 inHg|Local time: 1400|QC flag: none|Image File: YorkFactory_USSS-316_M1958_1883-09-01_OBS-2.jpg
1883	09	17	21	00	0	9.31	|	orig=275 inHg|Local time: 2100|QC flag: none|Image File: YorkFactory_USSS-316_M1958_1883-09-01_OBS-2.jpg
1883	09	18	07	00	0	7.25	|	orig=214 inHg|Local time: 0700|QC flag: none|Image File: YorkFactory_USSS-316_M1958_1883-09-01_OBS-2.jpg
1883	09	18	14	00	0	15.31	|	orig=452 inHg|Local time: 1400|QC flag: none|Image File: YorkFactory_USSS-316_M1958_1883-09-01_OBS-2.jpg
1883	09	18	21	00	0	10.50	|	orig=310 inHg|Local time: 2100|QC flag: none|Image File: YorkFactory_USSS-316_M1958_1883-09-01_OBS-2.jpg
1883	09	19	07	00	0	6.94	|	orig=205 inHg|Local time: 0700|QC flag: none|Image File: YorkFactory_USSS-316_M1958_1883-09-01_OBS-2.jpg
1883	09	19	14	00	0	11.78	|	orig=348 inHg|Local time: 1400|QC flag: none|Image File: YorkFactory_USSS-316_M1958_1883-09-01_OBS-2.jpg
1883	09	19	21	00	0	9.75	|	orig=288 inHg|Local time: 2100|QC flag: none|Image File: YorkFactory_USSS-316_M1958_1883-09-01_OBS-2.jpg
1883	09	20	07	00	0	6.67	|	orig=197 inHg|Local time: 0700|QC flag: low value|Image File: YorkFactory_USSS-316_M1958_1883-09-01_OBS-2.jpg
1883	09	20	14	00	0	10.50	|	orig=310 inHg|Local time: 1400|QC flag: none|Image File: YorkFactory_USSS-316_M1958_1883-09-01_OBS-2.jpg
1883	09	20	21	00	0	7.96	|	orig=235 inHg|Local time: 2100|QC flag: none|Image File: YorkFactory_USSS-316_M1958_1883-09-01_OBS-2.jpg
1883	09	21	07	00	0	6.94	|	orig=205 inHg|Local time: 0700|QC flag: none|Image File: YorkFactory_USSS-316_M1958_1883-09-01_OBS-2.jpg
1883	09	21	14	00	0	9.69	|	orig=286 inHg|Local time: 1400|QC flag: none|Image File: YorkFactory_USSS-316_M1958_1883-09-01_OBS-2.jpg
1883	09	21	21	00	0	8.50	|	orig=251 inHg|Local time: 2100|QC flag: none|Image File: YorkFactory_USSS-316_M1958_1883-09-01_OBS-2.jpg
1883	09	22	07	00	0	7.55	|	orig=223 inHg|Local time: 0700|QC flag: none|Image File: YorkFactory_USSS-316_M1958_1883-09-01_OBS-2.jpg
1883	09	22	14	00	0	10.70	|	orig=316 inHg|Local time: 1400|QC flag: none|Image File: YorkFactory_USSS-316_M1958_1883-09-01_OBS-2.jpg
1883	09	22	21	00	0	9.18	|	orig=271 inHg|Local time: 2100|QC flag: none|Image File: YorkFactory_USSS-316_M1958_1883-09-01_OBS-2.jpg
1883	09	23	07	00	0	7.25	|	orig=214 inHg|Local time: 0700|QC flag: none|Image File: YorkFactory_USSS-316_M1958_1883-09-01_OBS-2.jpg
1883	09	23	14	00	0	7.86	|	orig=232 inHg|Local time: 1400|QC flag: none|Image File: YorkFactory_USSS-316_M1958_1883-09-01_OBS-2.jpg
1883	09	23	21	00	0	7.55	|	orig=223 inHg|Local time: 2100|QC flag: none|Image File: YorkFactory_USSS-316_M1958_1883-09-01_OBS-2.jpg
1883	09	24	07	00	0	6.67	|	orig=197 inHg|Local time: 0700|QC flag: low value|Image File: YorkFactory_USSS-316_M1958_1883-09-01_OBS-2.jpg
1883	09	24	14	00	0	7.55	|	orig=223 inHg|Local time: 1400|QC flag: none|Image File: YorkFactory_USSS-316_M1958_1883-09-01_OBS-2.jpg
1883	09	24	21	00	0	6.40	|	orig=189 inHg|Local time: 2100|QC flag: low value|Image File: YorkFactory_USSS-316_M1958_1883-09-01_OBS-2.jpg
1883	09	25	07	00	0	6.16	|	orig=182 inHg|Local time: 0700|QC flag: low value|Image File: YorkFactory_USSS-316_M1958_1883-09-01_OBS-2.jpg
1883	09	25	14	00	0	7.25	|	orig=214 inHg|Local time: 1400|QC flag: none|Image File: YorkFactory_USSS-316_M1958_1883-09-01_OBS-2.jpg
1883	09	25	21	00	0	6.67	|	orig=197 inHg|Local time: 2100|QC flag: low value|Image File: YorkFactory_USSS-316_M1958_1883-09-01_OBS-2.jpg
1883	09	26	07	00	0	5.69	|	orig=168 inHg|Local time: 0700|QC flag: low value|Image File: YorkFactory_USSS-316_M1958_1883-09-01_OBS-2.jpg
1883	09	26	14	00	0	6.94	|	orig=205 inHg|Local time: 1400|QC flag: none|Image File: YorkFactory_USSS-316_M1958_1883-09-01_OBS-2.jpg
1883	09	26	21	00	0	6.94	|	orig=205 inHg|Local time: 2100|QC flag: none|Image File: YorkFactory_USSS-316_M1958_1883-09-01_OBS-2.jpg
1883	09	27	07	00	0	5.01	|	orig=148 inHg|Local time: 0700|QC flag: low value|Image File: YorkFactory_USSS-316_M1958_1883-09-01_OBS-2.jpg
1883	09	27	14	00	0	6.16	|	orig=182 inHg|Local time: 1400|QC flag: low value|Image File: YorkFactory_USSS-316_M1958_1883-09-01_OBS-2.jpg
1883	09	27	21	00	0	5.93	|	orig=175 inHg|Local time: 2100|QC flag: low value|Image File: YorkFactory_USSS-316_M1958_1883-09-01_OBS-2.jpg
1883	09	28	07	00	0	3.93	|	orig=116 inHg|Local time: 0700|QC flag: low value|Image File: YorkFactory_USSS-316_M1958_1883-09-01_OBS-2.jpg
1883	09	28	14	00	0	5.93	|	orig=175 inHg|Local time: 1400|QC flag: low value|Image File: YorkFactory_USSS-316_M1958_1883-09-01_OBS-2.jpg
1883	09	28	21	00	0	5.69	|	orig=168 inHg|Local time: 2100|QC flag: low value|Image File: YorkFactory_USSS-316_M1958_1883-09-01_OBS-2.jpg
1883	09	29	07	00	0	3.39	|	orig=100 inHg|Local time: 0700|QC flag: low value|Image File: YorkFactory_USSS-316_M1958_1883-09-01_OBS-2.jpg
1883	09	29	14	00	0	5.69	|	orig=168 inHg|Local time: 1400|QC flag: low value|Image File: YorkFactory_USSS-316_M1958_1883-09-01_OBS-2.jpg
1883	09	29	21	00	0	5.45	|	orig=161 inHg|Local time: 2100|QC flag: low value|Image File: YorkFactory_USSS-316_M1958_1883-09-01_OBS-2.jpg
1883	09	30	07	00	0	2.84	|	orig=084 inHg|Local time: 0700|QC flag: low value|Image File: YorkFactory_USSS-316_M1958_1883-09-01_OBS-2.jpg
1883	09	30	14	00	0	-999	|	orig=Illegible inHg|Local time: 1400|QC flag: illegible|Image File: YorkFactory_USSS-316_M1958_1883-09-01_OBS-2.jpg
1883	09	30	21	00	0	3.62	|	orig=107 inHg|Local time: 2100|QC flag: low value|Image File: YorkFactory_USSS-316_M1958_1883-09-01_OBS-2.jpg
1883	10	01	07	00	0	2.47	|	orig=073 inHg|Local time: 0700|QC flag: low value|Image File: YorkFactory_USSS-316_M1958_1883-10-01_OBS-2.jpg
1883	10	01	14	00	0	4.88	|	orig=144 inHg|Local time: 1400|QC flag: low value|Image File: YorkFactory_USSS-316_M1958_1883-10-01_OBS-2.jpg
1883	10	01	21	00	0	4.47	|	orig=132 inHg|Local time: 2100|QC flag: low value|Image File: YorkFactory_USSS-316_M1958_1883-10-01_OBS-2.jpg
1883	10	02	07	00	0	2.98	|	orig=088 inHg|Local time: 0700|QC flag: low value|Image File: YorkFactory_USSS-316_M1958_1883-10-01_OBS-2.jpg
1883	10	02	14	00	0	5.01	|	orig=148 inHg|Local time: 1400|QC flag: low value|Image File: YorkFactory_USSS-316_M1958_1883-10-01_OBS-2.jpg
1883	10	02	21	00	0	4.17	|	orig=123 inHg|Local time: 2100|QC flag: low value|Image File: YorkFactory_USSS-316_M1958_1883-10-01_OBS-2.jpg
1883	10	03	07	00	0	3.62	|	orig=107 inHg|Local time: 0700|QC flag: low value|Image File: YorkFactory_USSS-316_M1958_1883-10-01_OBS-2.jpg
1883	10	03	14	00	0	5.22	|	orig=154 inHg|Local time: 1400|QC flag: low value|Image File: YorkFactory_USSS-316_M1958_1883-10-01_OBS-2.jpg
1883	10	03	21	00	0	4.77	|	orig=141 inHg|Local time: 2100|QC flag: low value|Image File: YorkFactory_USSS-316_M1958_1883-10-01_OBS-2.jpg
1883	10	04	07	00	0	3.45	|	orig=102 inHg|Local time: 0700|QC flag: low value|Image File: YorkFactory_USSS-316_M1958_1883-10-01_OBS-2.jpg
1883	10	04	14	00	0	5.22	|	orig=154 inHg|Local time: 1400|QC flag: low value|Image File: YorkFactory_USSS-316_M1958_1883-10-01_OBS-2.jpg
1883	10	04	21	00	0	5.01	|	orig=148 inHg|Local time: 2100|QC flag: low value|Image File: YorkFactory_USSS-316_M1958_1883-10-01_OBS-2.jpg
1883	10	05	07	00	0	4.10	|	orig=121 inHg|Local time: 0700|QC flag: low value|Image File: YorkFactory_USSS-316_M1958_1883-10-01_OBS-2.jpg
1883	10	05	14	00	0	5.22	|	orig=154 inHg|Local time: 1400|QC flag: low value|Image File: YorkFactory_USSS-316_M1958_1883-10-01_OBS-2.jpg
1883	10	05	21	00	0	5.01	|	orig=148 inHg|Local time: 2100|QC flag: low value|Image File: YorkFactory_USSS-316_M1958_1883-10-01_OBS-2.jpg
1883	10	06	07	00	0	4.17	|	orig=123 inHg|Local time: 0700|QC flag: low value|Image File: YorkFactory_USSS-316_M1958_1883-10-01_OBS-2.jpg
1883	10	06	14	00	0	5.45	|	orig=161 inHg|Local time: 1400|QC flag: low value|Image File: YorkFactory_USSS-316_M1958_1883-10-01_OBS-2.jpg
1883	10	06	21	00	0	5.01	|	orig=148 inHg|Local time: 2100|QC flag: low value|Image File: YorkFactory_USSS-316_M1958_1883-10-01_OBS-2.jpg
1883	10	07	07	00	0	4.57	|	orig=135 inHg|Local time: 0700|QC flag: low value|Image File: YorkFactory_USSS-316_M1958_1883-10-01_OBS-2.jpg
1883	10	07	14	00	0	5.93	|	orig=175 inHg|Local time: 1400|QC flag: low value|Image File: YorkFactory_USSS-316_M1958_1883-10-01_OBS-2.jpg
1883	10	07	21	00	0	5.69	|	orig=168 inHg|Local time: 2100|QC flag: low value|Image File: YorkFactory_USSS-316_M1958_1883-10-01_OBS-2.jpg
1883	10	08	07	00	0	4.37	|	orig=129 inHg|Local time: 0700|QC flag: low value|Image File: YorkFactory_USSS-316_M1958_1883-10-01_OBS-2.jpg
1883	10	08	14	00	0	5.45	|	orig=161 inHg|Local time: 1400|QC flag: low value|Image File: YorkFactory_USSS-316_M1958_1883-10-01_OBS-2.jpg
1883	10	08	21	00	0	5.22	|	orig=154 inHg|Local time: 2100|QC flag: low value|Image File: YorkFactory_USSS-316_M1958_1883-10-01_OBS-2.jpg
1883	10	09	07	00	0	4.77	|	orig=141 inHg|Local time: 0700|QC flag: low value|Image File: YorkFactory_USSS-316_M1958_1883-10-01_OBS-2.jpg
1883	10	09	14	00	0	5.93	|	orig=175 inHg|Local time: 1400|QC flag: low value|Image File: YorkFactory_USSS-316_M1958_1883-10-01_OBS-2.jpg
1883	10	09	21	00	0	5.69	|	orig=168 inHg|Local time: 2100|QC flag: low value|Image File: YorkFactory_USSS-316_M1958_1883-10-01_OBS-2.jpg
1883	10	10	07	00	0	5.32	|	orig=157 inHg|Local time: 0700|QC flag: low value|Image File: YorkFactory_USSS-316_M1958_1883-10-01_OBS-2.jpg
1883	10	10	14	00	0	6.16	|	orig=182 inHg|Local time: 1400|QC flag: low value|Image File: YorkFactory_USSS-316_M1958_1883-10-01_OBS-2.jpg
1883	10	10	21	00	0	5.93	|	orig=175 inHg|Local time: 2100|QC flag: low value|Image File: YorkFactory_USSS-316_M1958_1883-10-01_OBS-2.jpg
1883	10	11	07	00	0	5.22	|	orig=154 inHg|Local time: 0700|QC flag: low value|Image File: YorkFactory_USSS-316_M1958_1883-10-01_OBS-2.jpg
1883	10	11	14	00	0	6.40	|	orig=189 inHg|Local time: 1400|QC flag: low value|Image File: YorkFactory_USSS-316_M1958_1883-10-01_OBS-2.jpg
1883	10	11	21	00	0	5.93	|	orig=175 inHg|Local time: 2100|QC flag: low value|Image File: YorkFactory_USSS-316_M1958_1883-10-01_OBS-2.jpg
1883	10	12	07	00	0	5.01	|	orig=148 inHg|Local time: 0700|QC flag: low value|Image File: YorkFactory_USSS-316_M1958_1883-10-01_OBS-2.jpg
1883	10	12	14	00	0	5.69	|	orig=168 inHg|Local time: 1400|QC flag: low value|Image File: YorkFactory_USSS-316_M1958_1883-10-01_OBS-2.jpg
1883	10	12	21	00	0	5.45	|	orig=161 inHg|Local time: 2100|QC flag: low value|Image File: YorkFactory_USSS-316_M1958_1883-10-01_OBS-2.jpg
1883	10	13	07	00	0	5.22	|	orig=154 inHg|Local time: 0700|QC flag: low value|Image File: YorkFactory_USSS-316_M1958_1883-10-01_OBS-2.jpg
1883	10	13	14	00	0	6.40	|	orig=189 inHg|Local time: 1400|QC flag: low value|Image File: YorkFactory_USSS-316_M1958_1883-10-01_OBS-2.jpg
1883	10	13	21	00	0	6.16	|	orig=182 inHg|Local time: 2100|QC flag: low value|Image File: YorkFactory_USSS-316_M1958_1883-10-01_OBS-2.jpg
1883	10	14	07	00	0	5.93	|	orig=175 inHg|Local time: 0700|QC flag: low value|Image File: YorkFactory_USSS-316_M1958_1883-10-01_OBS-2.jpg
1883	10	14	14	00	0	6.40	|	orig=189 inHg|Local time: 1400|QC flag: low value|Image File: YorkFactory_USSS-316_M1958_1883-10-01_OBS-2.jpg
1883	10	14	21	00	0	6.16	|	orig=182 inHg|Local time: 2100|QC flag: low value|Image File: YorkFactory_USSS-316_M1958_1883-10-01_OBS-2.jpg
1883	10	15	07	00	0	5.69	|	orig=168 inHg|Local time: 0700|QC flag: low value|Image File: YorkFactory_USSS-316_M1958_1883-10-01_OBS-2.jpg
1883	10	15	14	00	0	6.67	|	orig=197 inHg|Local time: 1400|QC flag: low value|Image File: YorkFactory_USSS-316_M1958_1883-10-01_OBS-2.jpg
1883	10	15	21	00	0	5.93	|	orig=175 inHg|Local time: 2100|QC flag: low value|Image File: YorkFactory_USSS-316_M1958_1883-10-01_OBS-2.jpg
1883	10	16	07	00	0	5.45	|	orig=161 inHg|Local time: 0700|QC flag: low value|Image File: YorkFactory_USSS-316_M1958_1883-10-01_OBS-2.jpg
1883	10	16	14	00	0	7.31	|	orig=216 inHg|Local time: 1400|QC flag: none|Image File: YorkFactory_USSS-316_M1958_1883-10-01_OBS-2.jpg
1883	10	16	21	00	0	6.16	|	orig=182 inHg|Local time: 2100|QC flag: low value|Image File: YorkFactory_USSS-316_M1958_1883-10-01_OBS-2.jpg
1883	10	17	07	00	0	5.69	|	orig=168 inHg|Local time: 0700|QC flag: low value|Image File: YorkFactory_USSS-316_M1958_1883-10-01_OBS-2.jpg
1883	10	17	14	00	0	6.67	|	orig=197 inHg|Local time: 1400|QC flag: low value|Image File: YorkFactory_USSS-316_M1958_1883-10-01_OBS-2.jpg
1883	10	17	21	00	0	6.40	|	orig=189 inHg|Local time: 2100|QC flag: low value|Image File: YorkFactory_USSS-316_M1958_1883-10-01_OBS-2.jpg
1883	10	18	07	00	0	5.69	|	orig=168 inHg|Local time: 0700|QC flag: low value|Image File: YorkFactory_USSS-316_M1958_1883-10-01_OBS-2.jpg
1883	10	18	14	00	0	6.94	|	orig=205 inHg|Local time: 1400|QC flag: none|Image File: YorkFactory_USSS-316_M1958_1883-10-01_OBS-2.jpg
1883	10	18	21	00	0	6.16	|	orig=182 inHg|Local time: 2100|QC flag: low value|Image File: YorkFactory_USSS-316_M1958_1883-10-01_OBS-2.jpg
1883	10	19	07	00	0	5.93	|	orig=175 inHg|Local time: 0700|QC flag: low value|Image File: YorkFactory_USSS-316_M1958_1883-10-01_OBS-2.jpg
1883	10	19	14	00	0	6.40	|	orig=189 inHg|Local time: 1400|QC flag: low value|Image File: YorkFactory_USSS-316_M1958_1883-10-01_OBS-2.jpg
1883	10	19	21	00	0	6.16	|	orig=182 inHg|Local time: 2100|QC flag: low value|Image File: YorkFactory_USSS-316_M1958_1883-10-01_OBS-2.jpg
1883	10	20	07	00	0	5.69	|	orig=168 inHg|Local time: 0700|QC flag: low value|Image File: YorkFactory_USSS-316_M1958_1883-10-01_OBS-2.jpg
1883	10	20	14	00	0	6.40	|	orig=189 inHg|Local time: 1400|QC flag: low value|Image File: YorkFactory_USSS-316_M1958_1883-10-01_OBS-2.jpg
1883	10	20	21	00	0	6.16	|	orig=182 inHg|Local time: 2100|QC flag: low value|Image File: YorkFactory_USSS-316_M1958_1883-10-01_OBS-2.jpg
1883	10	21	07	00	0	5.93	|	orig=175 inHg|Local time: 0700|QC flag: low value|Image File: YorkFactory_USSS-316_M1958_1883-10-01_OBS-2.jpg
1883	10	21	14	00	0	6.94	|	orig=205 inHg|Local time: 1400|QC flag: none|Image File: YorkFactory_USSS-316_M1958_1883-10-01_OBS-2.jpg
1883	10	21	21	00	0	6.67	|	orig=197 inHg|Local time: 2100|QC flag: low value|Image File: YorkFactory_USSS-316_M1958_1883-10-01_OBS-2.jpg
1883	10	22	07	00	0	5.69	|	orig=168 inHg|Local time: 0700|QC flag: low value|Image File: YorkFactory_USSS-316_M1958_1883-10-01_OBS-2.jpg
1883	10	22	14	00	0	7.62	|	orig=225 inHg|Local time: 1400|QC flag: none|Image File: YorkFactory_USSS-316_M1958_1883-10-01_OBS-2.jpg
1883	10	22	21	00	0	7.04	|	orig=208 inHg|Local time: 2100|QC flag: none|Image File: YorkFactory_USSS-316_M1958_1883-10-01_OBS-2.jpg
1883	10	23	07	00	0	5.93	|	orig=175 inHg|Local time: 0700|QC flag: low value|Image File: YorkFactory_USSS-316_M1958_1883-10-01_OBS-2.jpg
1883	10	23	14	00	0	6.94	|	orig=205 inHg|Local time: 1400|QC flag: none|Image File: YorkFactory_USSS-316_M1958_1883-10-01_OBS-2.jpg
1883	10	23	21	00	0	6.40	|	orig=189 inHg|Local time: 2100|QC flag: low value|Image File: YorkFactory_USSS-316_M1958_1883-10-01_OBS-2.jpg
1883	10	24	07	00	0	6.16	|	orig=182 inHg|Local time: 0700|QC flag: low value|Image File: YorkFactory_USSS-316_M1958_1883-10-01_OBS-2.jpg
1883	10	24	14	00	0	7.55	|	orig=223 inHg|Local time: 1400|QC flag: none|Image File: YorkFactory_USSS-316_M1958_1883-10-01_OBS-2.jpg
1883	10	24	21	00	0	6.94	|	orig=205 inHg|Local time: 2100|QC flag: none|Image File: YorkFactory_USSS-316_M1958_1883-10-01_OBS-2.jpg
1883	10	25	07	00	0	5.69	|	orig=168 inHg|Local time: 0700|QC flag: low value|Image File: YorkFactory_USSS-316_M1958_1883-10-01_OBS-2.jpg
1883	10	25	14	00	0	7.55	|	orig=223 inHg|Local time: 1400|QC flag: none|Image File: YorkFactory_USSS-316_M1958_1883-10-01_OBS-2.jpg
1883	10	25	21	00	0	6.67	|	orig=197 inHg|Local time: 2100|QC flag: low value|Image File: YorkFactory_USSS-316_M1958_1883-10-01_OBS-2.jpg
1883	10	26	07	00	0	5.93	|	orig=175 inHg|Local time: 0700|QC flag: low value|Image File: YorkFactory_USSS-316_M1958_1883-10-01_OBS-2.jpg
1883	10	26	14	00	0	7.25	|	orig=214 inHg|Local time: 1400|QC flag: none|Image File: YorkFactory_USSS-316_M1958_1883-10-01_OBS-2.jpg
1883	10	26	21	00	0	6.67	|	orig=197 inHg|Local time: 2100|QC flag: low value|Image File: YorkFactory_USSS-316_M1958_1883-10-01_OBS-2.jpg
1883	10	27	07	00	0	5.89	|	orig=174 inHg|Local time: 0700|QC flag: low value|Image File: YorkFactory_USSS-316_M1958_1883-10-01_OBS-2.jpg
1883	10	27	14	00	0	6.94	|	orig=205 inHg|Local time: 1400|QC flag: none|Image File: YorkFactory_USSS-316_M1958_1883-10-01_OBS-2.jpg
1883	10	27	21	00	0	6.40	|	orig=189 inHg|Local time: 2100|QC flag: low value|Image File: YorkFactory_USSS-316_M1958_1883-10-01_OBS-2.jpg
1883	10	28	07	00	0	5.69	|	orig=168 inHg|Local time: 0700|QC flag: low value|Image File: YorkFactory_USSS-316_M1958_1883-10-01_OBS-2.jpg
1883	10	28	14	00	0	6.40	|	orig=189 inHg|Local time: 1400|QC flag: low value|Image File: YorkFactory_USSS-316_M1958_1883-10-01_OBS-2.jpg
1883	10	28	21	00	0	6.16	|	orig=182 inHg|Local time: 2100|QC flag: low value|Image File: YorkFactory_USSS-316_M1958_1883-10-01_OBS-2.jpg
1883	10	29	07	00	0	5.93	|	orig=175 inHg|Local time: 0700|QC flag: low value|Image File: YorkFactory_USSS-316_M1958_1883-10-01_OBS-2.jpg
1883	10	29	14	00	0	7.04	|	orig=208 inHg|Local time: 1400|QC flag: none|Image File: YorkFactory_USSS-316_M1958_1883-10-01_OBS-2.jpg
1883	10	29	21	00	0	6.91	|	orig=204 inHg|Local time: 2100|QC flag: none|Image File: YorkFactory_USSS-316_M1958_1883-10-01_OBS-2.jpg
1883	10	30	07	00	0	5.69	|	orig=168 inHg|Local time: 0700|QC flag: low value|Image File: YorkFactory_USSS-316_M1958_1883-10-01_OBS-2.jpg
1883	10	30	14	00	0	6.40	|	orig=189 inHg|Local time: 1400|QC flag: low value|Image File: YorkFactory_USSS-316_M1958_1883-10-01_OBS-2.jpg
1883	10	30	21	00	0	6.16	|	orig=182 inHg|Local time: 2100|QC flag: low value|Image File: YorkFactory_USSS-316_M1958_1883-10-01_OBS-2.jpg
1883	10	31	07	00	0	5.01	|	orig=148 inHg|Local time: 0700|QC flag: low value|Image File: YorkFactory_USSS-316_M1958_1883-10-01_OBS-2.jpg
1883	10	31	14	00	0	6.16	|	orig=182 inHg|Local time: 1400|QC flag: low value|Image File: YorkFactory_USSS-316_M1958_1883-10-01_OBS-2.jpg
1883	10	31	21	00	0	6.40	|	orig=189 inHg|Local time: 2100|QC flag: low value|Image File: YorkFactory_USSS-316_M1958_1883-10-01_OBS-2.jpg
1883	11	01	07	00	0	4.67	|	orig=.138 inHg|Local time: 0700|QC flag: low value|Image File: YorkFactory_USSS-316_M1958_1883-11-01_OBS-2.jpg
1883	11	01	14	00	0	5.69	|	orig=.168 inHg|Local time: 1400|QC flag: low value|Image File: YorkFactory_USSS-316_M1958_1883-11-01_OBS-2.jpg
1883	11	01	21	00	0	5.01	|	orig=.148 inHg|Local time: 2100|QC flag: low value|Image File: YorkFactory_USSS-316_M1958_1883-11-01_OBS-2.jpg
1883	11	02	07	00	0	3.79	|	orig=.112 inHg|Local time: 0700|QC flag: low value|Image File: YorkFactory_USSS-316_M1958_1883-11-01_OBS-2.jpg
1883	11	02	14	00	0	5.45	|	orig=.161 inHg|Local time: 1400|QC flag: low value|Image File: YorkFactory_USSS-316_M1958_1883-11-01_OBS-2.jpg
1883	11	02	21	00	0	4.17	|	orig=.123 inHg|Local time: 2100|QC flag: low value|Image File: YorkFactory_USSS-316_M1958_1883-11-01_OBS-2.jpg
1883	11	03	07	00	0	2.98	|	orig=.088 inHg|Local time: 0700|QC flag: low value|Image File: YorkFactory_USSS-316_M1958_1883-11-01_OBS-2.jpg
1883	11	03	14	00	0	5.01	|	orig=.148 inHg|Local time: 1400|QC flag: low value|Image File: YorkFactory_USSS-316_M1958_1883-11-01_OBS-2.jpg
1883	11	03	21	00	0	3.79	|	orig=.112 inHg|Local time: 2100|QC flag: low value|Image File: YorkFactory_USSS-316_M1958_1883-11-01_OBS-2.jpg
1883	11	04	07	00	0	2.57	|	orig=.076 inHg|Local time: 0700|QC flag: low value|Image File: YorkFactory_USSS-316_M1958_1883-11-01_OBS-2.jpg
1883	11	04	14	00	0	3.45	|	orig=.102 inHg|Local time: 1400|QC flag: low value|Image File: YorkFactory_USSS-316_M1958_1883-11-01_OBS-2.jpg
1883	11	04	21	00	0	3.15	|	orig=.093 inHg|Local time: 2100|QC flag: low value|Image File: YorkFactory_USSS-316_M1958_1883-11-01_OBS-2.jpg
1883	11	05	07	00	0	2.34	|	orig=.069 inHg|Local time: 0700|QC flag: low value|Image File: YorkFactory_USSS-316_M1958_1883-11-01_OBS-2.jpg
1883	11	05	14	00	0	3.28	|	orig=.097 inHg|Local time: 1400|QC flag: low value|Image File: YorkFactory_USSS-316_M1958_1883-11-01_OBS-2.jpg
1883	11	05	21	00	0	2.84	|	orig=.084 inHg|Local time: 2100|QC flag: low value|Image File: YorkFactory_USSS-316_M1958_1883-11-01_OBS-2.jpg
1883	11	06	07	00	0	2.10	|	orig=.062 inHg|Local time: 0700|QC flag: low value|Image File: YorkFactory_USSS-316_M1958_1883-11-01_OBS-2.jpg
1883	11	06	14	00	0	2.57	|	orig=.076 inHg|Local time: 1400|QC flag: low value|Image File: YorkFactory_USSS-316_M1958_1883-11-01_OBS-2.jpg
1883	11	06	21	00	0	2.24	|	orig=.066 inHg|Local time: 2100|QC flag: low value|Image File: YorkFactory_USSS-316_M1958_1883-11-01_OBS-2.jpg
1883	11	07	07	00	0	1.83	|	orig=.054 inHg|Local time: 0700|QC flag: low value|Image File: YorkFactory_USSS-316_M1958_1883-11-01_OBS-2.jpg
1883	11	07	14	00	0	2.34	|	orig=.069 inHg|Local time: 1400|QC flag: low value|Image File: YorkFactory_USSS-316_M1958_1883-11-01_OBS-2.jpg
1883	11	07	21	00	0	2.10	|	orig=.062 inHg|Local time: 2100|QC flag: low value|Image File: YorkFactory_USSS-316_M1958_1883-11-01_OBS-2.jpg
1883	11	08	07	00	0	1.46	|	orig=.043 inHg|Local time: 0700|QC flag: low value|Image File: YorkFactory_USSS-316_M1958_1883-11-01_OBS-2.jpg
1883	11	08	14	00	0	1.35	|	orig=.040 inHg|Local time: 1400|QC flag: low value|Image File: YorkFactory_USSS-316_M1958_1883-11-01_OBS-2.jpg
1883	11	08	21	00	0	1.29	|	orig=.038 inHg|Local time: 2100|QC flag: low value|Image File: YorkFactory_USSS-316_M1958_1883-11-01_OBS-2.jpg
1883	11	09	07	00	0	0.88	|	orig=.026 inHg|Local time: 0700|QC flag: low value|Image File: YorkFactory_USSS-316_M1958_1883-11-01_OBS-2.jpg
1883	11	09	14	00	0	1.49	|	orig=.044 inHg|Local time: 1400|QC flag: low value|Image File: YorkFactory_USSS-316_M1958_1883-11-01_OBS-2.jpg
1883	11	09	21	00	0	1.15	|	orig=.034 inHg|Local time: 2100|QC flag: low value|Image File: YorkFactory_USSS-316_M1958_1883-11-01_OBS-2.jpg
1883	11	10	07	00	0	0.68	|	orig=.020 inHg|Local time: 0700|QC flag: low value|Image File: YorkFactory_USSS-316_M1958_1883-11-01_OBS-2.jpg
1883	11	10	14	00	0	1.08	|	orig=.032 inHg|Local time: 1400|QC flag: low value|Image File: YorkFactory_USSS-316_M1958_1883-11-01_OBS-2.jpg
1883	11	10	21	00	0	0.98	|	orig=.029 inHg|Local time: 2100|QC flag: low value|Image File: YorkFactory_USSS-316_M1958_1883-11-01_OBS-2.jpg
1883	11	11	07	00	0	0.61	|	orig=.018 inHg|Local time: 0700|QC flag: low value|Image File: YorkFactory_USSS-316_M1958_1883-11-01_OBS-2.jpg
1883	11	11	14	00	0	1.15	|	orig=.034 inHg|Local time: 1400|QC flag: low value|Image File: YorkFactory_USSS-316_M1958_1883-11-01_OBS-2.jpg
1883	11	11	21	00	0	0.98	|	orig=.029 inHg|Local time: 2100|QC flag: low value|Image File: YorkFactory_USSS-316_M1958_1883-11-01_OBS-2.jpg
1883	11	12	07	00	0	0.64	|	orig=.019 inHg|Local time: 0700|QC flag: low value|Image File: YorkFactory_USSS-316_M1958_1883-11-01_OBS-2.jpg
1883	11	12	14	00	0	0.98	|	orig=.029 inHg|Local time: 1400|QC flag: low value|Image File: YorkFactory_USSS-316_M1958_1883-11-01_OBS-2.jpg
1883	11	12	21	00	0	0.71	|	orig=.021 inHg|Local time: 2100|QC flag: low value|Image File: YorkFactory_USSS-316_M1958_1883-11-01_OBS-2.jpg
1883	11	13	07	00	0	-999	|	orig=" inHg|Local time: 0700|QC flag: missing|Image File: YorkFactory_USSS-316_M1958_1883-11-01_OBS-2.jpg
1883	11	13	14	00	0	0.61	|	orig=.018 inHg|Local time: 1400|QC flag: low value|Image File: YorkFactory_USSS-316_M1958_1883-11-01_OBS-2.jpg
1883	11	13	21	00	0	0.51	|	orig=.015 inHg|Local time: 2100|QC flag: low value|Image File: YorkFactory_USSS-316_M1958_1883-11-01_OBS-2.jpg
1883	11	14	07	00	0	-999	|	orig=" inHg|Local time: 0700|QC flag: missing|Image File: YorkFactory_USSS-316_M1958_1883-11-01_OBS-2.jpg
1883	11	14	14	00	0	0.58	|	orig=.017 inHg|Local time: 1400|QC flag: low value|Image File: YorkFactory_USSS-316_M1958_1883-11-01_OBS-2.jpg
1883	11	14	21	00	0	0.51	|	orig=.015 inHg|Local time: 2100|QC flag: low value|Image File: YorkFactory_USSS-316_M1958_1883-11-01_OBS-2.jpg
1883	11	15	07	00	0	0.64	|	orig=.019 inHg|Local time: 0700|QC flag: low value|Image File: YorkFactory_USSS-316_M1958_1883-11-01_OBS-2.jpg
1883	11	15	14	00	0	0.68	|	orig=.020 inHg|Local time: 1400|QC flag: low value|Image File: YorkFactory_USSS-316_M1958_1883-11-01_OBS-2.jpg
1883	11	15	21	00	0	0.64	|	orig=.019 inHg|Local time: 2100|QC flag: low value|Image File: YorkFactory_USSS-316_M1958_1883-11-01_OBS-2.jpg
1883	11	16	07	00	0	0.44	|	orig=.013 inHg|Local time: 0700|QC flag: low value|Image File: YorkFactory_USSS-316_M1958_1883-11-01_OBS-2.jpg
1883	11	16	14	00	0	0.71	|	orig=.021 inHg|Local time: 1400|QC flag: low value|Image File: YorkFactory_USSS-316_M1958_1883-11-01_OBS-2.jpg
1883	11	16	21	00	0	0.64	|	orig=.019 inHg|Local time: 2100|QC flag: low value|Image File: YorkFactory_USSS-316_M1958_1883-11-01_OBS-2.jpg
1883	11	17	07	00	0	0.51	|	orig=.015 inHg|Local time: 0700|QC flag: low value|Image File: YorkFactory_USSS-316_M1958_1883-11-01_OBS-2.jpg
1883	11	17	14	00	0	0.68	|	orig=.020 inHg|Local time: 1400|QC flag: low value|Image File: YorkFactory_USSS-316_M1958_1883-11-01_OBS-2.jpg
1883	11	17	21	00	0	0.61	|	orig=.018 inHg|Local time: 2100|QC flag: low value|Image File: YorkFactory_USSS-316_M1958_1883-11-01_OBS-2.jpg
1883	11	18	07	00	0	0.58	|	orig=.017 inHg|Local time: 0700|QC flag: low value|Image File: YorkFactory_USSS-316_M1958_1883-11-01_OBS-2.jpg
1883	11	18	14	00	0	1.08	|	orig=.032 inHg|Local time: 1400|QC flag: low value|Image File: YorkFactory_USSS-316_M1958_1883-11-01_OBS-2.jpg
1883	11	18	21	00	0	1.02	|	orig=.030 inHg|Local time: 2100|QC flag: low value|Image File: YorkFactory_USSS-316_M1958_1883-11-01_OBS-2.jpg
1883	11	19	07	00	0	0.71	|	orig=.021 inHg|Local time: 0700|QC flag: low value|Image File: YorkFactory_USSS-316_M1958_1883-11-01_OBS-2.jpg
1883	11	19	14	00	0	1.15	|	orig=.034 inHg|Local time: 1400|QC flag: low value|Image File: YorkFactory_USSS-316_M1958_1883-11-01_OBS-2.jpg
1883	11	19	21	00	0	1.08	|	orig=.032 inHg|Local time: 2100|QC flag: low value|Image File: YorkFactory_USSS-316_M1958_1883-11-01_OBS-2.jpg
1883	11	20	07	00	0	0.68	|	orig=.020 inHg|Local time: 0700|QC flag: low value|Image File: YorkFactory_USSS-316_M1958_1883-11-01_OBS-2.jpg
1883	11	20	14	00	0	1.22	|	orig=.036 inHg|Local time: 1400|QC flag: low value|Image File: YorkFactory_USSS-316_M1958_1883-11-01_OBS-2.jpg
1883	11	20	21	00	0	1.15	|	orig=.034 inHg|Local time: 2100|QC flag: low value|Image File: YorkFactory_USSS-316_M1958_1883-11-01_OBS-2.jpg
1883	11	21	07	00	0	0.61	|	orig=.018 inHg|Local time: 0700|QC flag: low value|Image File: YorkFactory_USSS-316_M1958_1883-11-01_OBS-2.jpg
1883	11	21	14	00	0	1.02	|	orig=.030 inHg|Local time: 1400|QC flag: low value|Image File: YorkFactory_USSS-316_M1958_1883-11-01_OBS-2.jpg
1883	11	21	21	00	0	1.02	|	orig=.030 inHg|Local time: 2100|QC flag: low value|Image File: YorkFactory_USSS-316_M1958_1883-11-01_OBS-2.jpg
1883	11	22	07	00	0	0.78	|	orig=.023 inHg|Local time: 0700|QC flag: low value|Image File: YorkFactory_USSS-316_M1958_1883-11-01_OBS-2.jpg
1883	11	22	14	00	0	1.56	|	orig=.046 inHg|Local time: 1400|QC flag: low value|Image File: YorkFactory_USSS-316_M1958_1883-11-01_OBS-2.jpg
1883	11	22	21	00	0	1.49	|	orig=.044 inHg|Local time: 2100|QC flag: low value|Image File: YorkFactory_USSS-316_M1958_1883-11-01_OBS-2.jpg
1883	11	23	07	00	0	1.49	|	orig=.044 inHg|Local time: 0700|QC flag: low value|Image File: YorkFactory_USSS-316_M1958_1883-11-01_OBS-2.jpg
1883	11	23	14	00	0	2.71	|	orig=.080 inHg|Local time: 1400|QC flag: low value|Image File: YorkFactory_USSS-316_M1958_1883-11-01_OBS-2.jpg
1883	11	23	21	00	0	2.84	|	orig=.084 inHg|Local time: 2100|QC flag: low value|Image File: YorkFactory_USSS-316_M1958_1883-11-01_OBS-2.jpg
1883	11	24	07	00	0	1.73	|	orig=.051 inHg|Local time: 0700|QC flag: low value|Image File: YorkFactory_USSS-316_M1958_1883-11-01_OBS-2.jpg
1883	11	24	14	00	0	2.00	|	orig=.059 inHg|Local time: 1400|QC flag: low value|Image File: YorkFactory_USSS-316_M1958_1883-11-01_OBS-2.jpg
1883	11	24	21	00	0	1.93	|	orig=.057 inHg|Local time: 2100|QC flag: low value|Image File: YorkFactory_USSS-316_M1958_1883-11-01_OBS-2.jpg
1883	11	25	07	00	0	2.10	|	orig=.062 inHg|Local time: 0700|QC flag: low value|Image File: YorkFactory_USSS-316_M1958_1883-11-01_OBS-2.jpg
1883	11	25	14	00	0	2.30	|	orig=.068 inHg|Local time: 1400|QC flag: low value|Image File: YorkFactory_USSS-316_M1958_1883-11-01_OBS-2.jpg
1883	11	25	21	00	0	2.78	|	orig=.082 inHg|Local time: 2100|QC flag: low value|Image File: YorkFactory_USSS-316_M1958_1883-11-01_OBS-2.jpg
1883	11	26	07	00	0	2.91	|	orig=.086 inHg|Local time: 0700|QC flag: low value|Image File: YorkFactory_USSS-316_M1958_1883-11-01_OBS-2.jpg
1883	11	26	14	00	0	2.78	|	orig=.082 inHg|Local time: 1400|QC flag: low value|Image File: YorkFactory_USSS-316_M1958_1883-11-01_OBS-2.jpg
1883	11	26	21	00	0	2.30	|	orig=.068 inHg|Local time: 2100|QC flag: low value|Image File: YorkFactory_USSS-316_M1958_1883-11-01_OBS-2.jpg
1883	11	27	07	00	0	-999	|	orig=" inHg|Local time: 0700|QC flag: missing|Image File: YorkFactory_USSS-316_M1958_1883-11-01_OBS-2.jpg
1883	11	27	14	00	0	0.37	|	orig=.011 inHg|Local time: 1400|QC flag: low value|Image File: YorkFactory_USSS-316_M1958_1883-11-01_OBS-2.jpg
1883	11	27	21	00	0	-999	|	orig=" inHg|Local time: 2100|QC flag: missing|Image File: YorkFactory_USSS-316_M1958_1883-11-01_OBS-2.jpg
1883	11	28	07	00	0	-999	|	orig=" inHg|Local time: 0700|QC flag: missing|Image File: YorkFactory_USSS-316_M1958_1883-11-01_OBS-2.jpg
1883	11	28	14	00	0	-999	|	orig=" inHg|Local time: 1400|QC flag: missing|Image File: YorkFactory_USSS-316_M1958_1883-11-01_OBS-2.jpg
1883	11	28	21	00	0	-999	|	orig=" inHg|Local time: 2100|QC flag: missing|Image File: YorkFactory_USSS-316_M1958_1883-11-01_OBS-2.jpg
1883	11	29	07	00	0	-999	|	orig=" inHg|Local time: 0700|QC flag: missing|Image File: YorkFactory_USSS-316_M1958_1883-11-01_OBS-2.jpg
1883	11	29	14	00	0	0.37	|	orig=.011 inHg|Local time: 1400|QC flag: low value|Image File: YorkFactory_USSS-316_M1958_1883-11-01_OBS-2.jpg
1883	11	29	21	00	0	-999	|	orig=" inHg|Local time: 2100|QC flag: missing|Image File: YorkFactory_USSS-316_M1958_1883-11-01_OBS-2.jpg
1883	11	30	07	00	0	-999	|	orig=" inHg|Local time: 0700|QC flag: missing|Image File: YorkFactory_USSS-316_M1958_1883-11-01_OBS-2.jpg
1883	11	30	14	00	0	0.68	|	orig=.020 inHg|Local time: 1400|QC flag: low value|Image File: YorkFactory_USSS-316_M1958_1883-11-01_OBS-2.jpg
1883	11	30	21	00	0	0.61	|	orig=.018 inHg|Local time: 2100|QC flag: low value|Image File: YorkFactory_USSS-316_M1958_1883-11-01_OBS-2.jpg
1883	12	01	07	00	0	0.47	|	orig=0.014 inHg|Local time: 0700|QC flag: low value|Image File: YorkFactory_USSS-316_M1958_1883-12-01_OBS-2.jpg
1883	12	01	14	00	0	0.85	|	orig=0.025 inHg|Local time: 1400|QC flag: low value|Image File: YorkFactory_USSS-316_M1958_1883-12-01_OBS-2.jpg
1883	12	01	21	00	0	0.78	|	orig=0.023 inHg|Local time: 2100|QC flag: low value|Image File: YorkFactory_USSS-316_M1958_1883-12-01_OBS-2.jpg
1883	12	02	07	00	0	-999	|	orig=" inHg|Local time: 0700|QC flag: missing|Image File: YorkFactory_USSS-316_M1958_1883-12-01_OBS-2.jpg
1883	12	02	14	00	0	0.68	|	orig=0.020 inHg|Local time: 1400|QC flag: low value|Image File: YorkFactory_USSS-316_M1958_1883-12-01_OBS-2.jpg
1883	12	02	21	00	0	0.71	|	orig=0.021 inHg|Local time: 2100|QC flag: low value|Image File: YorkFactory_USSS-316_M1958_1883-12-01_OBS-2.jpg
1883	12	03	07	00	0	-999	|	orig=" inHg|Local time: 0700|QC flag: missing|Image File: YorkFactory_USSS-316_M1958_1883-12-01_OBS-2.jpg
1883	12	03	14	00	0	0.44	|	orig=0.013 inHg|Local time: 1400|QC flag: low value|Image File: YorkFactory_USSS-316_M1958_1883-12-01_OBS-2.jpg
1883	12	03	21	00	0	0.41	|	orig=0.012 inHg|Local time: 2100|QC flag: low value|Image File: YorkFactory_USSS-316_M1958_1883-12-01_OBS-2.jpg
1883	12	04	07	00	0	-999	|	orig=" inHg|Local time: 0700|QC flag: missing|Image File: YorkFactory_USSS-316_M1958_1883-12-01_OBS-2.jpg
1883	12	04	14	00	0	0.41	|	orig=0.012 inHg|Local time: 1400|QC flag: low value|Image File: YorkFactory_USSS-316_M1958_1883-12-01_OBS-2.jpg
1883	12	04	21	00	0	0.37	|	orig=0.011 inHg|Local time: 2100|QC flag: low value|Image File: YorkFactory_USSS-316_M1958_1883-12-01_OBS-2.jpg
1883	12	05	07	00	0	0.37	|	orig=0.011 inHg|Local time: 0700|QC flag: low value|Image File: YorkFactory_USSS-316_M1958_1883-12-01_OBS-2.jpg
1883	12	05	14	00	0	0.64	|	orig=0.019 inHg|Local time: 1400|QC flag: low value|Image File: YorkFactory_USSS-316_M1958_1883-12-01_OBS-2.jpg
1883	12	05	21	00	0	0.61	|	orig=0.018 inHg|Local time: 2100|QC flag: low value|Image File: YorkFactory_USSS-316_M1958_1883-12-01_OBS-2.jpg
1883	12	06	07	00	0	-999	|	orig=" inHg|Local time: 0700|QC flag: missing|Image File: YorkFactory_USSS-316_M1958_1883-12-01_OBS-2.jpg
1883	12	06	14	00	0	0.41	|	orig=0.012 inHg|Local time: 1400|QC flag: low value|Image File: YorkFactory_USSS-316_M1958_1883-12-01_OBS-2.jpg
1883	12	06	21	00	0	0.37	|	orig=0.011 inHg|Local time: 2100|QC flag: low value|Image File: YorkFactory_USSS-316_M1958_1883-12-01_OBS-2.jpg
1883	12	07	07	00	0	-999	|	orig=" inHg|Local time: 0700|QC flag: missing|Image File: YorkFactory_USSS-316_M1958_1883-12-01_OBS-2.jpg
1883	12	07	14	00	0	-999	|	orig=" inHg|Local time: 1400|QC flag: missing|Image File: YorkFactory_USSS-316_M1958_1883-12-01_OBS-2.jpg
1883	12	07	21	00	0	-999	|	orig=" inHg|Local time: 2100|QC flag: missing|Image File: YorkFactory_USSS-316_M1958_1883-12-01_OBS-2.jpg
1883	12	08	07	00	0	-999	|	orig=" inHg|Local time: 0700|QC flag: missing|Image File: YorkFactory_USSS-316_M1958_1883-12-01_OBS-2.jpg
1883	12	08	14	00	0	0.41	|	orig=0.012 inHg|Local time: 1400|QC flag: low value|Image File: YorkFactory_USSS-316_M1958_1883-12-01_OBS-2.jpg
1883	12	08	21	00	0	-999	|	orig=" inHg|Local time: 2100|QC flag: missing|Image File: YorkFactory_USSS-316_M1958_1883-12-01_OBS-2.jpg
1883	12	09	07	00	0	-999	|	orig=" inHg|Local time: 0700|QC flag: missing|Image File: YorkFactory_USSS-316_M1958_1883-12-01_OBS-2.jpg
1883	12	09	14	00	0	0.41	|	orig=0.012 inHg|Local time: 1400|QC flag: low value|Image File: YorkFactory_USSS-316_M1958_1883-12-01_OBS-2.jpg
1883	12	09	21	00	0	0.41	|	orig=0.012 inHg|Local time: 2100|QC flag: low value|Image File: YorkFactory_USSS-316_M1958_1883-12-01_OBS-2.jpg
1883	12	10	07	00	0	-999	|	orig=" inHg|Local time: 0700|QC flag: missing|Image File: YorkFactory_USSS-316_M1958_1883-12-01_OBS-2.jpg
1883	12	10	14	00	0	-999	|	orig=" inHg|Local time: 1400|QC flag: missing|Image File: YorkFactory_USSS-316_M1958_1883-12-01_OBS-2.jpg
1883	12	10	21	00	0	-999	|	orig=" inHg|Local time: 2100|QC flag: missing|Image File: YorkFactory_USSS-316_M1958_1883-12-01_OBS-2.jpg
1883	12	11	07	00	0	-999	|	orig=" inHg|Local time: 0700|QC flag: missing|Image File: YorkFactory_USSS-316_M1958_1883-12-01_OBS-2.jpg
1883	12	11	14	00	0	-999	|	orig=" inHg|Local time: 1400|QC flag: missing|Image File: YorkFactory_USSS-316_M1958_1883-12-01_OBS-2.jpg
1883	12	11	21	00	0	-999	|	orig=" inHg|Local time: 2100|QC flag: missing|Image File: YorkFactory_USSS-316_M1958_1883-12-01_OBS-2.jpg
1883	12	12	07	00	0	-999	|	orig=" inHg|Local time: 0700|QC flag: missing|Image File: YorkFactory_USSS-316_M1958_1883-12-01_OBS-2.jpg
1883	12	12	14	00	0	-999	|	orig=" inHg|Local time: 1400|QC flag: missing|Image File: YorkFactory_USSS-316_M1958_1883-12-01_OBS-2.jpg
1883	12	12	21	00	0	-999	|	orig=" inHg|Local time: 2100|QC flag: missing|Image File: YorkFactory_USSS-316_M1958_1883-12-01_OBS-2.jpg
1883	12	13	07	00	0	-999	|	orig=" inHg|Local time: 0700|QC flag: missing|Image File: YorkFactory_USSS-316_M1958_1883-12-01_OBS-2.jpg
1883	12	13	14	00	0	0.41	|	orig=0.012 inHg|Local time: 1400|QC flag: low value|Image File: YorkFactory_USSS-316_M1958_1883-12-01_OBS-2.jpg
1883	12	13	21	00	0	-999	|	orig=" inHg|Local time: 2100|QC flag: missing|Image File: YorkFactory_USSS-316_M1958_1883-12-01_OBS-2.jpg
1883	12	14	07	00	0	-999	|	orig=" inHg|Local time: 0700|QC flag: missing|Image File: YorkFactory_USSS-316_M1958_1883-12-01_OBS-2.jpg
1883	12	14	14	00	0	-999	|	orig=" inHg|Local time: 1400|QC flag: missing|Image File: YorkFactory_USSS-316_M1958_1883-12-01_OBS-2.jpg
1883	12	14	21	00	0	-999	|	orig=" inHg|Local time: 2100|QC flag: missing|Image File: YorkFactory_USSS-316_M1958_1883-12-01_OBS-2.jpg
1883	12	15	07	00	0	-999	|	orig=" inHg|Local time: 0700|QC flag: missing|Image File: YorkFactory_USSS-316_M1958_1883-12-01_OBS-2.jpg
1883	12	15	14	00	0	-999	|	orig=" inHg|Local time: 1400|QC flag: missing|Image File: YorkFactory_USSS-316_M1958_1883-12-01_OBS-2.jpg
1883	12	15	21	00	0	-999	|	orig=" inHg|Local time: 2100|QC flag: missing|Image File: YorkFactory_USSS-316_M1958_1883-12-01_OBS-2.jpg
1883	12	16	07	00	0	-999	|	orig=" inHg|Local time: 0700|QC flag: missing|Image File: YorkFactory_USSS-316_M1958_1883-12-01_OBS-2.jpg
1883	12	16	14	00	0	-999	|	orig=" inHg|Local time: 1400|QC flag: missing|Image File: YorkFactory_USSS-316_M1958_1883-12-01_OBS-2.jpg
1883	12	16	21	00	0	-999	|	orig=" inHg|Local time: 2100|QC flag: missing|Image File: YorkFactory_USSS-316_M1958_1883-12-01_OBS-2.jpg
1883	12	17	07	00	0	-999	|	orig=" inHg|Local time: 0700|QC flag: missing|Image File: YorkFactory_USSS-316_M1958_1883-12-01_OBS-2.jpg
1883	12	17	14	00	0	-999	|	orig=" inHg|Local time: 1400|QC flag: missing|Image File: YorkFactory_USSS-316_M1958_1883-12-01_OBS-2.jpg
1883	12	17	21	00	0	-999	|	orig=" inHg|Local time: 2100|QC flag: missing|Image File: YorkFactory_USSS-316_M1958_1883-12-01_OBS-2.jpg
1883	12	18	07	00	0	-999	|	orig=" inHg|Local time: 0700|QC flag: missing|Image File: YorkFactory_USSS-316_M1958_1883-12-01_OBS-2.jpg
1883	12	18	14	00	0	-999	|	orig=" inHg|Local time: 1400|QC flag: missing|Image File: YorkFactory_USSS-316_M1958_1883-12-01_OBS-2.jpg
1883	12	18	21	00	0	-999	|	orig=" inHg|Local time: 2100|QC flag: missing|Image File: YorkFactory_USSS-316_M1958_1883-12-01_OBS-2.jpg
1883	12	19	07	00	0	-999	|	orig=" inHg|Local time: 0700|QC flag: missing|Image File: YorkFactory_USSS-316_M1958_1883-12-01_OBS-2.jpg
1883	12	19	14	00	0	-999	|	orig=" inHg|Local time: 1400|QC flag: missing|Image File: YorkFactory_USSS-316_M1958_1883-12-01_OBS-2.jpg
1883	12	19	21	00	0	-999	|	orig=" inHg|Local time: 2100|QC flag: missing|Image File: YorkFactory_USSS-316_M1958_1883-12-01_OBS-2.jpg
1883	12	20	07	00	0	-999	|	orig=" inHg|Local time: 0700|QC flag: missing|Image File: YorkFactory_USSS-316_M1958_1883-12-01_OBS-2.jpg
1883	12	20	14	00	0	-999	|	orig=" inHg|Local time: 1400|QC flag: missing|Image File: YorkFactory_USSS-316_M1958_1883-12-01_OBS-2.jpg
1883	12	20	21	00	0	-999	|	orig=" inHg|Local time: 2100|QC flag: missing|Image File: YorkFactory_USSS-316_M1958_1883-12-01_OBS-2.jpg
1883	12	21	07	00	0	-999	|	orig=" inHg|Local time: 0700|QC flag: missing|Image File: YorkFactory_USSS-316_M1958_1883-12-01_OBS-2.jpg
1883	12	21	14	00	0	-999	|	orig=" inHg|Local time: 1400|QC flag: missing|Image File: YorkFactory_USSS-316_M1958_1883-12-01_OBS-2.jpg
1883	12	21	21	00	0	-999	|	orig=" inHg|Local time: 2100|QC flag: missing|Image File: YorkFactory_USSS-316_M1958_1883-12-01_OBS-2.jpg
1883	12	22	07	00	0	-999	|	orig=" inHg|Local time: 0700|QC flag: missing|Image File: YorkFactory_USSS-316_M1958_1883-12-01_OBS-2.jpg
1883	12	22	14	00	0	0.64	|	orig=0.019 inHg|Local time: 1400|QC flag: low value|Image File: YorkFactory_USSS-316_M1958_1883-12-01_OBS-2.jpg
1883	12	22	21	00	0	0.51	|	orig=0.015 inHg|Local time: 2100|QC flag: low value|Image File: YorkFactory_USSS-316_M1958_1883-12-01_OBS-2.jpg
1883	12	23	07	00	0	-999	|	orig=" inHg|Local time: 0700|QC flag: missing|Image File: YorkFactory_USSS-316_M1958_1883-12-01_OBS-2.jpg
1883	12	23	14	00	0	0.88	|	orig=0.026 inHg|Local time: 1400|QC flag: low value|Image File: YorkFactory_USSS-316_M1958_1883-12-01_OBS-2.jpg
1883	12	23	21	00	0	0.64	|	orig=0.019 inHg|Local time: 2100|QC flag: low value|Image File: YorkFactory_USSS-316_M1958_1883-12-01_OBS-2.jpg
1883	12	24	07	00	0	-999	|	orig=" inHg|Local time: 0700|QC flag: missing|Image File: YorkFactory_USSS-316_M1958_1883-12-01_OBS-2.jpg
1883	12	24	14	00	0	-999	|	orig=" inHg|Local time: 1400|QC flag: missing|Image File: YorkFactory_USSS-316_M1958_1883-12-01_OBS-2.jpg
1883	12	24	21	00	0	-999	|	orig=" inHg|Local time: 2100|QC flag: missing|Image File: YorkFactory_USSS-316_M1958_1883-12-01_OBS-2.jpg
1883	12	25	07	00	0	-999	|	orig=" inHg|Local time: 0700|QC flag: missing|Image File: YorkFactory_USSS-316_M1958_1883-12-01_OBS-2.jpg
1883	12	25	14	00	0	-999	|	orig=" inHg|Local time: 1400|QC flag: missing|Image File: YorkFactory_USSS-316_M1958_1883-12-01_OBS-2.jpg
1883	12	25	21	00	0	-999	|	orig=" inHg|Local time: 2100|QC flag: missing|Image File: YorkFactory_USSS-316_M1958_1883-12-01_OBS-2.jpg
1883	12	26	07	00	0	-999	|	orig=" inHg|Local time: 0700|QC flag: missing|Image File: YorkFactory_USSS-316_M1958_1883-12-01_OBS-2.jpg
1883	12	26	14	00	0	-999	|	orig=" inHg|Local time: 1400|QC flag: missing|Image File: YorkFactory_USSS-316_M1958_1883-12-01_OBS-2.jpg
1883	12	26	21	00	0	-999	|	orig=" inHg|Local time: 2100|QC flag: missing|Image File: YorkFactory_USSS-316_M1958_1883-12-01_OBS-2.jpg
1883	12	27	07	00	0	-999	|	orig=" inHg|Local time: 0700|QC flag: missing|Image File: YorkFactory_USSS-316_M1958_1883-12-01_OBS-2.jpg
1883	12	27	14	00	0	-999	|	orig=" inHg|Local time: 1400|QC flag: missing|Image File: YorkFactory_USSS-316_M1958_1883-12-01_OBS-2.jpg
1883	12	27	21	00	0	-999	|	orig=" inHg|Local time: 2100|QC flag: missing|Image File: YorkFactory_USSS-316_M1958_1883-12-01_OBS-2.jpg
1883	12	28	07	00	0	-999	|	orig=" inHg|Local time: 0700|QC flag: missing|Image File: YorkFactory_USSS-316_M1958_1883-12-01_OBS-2.jpg
1883	12	28	14	00	0	-999	|	orig=" inHg|Local time: 1400|QC flag: missing|Image File: YorkFactory_USSS-316_M1958_1883-12-01_OBS-2.jpg
1883	12	28	21	00	0	-999	|	orig=" inHg|Local time: 2100|QC flag: missing|Image File: YorkFactory_USSS-316_M1958_1883-12-01_OBS-2.jpg
1883	12	29	07	00	0	-999	|	orig=" inHg|Local time: 0700|QC flag: missing|Image File: YorkFactory_USSS-316_M1958_1883-12-01_OBS-2.jpg
1883	12	29	14	00	0	-999	|	orig=" inHg|Local time: 1400|QC flag: missing|Image File: YorkFactory_USSS-316_M1958_1883-12-01_OBS-2.jpg
1883	12	29	21	00	0	-999	|	orig=" inHg|Local time: 2100|QC flag: missing|Image File: YorkFactory_USSS-316_M1958_1883-12-01_OBS-2.jpg
1883	12	30	07	00	0	-999	|	orig=" inHg|Local time: 0700|QC flag: missing|Image File: YorkFactory_USSS-316_M1958_1883-12-01_OBS-2.jpg
1883	12	30	14	00	0	-999	|	orig=" inHg|Local time: 1400|QC flag: missing|Image File: YorkFactory_USSS-316_M1958_1883-12-01_OBS-2.jpg
1883	12	30	21	00	0	-999	|	orig=" inHg|Local time: 2100|QC flag: missing|Image File: YorkFactory_USSS-316_M1958_1883-12-01_OBS-2.jpg
1883	12	31	07	00	0	-999	|	orig=" inHg|Local time: 0700|QC flag: missing|Image File: YorkFactory_USSS-316_M1958_1883-12-01_OBS-2.jpg
1883	12	31	14	00	0	-999	|	orig=" inHg|Local time: 1400|QC flag: missing|Image File: YorkFactory_USSS-316_M1958_1883-12-01_OBS-2.jpg
1883	12	31	21	00	0	-999	|	orig=" inHg|Local time: 2100|QC flag: missing|Image File: YorkFactory_USSS-316_M1958_1883-12-01_OBS-2.jpg
1884	01	01	07	00	0	-999	|	orig=- inHg|Local time: 0700|QC flag: missing|Image File: YorkFactory_USSS-314_M1958_1884-01-01_OBS-2.jpg
1884	01	01	14	00	0	-999	|	orig=- inHg|Local time: 1400|QC flag: missing|Image File: YorkFactory_USSS-314_M1958_1884-01-01_OBS-2.jpg
1884	01	01	21	00	0	-999	|	orig=" inHg|Local time: 2100|QC flag: missing|Image File: YorkFactory_USSS-316_M1958_1884-01-01_OBS-2.jpg
1884	01	02	07	00	0	-999	|	orig=- inHg|Local time: 0700|QC flag: missing|Image File: YorkFactory_USSS-314_M1958_1884-01-01_OBS-2.jpg
1884	01	02	14	00	0	-999	|	orig=- inHg|Local time: 1400|QC flag: missing|Image File: YorkFactory_USSS-314_M1958_1884-01-01_OBS-2.jpg
1884	01	02	21	00	0	-999	|	orig=" inHg|Local time: 2100|QC flag: missing|Image File: YorkFactory_USSS-316_M1958_1884-01-01_OBS-2.jpg
1884	01	03	07	00	0	-999	|	orig=- inHg|Local time: 0700|QC flag: missing|Image File: YorkFactory_USSS-314_M1958_1884-01-01_OBS-2.jpg
1884	01	03	14	00	0	0.61	|	orig=0.018 inHg|Local time: 1400|QC flag: low value|Image File: YorkFactory_USSS-316_M1958_1884-01-01_OBS-2.jpg
1884	01	03	21	00	0	0.58	|	orig=0.017 inHg|Local time: 2100|QC flag: low value|Image File: YorkFactory_USSS-316_M1958_1884-01-01_OBS-2.jpg
1884	01	04	07	00	0	-999	|	orig=- inHg|Local time: 0700|QC flag: missing|Image File: YorkFactory_USSS-314_M1958_1884-01-01_OBS-2.jpg
1884	01	04	14	00	0	-999	|	orig=- inHg|Local time: 1400|QC flag: missing|Image File: YorkFactory_USSS-314_M1958_1884-01-01_OBS-2.jpg
1884	01	04	21	00	0	-999	|	orig=" inHg|Local time: 2100|QC flag: missing|Image File: YorkFactory_USSS-316_M1958_1884-01-01_OBS-2.jpg
1884	01	05	07	00	0	-999	|	orig=- inHg|Local time: 0700|QC flag: missing|Image File: YorkFactory_USSS-314_M1958_1884-01-01_OBS-2.jpg
1884	01	05	14	00	0	-999	|	orig=- inHg|Local time: 1400|QC flag: missing|Image File: YorkFactory_USSS-314_M1958_1884-01-01_OBS-2.jpg
1884	01	05	21	00	0	-999	|	orig=" inHg|Local time: 2100|QC flag: missing|Image File: YorkFactory_USSS-316_M1958_1884-01-01_OBS-2.jpg
1884	01	06	07	00	0	-999	|	orig=- inHg|Local time: 0700|QC flag: missing|Image File: YorkFactory_USSS-314_M1958_1884-01-01_OBS-2.jpg
1884	01	06	14	00	0	-999	|	orig=- inHg|Local time: 1400|QC flag: missing|Image File: YorkFactory_USSS-314_M1958_1884-01-01_OBS-2.jpg
1884	01	06	21	00	0	-999	|	orig=" inHg|Local time: 2100|QC flag: missing|Image File: YorkFactory_USSS-316_M1958_1884-01-01_OBS-2.jpg
1884	01	07	07	00	0	-999	|	orig=- inHg|Local time: 0700|QC flag: missing|Image File: YorkFactory_USSS-314_M1958_1884-01-01_OBS-2.jpg
1884	01	07	14	00	0	-999	|	orig=- inHg|Local time: 1400|QC flag: missing|Image File: YorkFactory_USSS-314_M1958_1884-01-01_OBS-2.jpg
1884	01	07	21	00	0	-999	|	orig=" inHg|Local time: 2100|QC flag: missing|Image File: YorkFactory_USSS-316_M1958_1884-01-01_OBS-2.jpg
1884	01	08	07	00	0	-999	|	orig=- inHg|Local time: 0700|QC flag: missing|Image File: YorkFactory_USSS-314_M1958_1884-01-01_OBS-2.jpg
1884	01	08	14	00	0	-999	|	orig=- inHg|Local time: 1400|QC flag: missing|Image File: YorkFactory_USSS-314_M1958_1884-01-01_OBS-2.jpg
1884	01	08	21	00	0	-999	|	orig=" inHg|Local time: 2100|QC flag: missing|Image File: YorkFactory_USSS-316_M1958_1884-01-01_OBS-2.jpg
1884	01	09	07	00	0	-999	|	orig=- inHg|Local time: 0700|QC flag: missing|Image File: YorkFactory_USSS-314_M1958_1884-01-01_OBS-2.jpg
1884	01	09	14	00	0	-999	|	orig=- inHg|Local time: 1400|QC flag: missing|Image File: YorkFactory_USSS-314_M1958_1884-01-01_OBS-2.jpg
1884	01	09	21	00	0	-999	|	orig=" inHg|Local time: 2100|QC flag: missing|Image File: YorkFactory_USSS-316_M1958_1884-01-01_OBS-2.jpg
1884	01	10	07	00	0	-999	|	orig=- inHg|Local time: 0700|QC flag: missing|Image File: YorkFactory_USSS-314_M1958_1884-01-01_OBS-2.jpg
1884	01	10	14	00	0	-999	|	orig=- inHg|Local time: 1400|QC flag: missing|Image File: YorkFactory_USSS-314_M1958_1884-01-01_OBS-2.jpg
1884	01	10	21	00	0	-999	|	orig=" inHg|Local time: 2100|QC flag: missing|Image File: YorkFactory_USSS-316_M1958_1884-01-01_OBS-2.jpg
1884	01	11	07	00	0	-999	|	orig=- inHg|Local time: 0700|QC flag: missing|Image File: YorkFactory_USSS-314_M1958_1884-01-01_OBS-2.jpg
1884	01	11	14	00	0	-999	|	orig=- inHg|Local time: 1400|QC flag: missing|Image File: YorkFactory_USSS-314_M1958_1884-01-01_OBS-2.jpg
1884	01	11	21	00	0	-999	|	orig=" inHg|Local time: 2100|QC flag: missing|Image File: YorkFactory_USSS-316_M1958_1884-01-01_OBS-2.jpg
1884	01	12	07	00	0	-999	|	orig=- inHg|Local time: 0700|QC flag: missing|Image File: YorkFactory_USSS-314_M1958_1884-01-01_OBS-2.jpg
1884	01	12	14	00	0	-999	|	orig=- inHg|Local time: 1400|QC flag: missing|Image File: YorkFactory_USSS-314_M1958_1884-01-01_OBS-2.jpg
1884	01	12	21	00	0	-999	|	orig=" inHg|Local time: 2100|QC flag: missing|Image File: YorkFactory_USSS-316_M1958_1884-01-01_OBS-2.jpg
1884	01	13	07	00	0	-999	|	orig=- inHg|Local time: 0700|QC flag: missing|Image File: YorkFactory_USSS-314_M1958_1884-01-01_OBS-2.jpg
1884	01	13	14	00	0	-999	|	orig=- inHg|Local time: 1400|QC flag: missing|Image File: YorkFactory_USSS-314_M1958_1884-01-01_OBS-2.jpg
1884	01	13	21	00	0	-999	|	orig=" inHg|Local time: 2100|QC flag: missing|Image File: YorkFactory_USSS-316_M1958_1884-01-01_OBS-2.jpg
1884	01	14	07	00	0	-999	|	orig=- inHg|Local time: 0700|QC flag: missing|Image File: YorkFactory_USSS-314_M1958_1884-01-01_OBS-2.jpg
1884	01	14	14	00	0	-999	|	orig=- inHg|Local time: 1400|QC flag: missing|Image File: YorkFactory_USSS-314_M1958_1884-01-01_OBS-2.jpg
1884	01	14	21	00	0	-999	|	orig=" inHg|Local time: 2100|QC flag: missing|Image File: YorkFactory_USSS-316_M1958_1884-01-01_OBS-2.jpg
1884	01	15	07	00	0	-999	|	orig=- inHg|Local time: 0700|QC flag: missing|Image File: YorkFactory_USSS-314_M1958_1884-01-01_OBS-2.jpg
1884	01	15	14	00	0	-999	|	orig=- inHg|Local time: 1400|QC flag: missing|Image File: YorkFactory_USSS-314_M1958_1884-01-01_OBS-2.jpg
1884	01	15	21	00	0	-999	|	orig=" inHg|Local time: 2100|QC flag: missing|Image File: YorkFactory_USSS-316_M1958_1884-01-01_OBS-2.jpg
1884	01	16	07	00	0	-999	|	orig=- inHg|Local time: 0700|QC flag: missing|Image File: YorkFactory_USSS-314_M1958_1884-01-01_OBS-2.jpg
1884	01	16	14	00	0	-999	|	orig=- inHg|Local time: 1400|QC flag: missing|Image File: YorkFactory_USSS-314_M1958_1884-01-01_OBS-2.jpg
1884	01	16	21	00	0	-999	|	orig=" inHg|Local time: 2100|QC flag: missing|Image File: YorkFactory_USSS-316_M1958_1884-01-01_OBS-2.jpg
1884	01	17	07	00	0	-999	|	orig=- inHg|Local time: 0700|QC flag: missing|Image File: YorkFactory_USSS-314_M1958_1884-01-01_OBS-2.jpg
1884	01	17	14	00	0	-999	|	orig=- inHg|Local time: 1400|QC flag: missing|Image File: YorkFactory_USSS-314_M1958_1884-01-01_OBS-2.jpg
1884	01	17	21	00	0	-999	|	orig=" inHg|Local time: 2100|QC flag: missing|Image File: YorkFactory_USSS-316_M1958_1884-01-01_OBS-2.jpg
1884	01	18	07	00	0	-999	|	orig=- inHg|Local time: 0700|QC flag: missing|Image File: YorkFactory_USSS-314_M1958_1884-01-01_OBS-2.jpg
1884	01	18	14	00	0	-999	|	orig=- inHg|Local time: 1400|QC flag: missing|Image File: YorkFactory_USSS-314_M1958_1884-01-01_OBS-2.jpg
1884	01	18	21	00	0	-999	|	orig=" inHg|Local time: 2100|QC flag: missing|Image File: YorkFactory_USSS-316_M1958_1884-01-01_OBS-2.jpg
1884	01	19	07	00	0	-999	|	orig=- inHg|Local time: 0700|QC flag: missing|Image File: YorkFactory_USSS-314_M1958_1884-01-01_OBS-2.jpg
1884	01	19	14	00	0	0.68	|	orig=0.020 inHg|Local time: 1400|QC flag: low value|Image File: YorkFactory_USSS-316_M1958_1884-01-01_OBS-2.jpg
1884	01	19	21	00	0	0.61	|	orig=0.018 inHg|Local time: 2100|QC flag: low value|Image File: YorkFactory_USSS-316_M1958_1884-01-01_OBS-2.jpg
1884	01	20	07	00	0	-999	|	orig=- inHg|Local time: 0700|QC flag: missing|Image File: YorkFactory_USSS-314_M1958_1884-01-01_OBS-2.jpg
1884	01	20	14	00	0	0.71	|	orig=0.021 inHg|Local time: 1400|QC flag: low value|Image File: YorkFactory_USSS-316_M1958_1884-01-01_OBS-2.jpg
1884	01	20	21	00	0	0.68	|	orig=0.020 inHg|Local time: 2100|QC flag: low value|Image File: YorkFactory_USSS-316_M1958_1884-01-01_OBS-2.jpg
1884	01	21	07	00	0	0.61	|	orig=018 inHg|Local time: 0700|QC flag: low value|Image File: YorkFactory_USSS-316_M1958_1884-01-01_OBS-2.jpg
1884	01	21	14	00	0	0.68	|	orig=0.020 inHg|Local time: 1400|QC flag: low value|Image File: YorkFactory_USSS-316_M1958_1884-01-01_OBS-2.jpg
1884	01	21	21	00	0	0.58	|	orig=0.017 inHg|Local time: 2100|QC flag: low value|Image File: YorkFactory_USSS-316_M1958_1884-01-01_OBS-2.jpg
1884	01	22	07	00	0	-999	|	orig=- inHg|Local time: 0700|QC flag: missing|Image File: YorkFactory_USSS-314_M1958_1884-01-01_OBS-2.jpg
1884	01	22	14	00	0	-999	|	orig=" inHg|Local time: 1400|QC flag: missing|Image File: YorkFactory_USSS-314_M1958_1884-01-01_OBS-2.jpg
1884	01	22	21	00	0	-999	|	orig=" inHg|Local time: 2100|QC flag: missing|Image File: YorkFactory_USSS-316_M1958_1884-01-01_OBS-2.jpg
1884	01	23	07	00	0	-999	|	orig=- inHg|Local time: 0700|QC flag: missing|Image File: YorkFactory_USSS-314_M1958_1884-01-01_OBS-2.jpg
1884	01	23	14	00	0	-999	|	orig=- inHg|Local time: 1400|QC flag: missing|Image File: YorkFactory_USSS-314_M1958_1884-01-01_OBS-2.jpg
1884	01	23	21	00	0	-999	|	orig=" inHg|Local time: 2100|QC flag: missing|Image File: YorkFactory_USSS-316_M1958_1884-01-01_OBS-2.jpg
1884	01	24	07	00	0	-999	|	orig=- inHg|Local time: 0700|QC flag: missing|Image File: YorkFactory_USSS-314_M1958_1884-01-01_OBS-2.jpg
1884	01	24	14	00	0	-999	|	orig=- inHg|Local time: 1400|QC flag: missing|Image File: YorkFactory_USSS-314_M1958_1884-01-01_OBS-2.jpg
1884	01	24	21	00	0	-999	|	orig=" inHg|Local time: 2100|QC flag: missing|Image File: YorkFactory_USSS-316_M1958_1884-01-01_OBS-2.jpg
1884	01	25	07	00	0	-999	|	orig=- inHg|Local time: 0700|QC flag: missing|Image File: YorkFactory_USSS-314_M1958_1884-01-01_OBS-2.jpg
1884	01	25	14	00	0	-999	|	orig=- inHg|Local time: 1400|QC flag: missing|Image File: YorkFactory_USSS-314_M1958_1884-01-01_OBS-2.jpg
1884	01	25	21	00	0	-999	|	orig=" inHg|Local time: 2100|QC flag: missing|Image File: YorkFactory_USSS-316_M1958_1884-01-01_OBS-2.jpg
1884	01	26	07	00	0	-999	|	orig=- inHg|Local time: 0700|QC flag: missing|Image File: YorkFactory_USSS-314_M1958_1884-01-01_OBS-2.jpg
1884	01	26	14	00	0	-999	|	orig=- inHg|Local time: 1400|QC flag: missing|Image File: YorkFactory_USSS-314_M1958_1884-01-01_OBS-2.jpg
1884	01	26	21	00	0	-999	|	orig=" inHg|Local time: 2100|QC flag: missing|Image File: YorkFactory_USSS-316_M1958_1884-01-01_OBS-2.jpg
1884	01	27	07	00	0	-999	|	orig=- inHg|Local time: 0700|QC flag: missing|Image File: YorkFactory_USSS-314_M1958_1884-01-01_OBS-2.jpg
1884	01	27	14	00	0	-999	|	orig=" inHg|Local time: 1400|QC flag: missing|Image File: YorkFactory_USSS-314_M1958_1884-01-01_OBS-2.jpg
1884	01	27	21	00	0	-999	|	orig=" inHg|Local time: 2100|QC flag: missing|Image File: YorkFactory_USSS-316_M1958_1884-01-01_OBS-2.jpg
1884	01	28	07	00	0	-999	|	orig=- inHg|Local time: 0700|QC flag: missing|Image File: YorkFactory_USSS-314_M1958_1884-01-01_OBS-2.jpg
1884	01	28	14	00	0	-999	|	orig=- inHg|Local time: 1400|QC flag: missing|Image File: YorkFactory_USSS-314_M1958_1884-01-01_OBS-2.jpg
1884	01	28	21	00	0	-999	|	orig=" inHg|Local time: 2100|QC flag: missing|Image File: YorkFactory_USSS-316_M1958_1884-01-01_OBS-2.jpg
1884	01	29	07	00	0	-999	|	orig=" inHg|Local time: 0700|QC flag: missing|Image File: YorkFactory_USSS-316_M1958_1884-01-01_OBS-2.jpg
1884	01	29	14	00	0	-999	|	orig=" inHg|Local time: 1400|QC flag: missing|Image File: YorkFactory_USSS-316_M1958_1884-01-01_OBS-2.jpg
1884	01	29	21	00	0	-999	|	orig=" inHg|Local time: 2100|QC flag: missing|Image File: YorkFactory_USSS-316_M1958_1884-01-01_OBS-2.jpg
1884	01	30	07	00	0	-999	|	orig=- inHg|Local time: 0700|QC flag: missing|Image File: YorkFactory_USSS-314_M1958_1884-01-01_OBS-2.jpg
1884	01	30	14	00	0	-999	|	orig=- inHg|Local time: 1400|QC flag: missing|Image File: YorkFactory_USSS-314_M1958_1884-01-01_OBS-2.jpg
1884	01	30	21	00	0	-999	|	orig=" inHg|Local time: 2100|QC flag: missing|Image File: YorkFactory_USSS-316_M1958_1884-01-01_OBS-2.jpg
1884	01	31	07	00	0	-999	|	orig=- inHg|Local time: 0700|QC flag: missing|Image File: YorkFactory_USSS-314_M1958_1884-01-01_OBS-2.jpg
1884	01	31	14	00	0	-999	|	orig=" inHg|Local time: 1400|QC flag: missing|Image File: YorkFactory_USSS-314_M1958_1884-01-01_OBS-2.jpg
1884	01	31	21	00	0	-999	|	orig=" inHg|Local time: 2100|QC flag: missing|Image File: YorkFactory_USSS-316_M1958_1884-01-01_OBS-2.jpg
1884	02	01	07	00	0	-999	|	orig=" inHg|Local time: 0700|QC flag: missing|Image File: YorkFactory_USSS-316_M1958_1884-02-01_OBS-2.jpg
1884	02	01	14	00	0	-999	|	orig=" inHg|Local time: 1400|QC flag: missing|Image File: YorkFactory_USSS-316_M1958_1884-02-01_OBS-2.jpg
1884	02	01	21	00	0	-999	|	orig=" inHg|Local time: 2100|QC flag: missing|Image File: YorkFactory_USSS-316_M1958_1884-02-01_OBS-2.jpg
1884	02	02	07	00	0	-999	|	orig=" inHg|Local time: 0700|QC flag: missing|Image File: YorkFactory_USSS-316_M1958_1884-02-01_OBS-2.jpg
1884	02	02	14	00	0	-999	|	orig=" inHg|Local time: 1400|QC flag: missing|Image File: YorkFactory_USSS-316_M1958_1884-02-01_OBS-2.jpg
1884	02	02	21	00	0	-999	|	orig=" inHg|Local time: 2100|QC flag: missing|Image File: YorkFactory_USSS-316_M1958_1884-02-01_OBS-2.jpg
1884	02	03	07	00	0	-999	|	orig=" inHg|Local time: 0700|QC flag: missing|Image File: YorkFactory_USSS-316_M1958_1884-02-01_OBS-2.jpg
1884	02	03	14	00	0	-999	|	orig=" inHg|Local time: 1400|QC flag: missing|Image File: YorkFactory_USSS-316_M1958_1884-02-01_OBS-2.jpg
1884	02	03	21	00	0	-999	|	orig=" inHg|Local time: 2100|QC flag: missing|Image File: YorkFactory_USSS-316_M1958_1884-02-01_OBS-2.jpg
1884	02	04	07	00	0	-999	|	orig=" inHg|Local time: 0700|QC flag: missing|Image File: YorkFactory_USSS-316_M1958_1884-02-01_OBS-2.jpg
1884	02	04	14	00	0	-999	|	orig=" inHg|Local time: 1400|QC flag: missing|Image File: YorkFactory_USSS-316_M1958_1884-02-01_OBS-2.jpg
1884	02	04	21	00	0	-999	|	orig=" inHg|Local time: 2100|QC flag: missing|Image File: YorkFactory_USSS-316_M1958_1884-02-01_OBS-2.jpg
1884	02	05	07	00	0	-999	|	orig=" inHg|Local time: 0700|QC flag: missing|Image File: YorkFactory_USSS-316_M1958_1884-02-01_OBS-2.jpg
1884	02	05	14	00	0	-999	|	orig=" inHg|Local time: 1400|QC flag: missing|Image File: YorkFactory_USSS-316_M1958_1884-02-01_OBS-2.jpg
1884	02	05	21	00	0	-999	|	orig=" inHg|Local time: 2100|QC flag: missing|Image File: YorkFactory_USSS-316_M1958_1884-02-01_OBS-2.jpg
1884	02	06	07	00	0	-999	|	orig=" inHg|Local time: 0700|QC flag: missing|Image File: YorkFactory_USSS-316_M1958_1884-02-01_OBS-2.jpg
1884	02	06	14	00	0	-999	|	orig=" inHg|Local time: 1400|QC flag: missing|Image File: YorkFactory_USSS-316_M1958_1884-02-01_OBS-2.jpg
1884	02	06	21	00	0	-999	|	orig=" inHg|Local time: 2100|QC flag: missing|Image File: YorkFactory_USSS-316_M1958_1884-02-01_OBS-2.jpg
1884	02	07	07	00	0	-999	|	orig=" inHg|Local time: 0700|QC flag: missing|Image File: YorkFactory_USSS-316_M1958_1884-02-01_OBS-2.jpg
1884	02	07	14	00	0	-999	|	orig=" inHg|Local time: 1400|QC flag: missing|Image File: YorkFactory_USSS-316_M1958_1884-02-01_OBS-2.jpg
1884	02	07	21	00	0	-999	|	orig=" inHg|Local time: 2100|QC flag: missing|Image File: YorkFactory_USSS-316_M1958_1884-02-01_OBS-2.jpg
1884	02	08	07	00	0	-999	|	orig=" inHg|Local time: 0700|QC flag: missing|Image File: YorkFactory_USSS-316_M1958_1884-02-01_OBS-2.jpg
1884	02	08	14	00	0	-999	|	orig=" inHg|Local time: 1400|QC flag: missing|Image File: YorkFactory_USSS-316_M1958_1884-02-01_OBS-2.jpg
1884	02	08	21	00	0	-999	|	orig=" inHg|Local time: 2100|QC flag: missing|Image File: YorkFactory_USSS-316_M1958_1884-02-01_OBS-2.jpg
1884	02	09	07	00	0	-999	|	orig=" inHg|Local time: 0700|QC flag: missing|Image File: YorkFactory_USSS-316_M1958_1884-02-01_OBS-2.jpg
1884	02	09	14	00	0	-999	|	orig=" inHg|Local time: 1400|QC flag: missing|Image File: YorkFactory_USSS-316_M1958_1884-02-01_OBS-2.jpg
1884	02	09	21	00	0	-999	|	orig=" inHg|Local time: 2100|QC flag: missing|Image File: YorkFactory_USSS-316_M1958_1884-02-01_OBS-2.jpg
1884	02	10	07	00	0	-999	|	orig=" inHg|Local time: 0700|QC flag: missing|Image File: YorkFactory_USSS-316_M1958_1884-02-01_OBS-2.jpg
1884	02	10	14	00	0	-999	|	orig=" inHg|Local time: 1400|QC flag: missing|Image File: YorkFactory_USSS-316_M1958_1884-02-01_OBS-2.jpg
1884	02	10	21	00	0	-999	|	orig=" inHg|Local time: 2100|QC flag: missing|Image File: YorkFactory_USSS-316_M1958_1884-02-01_OBS-2.jpg
1884	02	11	07	00	0	-999	|	orig=" inHg|Local time: 0700|QC flag: missing|Image File: YorkFactory_USSS-316_M1958_1884-02-01_OBS-2.jpg
1884	02	11	14	00	0	-999	|	orig=" inHg|Local time: 1400|QC flag: missing|Image File: YorkFactory_USSS-316_M1958_1884-02-01_OBS-2.jpg
1884	02	11	21	00	0	-999	|	orig=" inHg|Local time: 2100|QC flag: missing|Image File: YorkFactory_USSS-316_M1958_1884-02-01_OBS-2.jpg
1884	02	12	07	00	0	-999	|	orig=" inHg|Local time: 0700|QC flag: missing|Image File: YorkFactory_USSS-316_M1958_1884-02-01_OBS-2.jpg
1884	02	12	14	00	0	-999	|	orig=" inHg|Local time: 1400|QC flag: missing|Image File: YorkFactory_USSS-316_M1958_1884-02-01_OBS-2.jpg
1884	02	12	21	00	0	-999	|	orig=" inHg|Local time: 2100|QC flag: missing|Image File: YorkFactory_USSS-316_M1958_1884-02-01_OBS-2.jpg
1884	02	13	07	00	0	-999	|	orig=" inHg|Local time: 0700|QC flag: missing|Image File: YorkFactory_USSS-316_M1958_1884-02-01_OBS-2.jpg
1884	02	13	14	00	0	-999	|	orig=" inHg|Local time: 1400|QC flag: missing|Image File: YorkFactory_USSS-316_M1958_1884-02-01_OBS-2.jpg
1884	02	13	21	00	0	-999	|	orig=" inHg|Local time: 2100|QC flag: missing|Image File: YorkFactory_USSS-316_M1958_1884-02-01_OBS-2.jpg
1884	02	14	07	00	0	-999	|	orig=" inHg|Local time: 0700|QC flag: missing|Image File: YorkFactory_USSS-316_M1958_1884-02-01_OBS-2.jpg
1884	02	14	14	00	0	-999	|	orig=" inHg|Local time: 1400|QC flag: missing|Image File: YorkFactory_USSS-316_M1958_1884-02-01_OBS-2.jpg
1884	02	14	21	00	0	-999	|	orig=" inHg|Local time: 2100|QC flag: missing|Image File: YorkFactory_USSS-316_M1958_1884-02-01_OBS-2.jpg
1884	02	15	07	00	0	-999	|	orig=" inHg|Local time: 0700|QC flag: missing|Image File: YorkFactory_USSS-316_M1958_1884-02-01_OBS-2.jpg
1884	02	15	14	00	0	-999	|	orig=" inHg|Local time: 1400|QC flag: missing|Image File: YorkFactory_USSS-316_M1958_1884-02-01_OBS-2.jpg
1884	02	15	21	00	0	-999	|	orig=" inHg|Local time: 2100|QC flag: missing|Image File: YorkFactory_USSS-316_M1958_1884-02-01_OBS-2.jpg
1884	02	16	07	00	0	-999	|	orig=" inHg|Local time: 0700|QC flag: missing|Image File: YorkFactory_USSS-316_M1958_1884-02-01_OBS-2.jpg
1884	02	16	14	00	0	-999	|	orig=" inHg|Local time: 1400|QC flag: missing|Image File: YorkFactory_USSS-316_M1958_1884-02-01_OBS-2.jpg
1884	02	16	21	00	0	-999	|	orig=" inHg|Local time: 2100|QC flag: missing|Image File: YorkFactory_USSS-316_M1958_1884-02-01_OBS-2.jpg
1884	02	17	07	00	0	-999	|	orig=" inHg|Local time: 0700|QC flag: missing|Image File: YorkFactory_USSS-316_M1958_1884-02-01_OBS-2.jpg
1884	02	17	14	00	0	-999	|	orig=" inHg|Local time: 1400|QC flag: missing|Image File: YorkFactory_USSS-316_M1958_1884-02-01_OBS-2.jpg
1884	02	17	21	00	0	-999	|	orig=" inHg|Local time: 2100|QC flag: missing|Image File: YorkFactory_USSS-316_M1958_1884-02-01_OBS-2.jpg
1884	02	18	07	00	0	-999	|	orig=" inHg|Local time: 0700|QC flag: missing|Image File: YorkFactory_USSS-316_M1958_1884-02-01_OBS-2.jpg
1884	02	18	14	00	0	-999	|	orig=" inHg|Local time: 1400|QC flag: missing|Image File: YorkFactory_USSS-316_M1958_1884-02-01_OBS-2.jpg
1884	02	18	21	00	0	-999	|	orig=" inHg|Local time: 2100|QC flag: missing|Image File: YorkFactory_USSS-316_M1958_1884-02-01_OBS-2.jpg
1884	02	19	07	00	0	-999	|	orig=" inHg|Local time: 0700|QC flag: missing|Image File: YorkFactory_USSS-316_M1958_1884-02-01_OBS-2.jpg
1884	02	19	14	00	0	-999	|	orig=" inHg|Local time: 1400|QC flag: missing|Image File: YorkFactory_USSS-316_M1958_1884-02-01_OBS-2.jpg
1884	02	19	21	00	0	-999	|	orig=" inHg|Local time: 2100|QC flag: missing|Image File: YorkFactory_USSS-316_M1958_1884-02-01_OBS-2.jpg
1884	02	20	07	00	0	-999	|	orig=" inHg|Local time: 0700|QC flag: missing|Image File: YorkFactory_USSS-316_M1958_1884-02-01_OBS-2.jpg
1884	02	20	14	00	0	-999	|	orig=" inHg|Local time: 1400|QC flag: missing|Image File: YorkFactory_USSS-316_M1958_1884-02-01_OBS-2.jpg
1884	02	20	21	00	0	-999	|	orig=" inHg|Local time: 2100|QC flag: missing|Image File: YorkFactory_USSS-316_M1958_1884-02-01_OBS-2.jpg
1884	02	21	07	00	0	-999	|	orig=" inHg|Local time: 0700|QC flag: missing|Image File: YorkFactory_USSS-316_M1958_1884-02-01_OBS-2.jpg
1884	02	21	14	00	0	-999	|	orig=" inHg|Local time: 1400|QC flag: missing|Image File: YorkFactory_USSS-316_M1958_1884-02-01_OBS-2.jpg
1884	02	21	21	00	0	-999	|	orig=" inHg|Local time: 2100|QC flag: missing|Image File: YorkFactory_USSS-316_M1958_1884-02-01_OBS-2.jpg
1884	02	22	07	00	0	-999	|	orig=" inHg|Local time: 0700|QC flag: missing|Image File: YorkFactory_USSS-316_M1958_1884-02-01_OBS-2.jpg
1884	02	22	14	00	0	-999	|	orig=" inHg|Local time: 1400|QC flag: missing|Image File: YorkFactory_USSS-316_M1958_1884-02-01_OBS-2.jpg
1884	02	22	21	00	0	-999	|	orig=" inHg|Local time: 2100|QC flag: missing|Image File: YorkFactory_USSS-316_M1958_1884-02-01_OBS-2.jpg
1884	02	23	07	00	0	-999	|	orig=" inHg|Local time: 0700|QC flag: missing|Image File: YorkFactory_USSS-316_M1958_1884-02-01_OBS-2.jpg
1884	02	23	14	00	0	-999	|	orig=" inHg|Local time: 1400|QC flag: missing|Image File: YorkFactory_USSS-316_M1958_1884-02-01_OBS-2.jpg
1884	02	23	21	00	0	-999	|	orig=" inHg|Local time: 2100|QC flag: missing|Image File: YorkFactory_USSS-316_M1958_1884-02-01_OBS-2.jpg
1884	02	24	07	00	0	-999	|	orig=" inHg|Local time: 0700|QC flag: missing|Image File: YorkFactory_USSS-316_M1958_1884-02-01_OBS-2.jpg
1884	02	24	14	00	0	-999	|	orig=" inHg|Local time: 1400|QC flag: missing|Image File: YorkFactory_USSS-316_M1958_1884-02-01_OBS-2.jpg
1884	02	24	21	00	0	-999	|	orig=" inHg|Local time: 2100|QC flag: missing|Image File: YorkFactory_USSS-316_M1958_1884-02-01_OBS-2.jpg
1884	02	25	07	00	0	-999	|	orig=" inHg|Local time: 0700|QC flag: missing|Image File: YorkFactory_USSS-316_M1958_1884-02-01_OBS-2.jpg
1884	02	25	14	00	0	-999	|	orig=" inHg|Local time: 1400|QC flag: missing|Image File: YorkFactory_USSS-316_M1958_1884-02-01_OBS-2.jpg
1884	02	25	21	00	0	-999	|	orig=" inHg|Local time: 2100|QC flag: missing|Image File: YorkFactory_USSS-316_M1958_1884-02-01_OBS-2.jpg
1884	02	26	07	00	0	-999	|	orig=" inHg|Local time: 0700|QC flag: missing|Image File: YorkFactory_USSS-316_M1958_1884-02-01_OBS-2.jpg
1884	02	26	14	00	0	-999	|	orig=" inHg|Local time: 1400|QC flag: missing|Image File: YorkFactory_USSS-316_M1958_1884-02-01_OBS-2.jpg
1884	02	26	21	00	0	-999	|	orig=" inHg|Local time: 2100|QC flag: missing|Image File: YorkFactory_USSS-316_M1958_1884-02-01_OBS-2.jpg
1884	02	27	07	00	0	-999	|	orig=" inHg|Local time: 0700|QC flag: missing|Image File: YorkFactory_USSS-316_M1958_1884-02-01_OBS-2.jpg
1884	02	27	14	00	0	0.47	|	orig=014 inHg|Local time: 1400|QC flag: low value|Image File: YorkFactory_USSS-316_M1958_1884-02-01_OBS-2.jpg
1884	02	27	21	00	0	0.44	|	orig=013 inHg|Local time: 2100|QC flag: low value|Image File: YorkFactory_USSS-316_M1958_1884-02-01_OBS-2.jpg
1884	02	28	07	00	0	-999	|	orig=" inHg|Local time: 0700|QC flag: missing|Image File: YorkFactory_USSS-316_M1958_1884-02-01_OBS-2.jpg
1884	02	28	14	00	0	0.98	|	orig=029 inHg|Local time: 1400|QC flag: low value|Image File: YorkFactory_USSS-316_M1958_1884-02-01_OBS-2.jpg
1884	02	28	21	00	0	0.68	|	orig=0.020 inHg|Local time: 2100|QC flag: low value|Image File: YorkFactory_USSS-316_M1958_1884-02-01_OBS-2.jpg
1884	02	29	07	00	0	-999	|	orig=" inHg|Local time: 0700|QC flag: missing|Image File: YorkFactory_USSS-316_M1958_1884-02-01_OBS-2.jpg
1884	02	29	14	00	0	1.42	|	orig=042 inHg|Local time: 1400|QC flag: low value|Image File: YorkFactory_USSS-316_M1958_1884-02-01_OBS-2.jpg
1884	02	29	21	00	0	0.64	|	orig=0.019 inHg|Local time: 2100|QC flag: low value|Image File: YorkFactory_USSS-316_M1958_1884-02-01_OBS-2.jpg
