"stationName","latitude","longitude","elevation","timeZone","UTCoffset","WMOID","MSCID"
"AlbionMines","45.57","-62.65","35.6","America/Halifax","4","71415","8205400"
"Short_Name","What","Material","Error","Units","Seasonality","Data_Type","Detail","Method","Data_Format","Additional_Information"
"atb","temperature","atmospheric material",NA,"C","sub-daily","instrumental","original_observation","field method","n",NA
"cd","wind direction","atmospheric material",NA,"degrees","sub-daily","historical","original_observation","field method","n",NA
"cv","wind speed","atmospheric material",NA,"okta","sub-daily","historical","original_observation","field method","n",NA
"dd","wind direction","atmospheric material",NA,"degrees","sub-daily","historical","original_observation","field method","n",NA
"e","specific humidity","atmospheric material",NA,"hPa","sub-daily","instrumental","original_observation","field method","n",NA
"eee","evaporation","atmospheric material",NA,"mm","sub-daily","instrumental","original_observation","field method","n",NA
"p","surface pressure","atmospheric material",NA,"hPa","sub-daily","instrumental","original_observation","field method","n",NA
"pr","precipitation","precipitation",NA,"mm","sub-daily","instrumental","original_observation","field method","n",NA
"ptb","hour","precipitation",NA,"hh:mm","sub-daily","historical","original_observation","field method","n",NA
"pte","hour","precipitation",NA,"hh:mm","sub-daily","historical","original_observation","field method","n",NA
"rh","relative humidity","atmospheric material",NA,"%","sub-daily","instrumental","original_observation","field method","n",NA
"rr","precipitation","atmospheric material",NA,"mm","sub-daily","instrumental","original_observation","field method","n",NA
"ta","air temperature","atmospheric material",NA,"C","sub-daily","instrumental","original_observation","field method","n",NA
"ta_mean","air temperature","atmospheric material",NA,"C","daily","instrumental","mean","computational method","n",NA
"tb","humidity","atmospheric material",NA,"C","sub-daily","instrumental","original_observation","field method","n",NA
"tdb","temperature","atmospheric material",NA,"C","sub-daily","instrumental","original_observation","field method","n",NA
"w","wind speed","atmospheric material",NA,"mps","sub-daily","instrumental","original_observation","field method","n",NA
"ww","weather","atmospheric material",NA,"synop","sub-daily","historical","original_observation","field method","c",NA
"ObservationDate","atb","cd","cv","dd","e","eee","p","pr","ptb","pte","rh","rr","ta","ta_mean","tb","tdb","w","ww"
1843-01-01,NA,NA,NA,NA,NA,NA,NA,NA,NA,NA,NA,NA,NA,NA,NA,NA,NA,NA
1843-01-01 06:00:00,NA,NA,NA,NA,NA,NA,NA,NA,NA,NA,NA,NA,-7.78,NA,NA,NA,NA,NA
1843-01-01 09:00:00,NA,NA,NA,NA,NA,NA,NA,NA,NA,NA,NA,NA,NA,NA,NA,NA,NA,",skc"
1843-01-01 15:00:00,6.67,NA,NA,NA,NA,NA,1005.76,NA,NA,NA,NA,NA,-8.33,NA,NA,NA,NA,",skc"
1843-01-01 21:00:00,NA,NA,NA,NA,NA,NA,NA,NA,NA,NA,NA,NA,NA,NA,NA,NA,NA,NA
1843-01-02,NA,NA,NA,NA,NA,NA,NA,NA,NA,NA,NA,NA,NA,NA,NA,NA,NA,NA
1843-01-02 06:00:00,NA,NA,NA,NA,NA,NA,NA,NA,NA,NA,NA,NA,-22.78,NA,NA,NA,NA,NA
1843-01-02 09:00:00,NA,NA,NA,NA,NA,NA,NA,NA,NA,NA,NA,NA,NA,NA,NA,NA,NA,",skc"
1843-01-02 15:00:00,3.33,NA,NA,NA,NA,NA,1026.08,NA,NA,NA,NA,NA,-12.78,NA,NA,NA,NA,",skc"
1843-01-02 21:00:00,NA,NA,NA,NA,NA,NA,NA,NA,NA,NA,NA,NA,NA,NA,NA,NA,NA,NA
1843-01-03,NA,NA,NA,NA,NA,NA,NA,NA,NA,NA,NA,NA,NA,NA,NA,NA,NA,",lt,"
1843-01-03 06:00:00,NA,NA,NA,NA,NA,NA,NA,NA,NA,NA,NA,NA,-11.67,NA,NA,NA,NA,NA
1843-01-03 09:00:00,NA,NA,NA,NA,NA,NA,NA,NA,NA,NA,NA,NA,NA,NA,NA,NA,NA,",sn"
1843-01-03 15:00:00,8.89,NA,NA,NA,NA,NA,997.97,NA,NA,NA,NA,NA,5,NA,NA,NA,NA,",skc"
1843-01-03 21:00:00,NA,NA,NA,NA,NA,NA,NA,NA,NA,NA,NA,NA,1.67,NA,NA,NA,NA,",skc"
1843-01-04,NA,NA,NA,NA,NA,NA,NA,NA,NA,NA,NA,NA,NA,NA,NA,NA,NA,NA
1843-01-04 06:00:00,NA,NA,NA,NA,NA,NA,NA,NA,NA,NA,NA,NA,-17.78,NA,NA,NA,NA,NA
1843-01-04 09:00:00,NA,NA,NA,NA,NA,NA,NA,NA,NA,NA,NA,NA,NA,NA,NA,NA,NA,",ra"
1843-01-04 15:00:00,5.56,NA,NA,NA,NA,NA,1016.26,NA,NA,NA,NA,NA,-15,NA,NA,NA,NA,",skc"
1843-01-04 21:00:00,NA,NA,NA,NA,NA,NA,NA,NA,NA,NA,NA,NA,NA,NA,NA,NA,NA,",skc"
1843-01-05,NA,NA,NA,NA,NA,NA,NA,NA,NA,NA,NA,NA,NA,NA,NA,NA,NA,NA
1843-01-05 06:00:00,NA,NA,NA,NA,NA,NA,NA,NA,NA,NA,NA,NA,-22.78,NA,NA,NA,NA,NA
1843-01-05 09:00:00,NA,NA,NA,NA,NA,NA,NA,NA,NA,NA,NA,NA,NA,NA,NA,NA,NA,",sn"
1843-01-05 15:00:00,3.89,NA,NA,NA,NA,NA,1023.71,NA,NA,NA,NA,NA,1.67,NA,NA,NA,NA,",skc"
1843-01-05 21:00:00,NA,NA,NA,NA,NA,NA,NA,NA,NA,NA,NA,NA,NA,NA,NA,NA,NA,",skc"
1843-01-06,NA,NA,NA,NA,NA,NA,NA,NA,NA,NA,NA,NA,NA,NA,NA,NA,NA,NA
1843-01-06 06:00:00,NA,NA,NA,NA,NA,NA,NA,NA,NA,NA,NA,NA,-2.78,NA,NA,NA,NA,NA
1843-01-06 09:00:00,NA,NA,NA,NA,NA,NA,NA,NA,NA,NA,NA,NA,NA,NA,NA,NA,NA,",ra"
1843-01-06 15:00:00,8.89,NA,NA,NA,NA,NA,1022.35,NA,NA,NA,NA,NA,6.11,NA,NA,NA,NA,",ra"
1843-01-06 21:00:00,NA,NA,NA,NA,NA,NA,NA,NA,NA,NA,NA,NA,NA,NA,NA,NA,NA,NA
1843-01-07,NA,NA,NA,NA,NA,NA,NA,NA,NA,NA,NA,NA,NA,NA,NA,NA,NA,NA
1843-01-07 06:00:00,NA,NA,NA,NA,NA,NA,NA,NA,NA,NA,NA,NA,-0.56,NA,NA,NA,NA,NA
1843-01-07 09:00:00,NA,NA,NA,NA,NA,NA,NA,NA,NA,NA,NA,NA,NA,NA,NA,NA,NA,",fg"
1843-01-07 15:00:00,6.67,NA,NA,NA,NA,NA,1027.09,NA,NA,NA,NA,NA,2.22,NA,NA,NA,NA,",fg"
1843-01-07 21:00:00,NA,NA,NA,NA,NA,NA,NA,NA,NA,NA,NA,NA,NA,NA,NA,NA,NA,NA
1843-01-08,NA,NA,NA,NA,NA,NA,NA,NA,NA,NA,NA,NA,NA,NA,NA,NA,NA,NA
1843-01-08 06:00:00,NA,NA,NA,NA,NA,NA,NA,NA,NA,NA,NA,NA,1.67,NA,NA,NA,NA,NA
1843-01-08 09:00:00,NA,NA,NA,NA,NA,NA,NA,NA,NA,NA,NA,NA,NA,NA,NA,NA,NA,",skc"
1843-01-08 15:00:00,8.89,NA,NA,NA,NA,NA,1022.69,NA,NA,NA,NA,NA,11.11,NA,NA,NA,NA,",skc"
1843-01-08 21:00:00,NA,NA,NA,NA,NA,NA,NA,NA,NA,NA,NA,NA,NA,NA,NA,NA,NA,NA
1843-01-09,NA,NA,NA,NA,NA,NA,NA,NA,NA,NA,NA,NA,NA,NA,NA,NA,NA,NA
1843-01-09 06:00:00,NA,NA,NA,NA,NA,NA,NA,NA,NA,NA,NA,NA,2.22,NA,NA,NA,NA,NA
1843-01-09 09:00:00,NA,NA,NA,NA,NA,NA,NA,NA,NA,NA,NA,NA,NA,NA,NA,NA,NA,",skc"
1843-01-09 15:00:00,11.67,NA,NA,NA,NA,NA,1026.41,NA,NA,NA,NA,NA,7.22,NA,NA,NA,NA,",skc"
1843-01-09 21:00:00,NA,NA,NA,NA,NA,NA,NA,NA,NA,NA,NA,NA,NA,NA,NA,NA,NA,NA
1843-01-10,NA,NA,NA,NA,NA,NA,NA,NA,NA,NA,NA,NA,NA,NA,NA,NA,NA,NA
1843-01-10 06:00:00,NA,NA,NA,NA,NA,NA,NA,NA,NA,NA,NA,NA,1.11,NA,NA,NA,NA,NA
1843-01-10 09:00:00,NA,NA,NA,NA,NA,NA,NA,NA,NA,NA,NA,NA,NA,NA,NA,NA,NA,",skc"
1843-01-10 15:00:00,10.56,NA,NA,NA,NA,NA,1025.06,NA,NA,NA,NA,NA,12.22,NA,NA,NA,NA,",skc"
1843-01-10 21:00:00,NA,NA,NA,NA,NA,NA,NA,NA,NA,NA,NA,NA,NA,NA,NA,NA,NA,NA
1843-01-11,NA,NA,NA,NA,NA,NA,NA,NA,NA,NA,NA,NA,NA,NA,NA,NA,NA,NA
1843-01-11 06:00:00,NA,NA,NA,NA,NA,NA,NA,NA,NA,NA,NA,NA,5.56,NA,NA,NA,NA,",skc"
1843-01-11 09:00:00,NA,NA,NA,NA,NA,NA,NA,NA,NA,NA,NA,NA,NA,NA,NA,NA,NA,",skc"
1843-01-11 15:00:00,12.78,NA,NA,NA,NA,NA,1017.61,NA,NA,NA,NA,NA,17.22,NA,NA,NA,NA,",bkn"
1843-01-11 21:00:00,NA,NA,NA,NA,NA,NA,NA,NA,NA,NA,NA,NA,NA,NA,NA,NA,NA,",fg"
1843-01-12,NA,NA,NA,NA,NA,NA,NA,NA,NA,NA,NA,NA,NA,NA,NA,NA,NA,NA
1843-01-12 06:00:00,NA,NA,NA,NA,NA,NA,NA,NA,NA,NA,NA,NA,1.67,NA,NA,NA,NA,NA
1843-01-12 09:00:00,NA,NA,NA,NA,NA,NA,NA,NA,NA,NA,NA,NA,NA,NA,NA,NA,NA,",skc"
1843-01-12 15:00:00,11.67,NA,NA,NA,NA,NA,1014.9,NA,NA,NA,NA,NA,12.78,NA,NA,NA,NA,",skc"
1843-01-12 21:00:00,NA,NA,NA,NA,NA,NA,NA,NA,NA,NA,NA,NA,NA,NA,NA,NA,NA,NA
1843-01-13,NA,NA,NA,NA,NA,NA,NA,NA,NA,NA,NA,NA,NA,NA,NA,NA,NA,NA
1843-01-13 06:00:00,NA,NA,NA,NA,NA,NA,NA,NA,NA,NA,NA,NA,4.44,NA,NA,NA,NA,NA
1843-01-13 09:00:00,NA,NA,NA,NA,NA,NA,NA,NA,NA,NA,NA,NA,NA,NA,NA,NA,NA,",bkn"
1843-01-13 15:00:00,11.67,NA,NA,NA,NA,NA,1002.71,NA,NA,NA,NA,NA,11.67,NA,NA,NA,NA,",bkn"
1843-01-13 21:00:00,NA,NA,NA,NA,NA,NA,NA,NA,NA,NA,NA,NA,NA,NA,NA,NA,NA,NA
1843-01-14,NA,NA,NA,NA,NA,NA,NA,NA,NA,NA,NA,NA,NA,NA,NA,NA,NA,NA
1843-01-14 06:00:00,NA,NA,NA,NA,NA,NA,NA,NA,NA,NA,NA,NA,8.33,NA,NA,NA,NA,NA
1843-01-14 09:00:00,NA,NA,NA,NA,NA,NA,NA,NA,NA,NA,NA,NA,NA,NA,NA,NA,NA,",ra"
1843-01-14 15:00:00,10.56,NA,NA,NA,NA,NA,992.21,NA,NA,NA,NA,NA,6.67,NA,NA,NA,NA,",ra"
1843-01-14 21:00:00,NA,NA,NA,NA,NA,NA,NA,NA,NA,NA,NA,NA,NA,NA,NA,NA,NA,NA
1843-01-15,NA,NA,NA,NA,NA,NA,NA,NA,NA,NA,NA,NA,NA,NA,NA,NA,NA,NA
1843-01-15 06:00:00,NA,NA,NA,NA,NA,NA,NA,NA,NA,NA,NA,NA,-2.78,NA,NA,NA,NA,NA
1843-01-15 09:00:00,NA,NA,NA,NA,NA,NA,NA,NA,NA,NA,NA,NA,NA,NA,NA,NA,NA,",skc"
1843-01-15 15:00:00,10.56,NA,NA,NA,NA,NA,997.97,NA,NA,NA,NA,NA,-1.11,NA,NA,NA,NA,",skc"
1843-01-15 21:00:00,NA,NA,NA,NA,NA,NA,NA,NA,NA,NA,NA,NA,NA,NA,NA,NA,NA,NA
1843-01-16,NA,NA,NA,NA,NA,NA,NA,NA,NA,NA,NA,NA,NA,NA,NA,NA,NA,NA
1843-01-16 06:00:00,NA,NA,NA,NA,NA,NA,NA,NA,NA,NA,NA,NA,-10,NA,NA,NA,NA,NA
1843-01-16 09:00:00,NA,NA,NA,NA,NA,NA,NA,NA,NA,NA,NA,NA,NA,NA,NA,NA,NA,",sn"
1843-01-16 15:00:00,7.78,NA,NA,NA,NA,NA,1013.55,NA,NA,NA,NA,NA,-6.67,NA,NA,NA,NA,",sn"
1843-01-16 21:00:00,NA,NA,NA,NA,NA,NA,NA,NA,NA,NA,NA,NA,NA,NA,NA,NA,NA,NA
1843-01-17,NA,NA,NA,NA,NA,NA,NA,NA,NA,NA,NA,NA,NA,NA,NA,NA,NA,NA
1843-01-17 06:00:00,NA,NA,NA,NA,NA,NA,NA,NA,NA,NA,NA,NA,-10.56,NA,NA,NA,NA,NA
1843-01-17 09:00:00,NA,NA,NA,NA,NA,NA,NA,NA,NA,NA,NA,NA,NA,NA,NA,NA,NA,",skc"
1843-01-17 15:00:00,2.78,NA,NA,NA,NA,NA,1028.11,NA,NA,NA,NA,NA,-7.22,NA,NA,NA,NA,",skc"
1843-01-17 21:00:00,2.22,NA,NA,NA,NA,NA,1030.82,NA,NA,NA,NA,NA,NA,NA,NA,NA,NA,NA
1843-01-18,NA,NA,NA,NA,NA,NA,NA,NA,NA,NA,NA,NA,NA,NA,NA,NA,NA,NA
1843-01-18 06:00:00,NA,NA,NA,NA,NA,NA,NA,NA,NA,NA,NA,NA,-16.11,NA,NA,NA,NA,",sn"
1843-01-18 09:00:00,NA,NA,NA,NA,NA,NA,NA,NA,NA,NA,NA,NA,NA,NA,NA,NA,NA,",sn"
1843-01-18 15:00:00,2.22,NA,NA,NA,NA,NA,1017.27,NA,NA,NA,NA,NA,-2.78,NA,NA,NA,NA,",sn"
1843-01-18 21:00:00,NA,NA,NA,NA,NA,NA,NA,NA,NA,NA,NA,NA,NA,NA,NA,NA,NA,",sn"
1843-01-19,NA,NA,NA,NA,NA,NA,NA,NA,NA,NA,NA,NA,NA,NA,NA,NA,NA,NA
1843-01-19 06:00:00,NA,NA,NA,NA,NA,NA,NA,NA,NA,NA,NA,NA,-5.56,NA,NA,NA,NA,NA
1843-01-19 09:00:00,NA,NA,NA,NA,NA,NA,NA,NA,NA,NA,NA,NA,NA,NA,NA,NA,NA,",skc"
1843-01-19 15:00:00,5.56,NA,NA,NA,NA,NA,1016.59,NA,NA,NA,NA,NA,1.11,NA,NA,NA,NA,",skc"
1843-01-19 21:00:00,NA,NA,NA,NA,NA,NA,NA,NA,NA,NA,NA,NA,NA,NA,NA,NA,NA,NA
1843-01-20,NA,NA,NA,NA,NA,NA,NA,NA,NA,NA,NA,NA,NA,NA,NA,NA,NA,NA
1843-01-20 06:00:00,NA,NA,NA,NA,NA,NA,NA,NA,NA,NA,NA,NA,-2.22,NA,NA,NA,NA,NA
1843-01-20 09:00:00,NA,NA,NA,NA,NA,NA,NA,NA,NA,NA,NA,NA,NA,NA,NA,NA,NA,",skc"
1843-01-20 15:00:00,6.67,NA,NA,NA,NA,NA,1006.43,NA,NA,NA,NA,NA,2.22,NA,NA,NA,NA,",skc"
1843-01-20 21:00:00,NA,NA,NA,NA,NA,NA,NA,NA,NA,NA,NA,NA,NA,NA,NA,NA,NA,NA
1843-01-21,NA,NA,NA,NA,NA,NA,NA,NA,NA,NA,NA,NA,NA,NA,NA,NA,NA,NA
1843-01-21 06:00:00,NA,NA,NA,NA,NA,NA,NA,NA,NA,NA,NA,NA,-7.22,NA,NA,NA,NA,NA
1843-01-21 09:00:00,NA,NA,NA,NA,NA,NA,NA,NA,NA,NA,NA,NA,NA,NA,NA,NA,NA,",skc"
1843-01-21 15:00:00,5,NA,NA,NA,NA,NA,1014.56,NA,NA,NA,NA,NA,-1.11,NA,NA,NA,NA,",skc"
1843-01-21 21:00:00,NA,NA,NA,NA,NA,NA,NA,NA,NA,NA,NA,NA,NA,NA,NA,NA,NA,NA
1843-01-22,NA,NA,NA,NA,NA,NA,NA,NA,NA,NA,NA,NA,NA,NA,NA,NA,NA,NA
1843-01-22 06:00:00,NA,NA,NA,NA,NA,NA,NA,NA,NA,NA,NA,NA,-9.44,NA,NA,NA,NA,",sn"
1843-01-22 09:00:00,NA,NA,NA,NA,NA,NA,NA,NA,NA,NA,NA,NA,NA,NA,NA,NA,NA,",sn"
1843-01-22 15:00:00,14.44,NA,NA,NA,NA,NA,992.55,NA,NA,NA,NA,NA,3.89,NA,NA,NA,NA,",bkn"
1843-01-22 21:00:00,NA,NA,NA,NA,NA,NA,NA,NA,NA,NA,NA,NA,NA,NA,NA,NA,NA,",bkn"
1843-01-23,NA,NA,NA,NA,NA,NA,NA,NA,NA,NA,NA,NA,NA,NA,NA,NA,NA,NA
1843-01-23 06:00:00,NA,NA,NA,NA,NA,NA,NA,NA,NA,NA,NA,NA,-10.56,NA,NA,NA,NA,NA
1843-01-23 09:00:00,NA,NA,NA,NA,NA,NA,NA,NA,NA,NA,NA,NA,NA,NA,NA,NA,NA,",skc"
1843-01-23 15:00:00,6.67,NA,NA,NA,NA,NA,994.24,NA,NA,NA,NA,NA,-5,NA,NA,NA,NA,",skc"
1843-01-23 21:00:00,NA,NA,NA,NA,NA,NA,NA,NA,NA,NA,NA,NA,NA,NA,NA,NA,NA,NA
1843-01-24,NA,NA,NA,NA,NA,NA,NA,NA,NA,NA,NA,NA,NA,NA,NA,NA,NA,NA
1843-01-24 06:00:00,NA,NA,NA,NA,NA,NA,NA,NA,NA,NA,NA,NA,-12.22,NA,NA,NA,NA,NA
1843-01-24 09:00:00,NA,NA,NA,NA,NA,NA,NA,NA,NA,NA,NA,NA,NA,NA,NA,NA,NA,",skc"
1843-01-24 15:00:00,5.56,NA,NA,NA,NA,NA,981.38,NA,NA,NA,NA,NA,3.89,NA,NA,NA,NA,",skc"
1843-01-24 21:00:00,NA,NA,NA,NA,NA,NA,NA,NA,NA,NA,NA,NA,NA,NA,NA,NA,NA,NA
1843-01-25,NA,NA,NA,NA,NA,NA,NA,NA,NA,NA,NA,NA,NA,NA,NA,NA,NA,NA
1843-01-25 06:00:00,NA,NA,NA,NA,NA,NA,NA,NA,NA,NA,NA,NA,-8.89,NA,NA,NA,NA,NA
1843-01-25 09:00:00,NA,NA,NA,NA,NA,NA,NA,NA,NA,NA,NA,NA,NA,NA,NA,NA,NA,",sn"
1843-01-25 15:00:00,6.67,NA,NA,NA,NA,NA,980.7,NA,NA,NA,NA,NA,-6.11,NA,NA,NA,NA,",sn"
1843-01-25 21:00:00,NA,NA,NA,NA,NA,NA,NA,NA,NA,NA,NA,NA,NA,NA,NA,NA,NA,NA
1843-01-26,NA,NA,NA,NA,NA,NA,NA,NA,NA,NA,NA,NA,NA,NA,NA,NA,NA,NA
1843-01-26 06:00:00,NA,NA,NA,NA,NA,NA,NA,NA,NA,NA,NA,NA,-6.11,NA,NA,NA,NA,NA
1843-01-26 09:00:00,NA,NA,NA,NA,NA,NA,NA,NA,NA,NA,NA,NA,NA,NA,NA,NA,NA,NA
1843-01-26 15:00:00,7.22,NA,NA,NA,NA,NA,1004.4,NA,NA,NA,NA,NA,-2.22,NA,NA,NA,NA,NA
1843-01-26 21:00:00,NA,NA,NA,NA,NA,NA,NA,NA,NA,NA,NA,NA,NA,NA,NA,NA,NA,NA
1843-01-27,NA,NA,NA,NA,NA,NA,NA,NA,NA,NA,NA,NA,NA,NA,NA,NA,NA,NA
1843-01-27 06:00:00,NA,NA,NA,NA,NA,NA,NA,NA,NA,NA,NA,NA,-3.89,NA,NA,NA,NA,NA
1843-01-27 09:00:00,NA,NA,NA,NA,NA,NA,NA,NA,NA,NA,NA,NA,NA,NA,NA,NA,NA,NA
1843-01-27 15:00:00,6.67,NA,NA,NA,NA,NA,1013.88,NA,NA,NA,NA,NA,1.67,NA,NA,NA,NA,",skc"
1843-01-27 21:00:00,NA,NA,NA,NA,NA,NA,NA,NA,NA,NA,NA,NA,NA,NA,NA,NA,NA,NA
1843-01-28,NA,NA,NA,NA,NA,NA,NA,NA,NA,NA,NA,NA,NA,NA,NA,NA,NA,NA
1843-01-28 06:00:00,NA,NA,NA,NA,NA,NA,NA,NA,NA,NA,NA,NA,-12.22,NA,NA,NA,NA,NA
1843-01-28 09:00:00,NA,NA,NA,NA,NA,NA,NA,NA,NA,NA,NA,NA,NA,NA,NA,NA,NA,NA
1843-01-28 15:00:00,7.22,NA,NA,NA,NA,NA,1006.1,NA,NA,NA,NA,NA,-1.67,NA,NA,NA,NA,",skc"
1843-01-28 21:00:00,NA,NA,NA,NA,NA,NA,NA,NA,NA,NA,NA,NA,NA,NA,NA,NA,NA,NA
1843-01-29,NA,NA,NA,NA,NA,NA,NA,NA,NA,NA,NA,NA,NA,NA,NA,NA,NA,NA
1843-01-29 06:00:00,NA,NA,NA,NA,NA,NA,NA,NA,NA,NA,NA,NA,-15.56,NA,NA,NA,NA,NA
1843-01-29 09:00:00,NA,NA,NA,NA,NA,NA,NA,NA,NA,NA,NA,NA,NA,NA,NA,NA,NA,NA
1843-01-29 15:00:00,8.89,NA,NA,NA,NA,NA,1010.16,NA,NA,NA,NA,NA,-6.11,NA,NA,NA,NA,",skc"
1843-01-29 21:00:00,NA,NA,NA,NA,NA,NA,NA,NA,NA,NA,NA,NA,NA,NA,NA,NA,NA,NA
1843-01-30,NA,NA,NA,NA,NA,NA,NA,NA,NA,NA,NA,NA,NA,NA,NA,NA,NA,NA
1843-01-30 06:00:00,NA,NA,NA,NA,NA,NA,NA,NA,NA,NA,NA,NA,-16.67,NA,NA,NA,NA,NA
1843-01-30 09:00:00,NA,NA,NA,NA,NA,NA,NA,NA,NA,NA,NA,NA,NA,NA,NA,NA,NA,NA
1843-01-30 15:00:00,10,NA,NA,NA,NA,NA,1013.55,NA,NA,NA,NA,NA,-1.11,NA,NA,NA,NA,",skc"
1843-01-30 21:00:00,NA,NA,NA,NA,NA,NA,NA,NA,NA,NA,NA,NA,NA,NA,NA,NA,NA,NA
1843-01-31,NA,NA,NA,NA,NA,NA,NA,NA,NA,NA,NA,NA,NA,NA,NA,NA,NA,NA
1843-01-31 06:00:00,NA,NA,NA,NA,NA,NA,NA,NA,NA,NA,NA,NA,-17.28,NA,NA,NA,NA,NA
1843-01-31 09:00:00,NA,NA,NA,NA,NA,NA,NA,NA,NA,NA,NA,NA,NA,NA,NA,NA,NA,NA
1843-01-31 15:00:00,11.11,NA,NA,NA,NA,NA,1015.58,NA,NA,NA,NA,NA,3.89,NA,NA,NA,NA,",skc"
1843-01-31 21:00:00,NA,NA,NA,NA,NA,NA,NA,NA,NA,NA,NA,NA,NA,NA,NA,NA,NA,NA
1843-02-01,NA,NA,NA,NA,NA,NA,NA,NA,NA,NA,NA,NA,NA,NA,NA,NA,NA,NA
1843-02-01 06:00:00,NA,NA,NA,NA,NA,NA,NA,NA,NA,NA,NA,NA,-5.56,NA,NA,NA,NA,NA
1843-02-01 09:00:00,NA,NA,NA,NA,NA,NA,NA,NA,NA,NA,NA,NA,NA,NA,NA,NA,NA,",ra"
1843-02-01 15:00:00,15,NA,NA,NA,NA,NA,1014.22,NA,NA,NA,NA,NA,11.11,NA,NA,NA,NA,",ra"
1843-02-01 21:00:00,NA,NA,NA,NA,NA,NA,NA,NA,NA,NA,NA,NA,NA,NA,NA,NA,NA,NA
1843-02-02,NA,NA,NA,NA,NA,NA,NA,NA,NA,NA,NA,NA,NA,NA,NA,NA,NA,NA
1843-02-02 06:00:00,NA,NA,NA,NA,NA,NA,NA,NA,NA,NA,NA,NA,5,NA,NA,NA,NA,NA
1843-02-02 09:00:00,NA,NA,NA,NA,NA,NA,NA,NA,NA,NA,NA,NA,NA,NA,NA,NA,NA,",bkn"
1843-02-02 15:00:00,12.22,NA,NA,NA,NA,NA,994.24,NA,NA,NA,NA,NA,7.22,NA,NA,NA,NA,",bkn"
1843-02-02 21:00:00,NA,NA,NA,NA,NA,NA,NA,NA,NA,NA,NA,NA,NA,NA,NA,NA,NA,NA
1843-02-03,NA,NA,NA,NA,NA,NA,NA,NA,NA,NA,NA,NA,NA,NA,NA,NA,NA,NA
1843-02-03 06:00:00,NA,NA,NA,NA,NA,NA,NA,NA,NA,NA,NA,NA,-8.89,NA,NA,NA,NA,NA
1843-02-03 09:00:00,NA,NA,NA,NA,NA,NA,NA,NA,NA,NA,NA,NA,NA,NA,NA,NA,NA,",sn"
1843-02-03 15:00:00,12.22,NA,NA,NA,NA,NA,1012.87,NA,NA,NA,NA,NA,-7.22,NA,NA,NA,NA,",sn"
1843-02-03 21:00:00,NA,NA,NA,NA,NA,NA,NA,NA,NA,NA,NA,NA,NA,NA,NA,NA,NA,NA
1843-02-04,NA,NA,NA,NA,NA,NA,NA,NA,NA,NA,NA,NA,NA,NA,NA,NA,NA,NA
1843-02-04 06:00:00,NA,NA,NA,NA,NA,NA,NA,NA,NA,NA,NA,NA,-14.44,NA,NA,NA,NA,NA
1843-02-04 09:00:00,NA,NA,NA,NA,NA,NA,NA,NA,NA,NA,NA,NA,NA,NA,NA,NA,NA,",skc"
1843-02-04 15:00:00,6.67,NA,NA,NA,NA,NA,1021,NA,NA,NA,NA,NA,-1.67,NA,NA,NA,NA,",skc"
1843-02-04 21:00:00,NA,NA,NA,NA,NA,NA,NA,NA,NA,NA,NA,NA,NA,NA,NA,NA,NA,NA
1843-02-05,NA,NA,NA,NA,NA,NA,NA,NA,NA,NA,NA,NA,NA,NA,NA,NA,NA,NA
1843-02-05 06:00:00,NA,NA,NA,NA,NA,NA,NA,NA,NA,NA,NA,NA,-7.78,NA,NA,NA,NA,NA
1843-02-05 09:00:00,NA,NA,NA,NA,NA,NA,NA,NA,NA,NA,NA,NA,NA,NA,NA,NA,NA,",skc"
1843-02-05 15:00:00,5.56,NA,NA,NA,NA,NA,1017.61,NA,NA,NA,NA,NA,2.22,NA,NA,NA,NA,",skc"
1843-02-05 21:00:00,NA,NA,NA,NA,NA,NA,NA,NA,NA,NA,NA,NA,NA,NA,NA,NA,NA,NA
1843-02-06,NA,NA,NA,NA,NA,NA,NA,NA,NA,NA,NA,NA,NA,NA,NA,NA,NA,NA
1843-02-06 06:00:00,NA,NA,NA,NA,NA,NA,NA,NA,NA,NA,NA,NA,-3.89,NA,NA,NA,NA,",sn"
1843-02-06 09:00:00,NA,NA,NA,NA,NA,NA,NA,NA,NA,NA,NA,NA,NA,NA,NA,NA,NA,",ra"
1843-02-06 15:00:00,13.33,NA,NA,NA,NA,NA,988.15,NA,NA,NA,NA,NA,2.22,NA,NA,NA,NA,",ra"
1843-02-06 21:00:00,NA,NA,NA,NA,NA,NA,NA,NA,NA,NA,NA,NA,NA,NA,NA,NA,NA,",sh"
1843-02-07,NA,NA,NA,NA,NA,NA,NA,NA,NA,NA,NA,NA,NA,NA,NA,NA,NA,NA
1843-02-07 06:00:00,NA,NA,NA,NA,NA,NA,NA,NA,NA,NA,NA,NA,-2.78,NA,NA,NA,NA,NA
1843-02-07 09:00:00,NA,NA,NA,NA,NA,NA,NA,NA,NA,NA,NA,NA,NA,NA,NA,NA,NA,",sn"
1843-02-07 15:00:00,8.33,NA,NA,NA,NA,NA,983.41,NA,NA,NA,NA,NA,0,NA,NA,NA,NA,",sn"
1843-02-07 21:00:00,NA,NA,NA,NA,NA,NA,NA,NA,NA,NA,NA,NA,NA,NA,NA,NA,NA,",sn"
1843-02-08,NA,NA,NA,NA,NA,NA,NA,NA,NA,NA,NA,NA,NA,NA,NA,NA,NA,NA
1843-02-08 06:00:00,NA,NA,NA,NA,NA,NA,NA,NA,NA,NA,NA,NA,-9.44,NA,NA,NA,NA,NA
1843-02-08 09:00:00,NA,NA,NA,NA,NA,NA,NA,NA,NA,NA,NA,NA,NA,NA,NA,NA,NA,",sn"
1843-02-08 15:00:00,6.67,NA,NA,NA,NA,NA,997.97,NA,NA,NA,NA,NA,-6.11,NA,NA,NA,NA,",sn"
1843-02-08 21:00:00,NA,NA,NA,NA,NA,NA,NA,NA,NA,NA,NA,NA,NA,NA,NA,NA,NA,NA
1843-02-09,NA,NA,NA,NA,NA,NA,NA,NA,NA,NA,NA,NA,NA,NA,NA,NA,NA,NA
1843-02-09 06:00:00,NA,NA,NA,NA,NA,NA,NA,NA,NA,NA,NA,NA,-16.11,NA,NA,NA,NA,NA
1843-02-09 09:00:00,NA,NA,NA,NA,NA,NA,NA,NA,NA,NA,NA,NA,NA,NA,NA,NA,NA,",skc"
1843-02-09 15:00:00,8.33,NA,NA,NA,NA,NA,1009.82,NA,NA,NA,NA,NA,-11.11,NA,NA,NA,NA,",skc"
1843-02-09 21:00:00,NA,NA,NA,NA,NA,NA,NA,NA,NA,NA,NA,NA,NA,NA,NA,NA,NA,NA
1843-02-10,NA,NA,NA,NA,NA,NA,NA,NA,NA,NA,NA,NA,NA,NA,NA,NA,NA,NA
1843-02-10 06:00:00,NA,NA,NA,NA,NA,NA,NA,NA,NA,NA,NA,NA,-15.56,NA,NA,NA,NA,NA
1843-02-10 09:00:00,NA,NA,NA,NA,NA,NA,NA,NA,NA,NA,NA,NA,NA,NA,NA,NA,NA,",skc"
1843-02-10 15:00:00,5.56,NA,NA,NA,NA,NA,1021.67,NA,NA,NA,NA,NA,-12.22,NA,NA,NA,NA,",skc"
1843-02-10 21:00:00,NA,NA,NA,NA,NA,NA,NA,NA,NA,NA,NA,NA,NA,NA,NA,NA,NA,NA
1843-02-11,NA,NA,NA,NA,NA,NA,NA,NA,NA,NA,NA,NA,NA,NA,NA,NA,NA,NA
1843-02-11 06:00:00,NA,NA,NA,NA,NA,NA,NA,NA,NA,NA,NA,NA,-24.44,NA,NA,NA,NA,NA
1843-02-11 09:00:00,NA,NA,NA,NA,NA,NA,NA,NA,NA,NA,NA,NA,NA,NA,NA,NA,NA,",sn"
1843-02-11 15:00:00,3.89,NA,NA,NA,NA,NA,1019.64,NA,NA,NA,NA,NA,-3.89,NA,NA,NA,NA,",sn"
1843-02-11 21:00:00,NA,NA,NA,NA,NA,NA,NA,NA,NA,NA,NA,NA,NA,NA,NA,NA,NA,NA
1843-02-12,NA,NA,NA,NA,NA,NA,NA,NA,NA,NA,NA,NA,NA,NA,NA,NA,NA,NA
1843-02-12 06:00:00,NA,NA,NA,NA,NA,NA,NA,NA,NA,NA,NA,NA,-0.56,NA,NA,NA,NA,",ra"
1843-02-12 09:00:00,NA,NA,NA,NA,NA,NA,NA,NA,NA,NA,NA,NA,NA,NA,NA,NA,NA,",ra"
1843-02-12 15:00:00,7.78,NA,NA,NA,NA,NA,1003.73,NA,NA,NA,NA,NA,-1.11,NA,NA,NA,NA,",sn"
1843-02-12 21:00:00,NA,NA,NA,NA,NA,NA,NA,NA,NA,NA,NA,NA,NA,NA,NA,NA,NA,",sn"
1843-02-13,NA,NA,NA,NA,NA,NA,NA,NA,NA,NA,NA,NA,NA,NA,NA,NA,NA,NA
1843-02-13 06:00:00,NA,NA,NA,NA,NA,NA,NA,NA,NA,NA,NA,NA,-14.44,NA,NA,NA,NA,NA
1843-02-13 09:00:00,NA,NA,NA,NA,NA,NA,NA,NA,NA,NA,NA,NA,NA,NA,NA,NA,NA,",skc"
1843-02-13 15:00:00,8.89,NA,NA,NA,NA,NA,1014.22,NA,NA,NA,NA,NA,-8.89,NA,NA,NA,NA,",skc"
1843-02-13 21:00:00,NA,NA,NA,NA,NA,NA,NA,NA,NA,NA,NA,NA,NA,NA,NA,NA,NA,NA
1843-02-14,NA,NA,NA,NA,NA,NA,NA,NA,NA,NA,NA,NA,NA,NA,NA,NA,NA,NA
1843-02-14 06:00:00,NA,NA,NA,NA,NA,NA,NA,NA,NA,NA,NA,NA,-21.11,NA,NA,NA,NA,NA
1843-02-14 09:00:00,NA,NA,NA,NA,NA,NA,NA,NA,NA,NA,NA,NA,NA,NA,NA,NA,NA,",skc"
1843-02-14 15:00:00,6.67,NA,NA,NA,NA,NA,1019.98,NA,NA,NA,NA,NA,-11.67,NA,NA,NA,NA,",skc"
1843-02-14 21:00:00,NA,NA,NA,NA,NA,NA,NA,NA,NA,NA,NA,NA,NA,NA,NA,NA,NA,NA
1843-02-15,NA,NA,NA,NA,NA,NA,NA,NA,NA,NA,NA,NA,NA,NA,NA,NA,NA,NA
1843-02-15 06:00:00,NA,NA,NA,NA,NA,NA,NA,NA,NA,NA,NA,NA,-16.67,NA,NA,NA,NA,",sn"
1843-02-15 09:00:00,NA,NA,NA,NA,NA,NA,NA,NA,NA,NA,NA,NA,NA,NA,NA,NA,NA,",sn"
1843-02-15 15:00:00,5,NA,NA,NA,NA,NA,1002.03,NA,NA,NA,NA,NA,-11.11,NA,NA,NA,NA,",sn"
1843-02-15 21:00:00,NA,NA,NA,NA,NA,NA,NA,NA,NA,NA,NA,NA,NA,NA,NA,NA,NA,",sn"
1843-02-16,NA,NA,NA,NA,NA,NA,NA,NA,NA,NA,NA,NA,NA,NA,NA,NA,NA,NA
1843-02-16 06:00:00,NA,NA,NA,NA,NA,NA,NA,NA,NA,NA,NA,NA,-10,NA,NA,NA,NA,NA
1843-02-16 09:00:00,NA,NA,NA,NA,NA,NA,NA,NA,NA,NA,NA,NA,NA,NA,NA,NA,NA,",skc"
1843-02-16 15:00:00,13.33,NA,NA,NA,NA,NA,998.98,NA,NA,NA,NA,NA,-7.22,NA,NA,NA,NA,",skc"
1843-02-16 21:00:00,NA,NA,NA,NA,NA,NA,NA,NA,NA,NA,NA,NA,NA,NA,NA,NA,NA,NA
1843-02-17,NA,NA,NA,NA,NA,NA,NA,NA,NA,NA,NA,NA,NA,NA,NA,NA,NA,NA
1843-02-17 06:00:00,NA,NA,NA,NA,NA,NA,NA,NA,NA,NA,NA,NA,-22.78,NA,NA,NA,NA,NA
1843-02-17 09:00:00,NA,NA,NA,NA,NA,NA,NA,NA,NA,NA,NA,NA,NA,NA,NA,NA,NA,",skc"
1843-02-17 15:00:00,2.22,NA,NA,NA,NA,NA,1014.22,NA,NA,NA,NA,NA,-8.89,NA,NA,NA,NA,",skc"
1843-02-17 21:00:00,NA,NA,NA,NA,NA,NA,NA,NA,NA,NA,NA,NA,NA,NA,NA,NA,NA,NA
1843-02-18,NA,NA,NA,NA,NA,NA,NA,NA,NA,NA,NA,NA,NA,NA,NA,NA,NA,NA
1843-02-18 06:00:00,NA,NA,NA,NA,NA,NA,NA,NA,NA,NA,NA,NA,-17.78,NA,NA,NA,NA,NA
1843-02-18 09:00:00,NA,NA,NA,NA,NA,NA,NA,NA,NA,NA,NA,NA,NA,NA,NA,NA,NA,",skc"
1843-02-18 15:00:00,2.22,NA,NA,NA,NA,NA,1015.24,NA,NA,NA,NA,NA,-9.44,NA,NA,NA,NA,",skc"
1843-02-18 21:00:00,NA,NA,NA,NA,NA,NA,NA,NA,NA,NA,NA,NA,NA,NA,NA,NA,NA,NA
1843-02-19,NA,NA,NA,NA,NA,NA,NA,NA,NA,NA,NA,NA,NA,NA,NA,NA,NA,NA
1843-02-19 06:00:00,NA,NA,NA,NA,NA,NA,NA,NA,NA,NA,NA,NA,-27.22,NA,NA,NA,NA,NA
1843-02-19 09:00:00,NA,NA,NA,NA,NA,NA,NA,NA,NA,NA,NA,NA,NA,NA,NA,NA,NA,",skc"
1843-02-19 15:00:00,7.22,NA,NA,NA,NA,NA,1024.72,NA,NA,NA,NA,NA,-3.33,NA,NA,NA,NA,",skc"
1843-02-19 21:00:00,NA,NA,NA,NA,NA,NA,NA,NA,NA,NA,NA,NA,NA,NA,NA,NA,NA,NA
1843-02-20,NA,NA,NA,NA,NA,NA,NA,NA,NA,NA,NA,NA,NA,NA,NA,NA,NA,NA
1843-02-20 06:00:00,NA,NA,NA,NA,NA,NA,NA,NA,NA,NA,NA,NA,-10,NA,NA,NA,NA,NA
1843-02-20 09:00:00,NA,NA,NA,NA,NA,NA,NA,NA,NA,NA,NA,NA,NA,NA,NA,NA,NA,",bkn"
1843-02-20 15:00:00,7.78,NA,NA,NA,NA,NA,990.18,NA,NA,NA,NA,NA,7.22,NA,NA,NA,NA,",bkn"
1843-02-20 21:00:00,NA,NA,NA,NA,NA,NA,NA,NA,NA,NA,NA,NA,NA,NA,NA,NA,NA,NA
1843-02-21,NA,NA,NA,NA,NA,NA,NA,NA,NA,NA,NA,NA,NA,NA,NA,NA,NA,NA
1843-02-21 06:00:00,NA,NA,NA,NA,NA,NA,NA,NA,NA,NA,NA,NA,-8.33,NA,NA,NA,NA,NA
1843-02-21 09:00:00,NA,NA,NA,NA,NA,NA,NA,NA,NA,NA,NA,NA,NA,NA,NA,NA,NA,",sn"
1843-02-21 15:00:00,6.11,NA,NA,NA,NA,NA,991.87,NA,NA,NA,NA,NA,-7.22,NA,NA,NA,NA,",sn"
1843-02-21 21:00:00,5.56,NA,NA,NA,NA,NA,982.05,NA,NA,NA,NA,NA,NA,NA,NA,NA,NA,NA
1843-02-22,NA,NA,NA,NA,NA,NA,NA,NA,NA,NA,NA,NA,NA,NA,NA,NA,NA,NA
1843-02-22 06:00:00,NA,NA,NA,NA,NA,NA,NA,NA,NA,NA,NA,NA,-11.67,NA,NA,NA,NA,NA
1843-02-22 09:00:00,NA,NA,NA,NA,NA,NA,NA,NA,NA,NA,NA,NA,NA,NA,NA,NA,NA,",skc"
1843-02-22 15:00:00,5,NA,NA,NA,NA,NA,989.5,NA,NA,NA,NA,NA,-6.11,NA,NA,NA,NA,",skc"
1843-02-22 21:00:00,NA,NA,NA,NA,NA,NA,NA,NA,NA,NA,NA,NA,NA,NA,NA,NA,NA,NA
1843-02-23,NA,NA,NA,NA,NA,NA,NA,NA,NA,NA,NA,NA,NA,NA,NA,NA,NA,NA
1843-02-23 06:00:00,NA,NA,NA,NA,NA,NA,NA,NA,NA,NA,NA,NA,-15,NA,NA,NA,NA,NA
1843-02-23 09:00:00,NA,NA,NA,NA,NA,NA,NA,NA,NA,NA,NA,NA,NA,NA,NA,NA,NA,",sn"
1843-02-23 15:00:00,10.56,NA,NA,NA,NA,NA,982.73,NA,NA,NA,NA,NA,-2.78,NA,NA,NA,NA,",sn"
1843-02-23 21:00:00,NA,NA,NA,NA,NA,NA,NA,NA,NA,NA,NA,NA,NA,NA,NA,NA,NA,",sn"
1843-02-24,NA,NA,NA,NA,NA,NA,NA,NA,NA,NA,NA,NA,NA,NA,NA,NA,NA,NA
1843-02-24 06:00:00,NA,NA,NA,NA,NA,NA,NA,NA,NA,NA,NA,NA,-22.78,NA,NA,NA,NA,NA
1843-02-24 09:00:00,NA,NA,NA,NA,NA,NA,NA,NA,NA,NA,NA,NA,NA,NA,NA,NA,NA,",skc"
1843-02-24 15:00:00,6.67,NA,NA,NA,NA,NA,991.53,NA,NA,NA,NA,NA,-10.56,NA,NA,NA,NA,",skc"
1843-02-24 21:00:00,NA,NA,NA,NA,NA,NA,NA,NA,NA,NA,NA,NA,NA,NA,NA,NA,NA,NA
1843-02-25,NA,NA,NA,NA,NA,NA,NA,NA,NA,NA,NA,NA,NA,NA,NA,NA,NA,NA
1843-02-25 06:00:00,NA,NA,NA,NA,NA,NA,NA,NA,NA,NA,NA,NA,-20,NA,NA,NA,NA,NA
1843-02-25 09:00:00,NA,NA,NA,NA,NA,NA,NA,NA,NA,NA,NA,NA,NA,NA,NA,NA,NA,",skc"
1843-02-25 15:00:00,2.78,NA,NA,NA,NA,NA,995.26,NA,NA,NA,NA,NA,-6.11,NA,NA,NA,NA,",skc"
1843-02-25 21:00:00,NA,NA,NA,NA,NA,NA,NA,NA,NA,NA,NA,NA,NA,NA,NA,NA,NA,NA
1843-02-26,NA,NA,NA,NA,NA,NA,NA,NA,NA,NA,NA,NA,NA,NA,NA,NA,NA,NA
1843-02-26 06:00:00,NA,NA,NA,NA,NA,NA,NA,NA,NA,NA,NA,NA,-15,NA,NA,NA,NA,",sn"
1843-02-26 09:00:00,NA,NA,NA,NA,NA,NA,NA,NA,NA,NA,NA,NA,NA,NA,NA,NA,NA,",sn"
1843-02-26 15:00:00,10.56,NA,NA,NA,NA,NA,991.87,NA,NA,NA,NA,NA,1.67,NA,NA,NA,NA,",skc"
1843-02-26 21:00:00,NA,NA,NA,NA,NA,NA,NA,NA,NA,NA,NA,NA,NA,NA,NA,NA,NA,NA
1843-02-27,NA,NA,NA,NA,NA,NA,NA,NA,NA,NA,NA,NA,NA,NA,NA,NA,NA,NA
1843-02-27 06:00:00,NA,NA,NA,NA,NA,NA,NA,NA,NA,NA,NA,NA,-10.56,NA,NA,NA,NA,",sn"
1843-02-27 09:00:00,NA,NA,NA,NA,NA,NA,NA,NA,NA,NA,NA,NA,NA,NA,NA,NA,NA,",sn"
1843-02-27 15:00:00,8.33,NA,NA,NA,NA,NA,996.28,NA,NA,NA,NA,NA,-2.22,NA,NA,NA,NA,",sn"
1843-02-27 21:00:00,NA,NA,NA,NA,NA,NA,NA,NA,NA,NA,NA,NA,NA,NA,NA,NA,NA,",sn"
1843-02-28,NA,NA,NA,NA,NA,NA,NA,NA,NA,NA,NA,NA,NA,NA,NA,NA,NA,NA
1843-02-28 06:00:00,NA,NA,NA,NA,NA,NA,NA,NA,NA,NA,NA,NA,-14.44,NA,NA,NA,NA,NA
1843-02-28 09:00:00,NA,NA,NA,NA,NA,NA,NA,NA,NA,NA,NA,NA,NA,NA,NA,NA,NA,",skc"
1843-02-28 15:00:00,12.22,NA,NA,NA,NA,NA,1001.69,NA,NA,NA,NA,NA,2.78,NA,NA,NA,NA,",skc"
1843-02-28 21:00:00,NA,NA,NA,NA,NA,NA,NA,NA,NA,NA,NA,NA,NA,NA,NA,NA,NA,NA
1843-03-01,NA,NA,NA,NA,NA,NA,NA,NA,NA,NA,NA,NA,NA,NA,NA,NA,NA,NA
1843-03-01 06:00:00,NA,NA,NA,NA,NA,NA,NA,NA,NA,NA,NA,NA,-16.67,NA,NA,NA,NA,NA
1843-03-01 09:00:00,NA,NA,NA,NA,NA,NA,NA,NA,NA,NA,NA,NA,NA,NA,NA,NA,NA,",skc"
1843-03-01 15:00:00,13.89,NA,NA,NA,NA,NA,1000.68,NA,NA,NA,NA,NA,1.11,NA,NA,NA,NA,",skc"
1843-03-01 21:00:00,NA,NA,NA,NA,NA,NA,NA,NA,NA,NA,NA,NA,NA,NA,NA,NA,NA,NA
1843-03-02,NA,NA,NA,NA,NA,NA,NA,NA,NA,NA,NA,NA,NA,NA,NA,NA,NA,NA
1843-03-02 06:00:00,NA,NA,NA,NA,NA,NA,NA,NA,NA,NA,NA,NA,-11.67,NA,NA,NA,NA,NA
1843-03-02 09:00:00,NA,NA,NA,NA,NA,NA,NA,NA,NA,NA,NA,NA,NA,NA,NA,NA,NA,",skc"
1843-03-02 15:00:00,13.33,NA,NA,NA,NA,NA,992.21,NA,NA,NA,NA,NA,0,NA,NA,NA,NA,",skc"
1843-03-02 21:00:00,NA,NA,NA,NA,NA,NA,NA,NA,NA,NA,NA,NA,NA,NA,NA,NA,NA,NA
1843-03-03,NA,NA,NA,NA,NA,NA,NA,NA,NA,NA,NA,NA,NA,NA,NA,NA,NA,NA
1843-03-03 06:00:00,NA,NA,NA,NA,NA,NA,NA,NA,NA,NA,NA,NA,-10.56,NA,NA,NA,NA,NA
1843-03-03 09:00:00,NA,NA,NA,NA,NA,NA,NA,NA,NA,NA,NA,NA,NA,NA,NA,NA,NA,",skc"
1843-03-03 15:00:00,7.78,NA,NA,NA,NA,NA,989.16,NA,NA,NA,NA,NA,-1.67,NA,NA,NA,NA,",skc"
1843-03-03 21:00:00,NA,NA,NA,NA,NA,NA,NA,NA,NA,NA,NA,NA,NA,NA,NA,NA,NA,NA
1843-03-04,NA,NA,NA,NA,NA,NA,NA,NA,NA,NA,NA,NA,NA,NA,NA,NA,NA,NA
1843-03-04 06:00:00,NA,NA,NA,NA,NA,NA,NA,NA,NA,NA,NA,NA,-13.33,NA,NA,NA,NA,",sn"
1843-03-04 09:00:00,NA,NA,NA,NA,NA,NA,NA,NA,NA,NA,NA,NA,NA,NA,NA,NA,NA,",sn"
1843-03-04 15:00:00,10,NA,NA,NA,NA,NA,985.44,NA,NA,NA,NA,NA,-6.11,NA,NA,NA,NA,",bkn"
1843-03-04 21:00:00,NA,NA,NA,NA,NA,NA,NA,NA,NA,NA,NA,NA,NA,NA,NA,NA,NA,",bkn"
1843-03-05,NA,NA,NA,NA,NA,NA,NA,NA,NA,NA,NA,NA,NA,NA,NA,NA,NA,NA
1843-03-05 06:00:00,NA,NA,NA,NA,NA,NA,NA,NA,NA,NA,NA,NA,-12.22,NA,NA,NA,NA,NA
1843-03-05 09:00:00,NA,NA,NA,NA,NA,NA,NA,NA,NA,NA,NA,NA,NA,NA,NA,NA,NA,",sn"
1843-03-05 15:00:00,11.11,NA,NA,NA,NA,NA,988.83,NA,NA,NA,NA,NA,-5.56,NA,NA,NA,NA,",sn"
1843-03-05 21:00:00,NA,NA,NA,NA,NA,NA,NA,NA,NA,NA,NA,NA,NA,NA,NA,NA,NA,NA
1843-03-06,NA,NA,NA,NA,NA,NA,NA,NA,NA,NA,NA,NA,NA,NA,NA,NA,NA,NA
1843-03-06 06:00:00,NA,NA,NA,NA,NA,NA,NA,NA,NA,NA,NA,NA,-11.67,NA,NA,NA,NA,NA
1843-03-06 09:00:00,NA,NA,NA,NA,NA,NA,NA,NA,NA,NA,NA,NA,NA,NA,NA,NA,NA,",sn"
1843-03-06 15:00:00,7.78,NA,NA,NA,NA,NA,994.92,NA,NA,NA,NA,NA,0.56,NA,NA,NA,NA,",sn"
1843-03-06 21:00:00,NA,NA,NA,NA,NA,NA,NA,NA,NA,NA,NA,NA,NA,NA,NA,NA,NA,NA
1843-03-07,NA,NA,NA,NA,NA,NA,NA,NA,NA,NA,NA,NA,NA,NA,NA,NA,NA,NA
1843-03-07 06:00:00,NA,NA,NA,NA,NA,NA,NA,NA,NA,NA,NA,NA,-6.11,NA,NA,NA,NA,NA
1843-03-07 09:00:00,NA,NA,NA,NA,NA,NA,NA,NA,NA,NA,NA,NA,NA,NA,NA,NA,NA,",sn"
1843-03-07 15:00:00,8.89,NA,NA,NA,NA,NA,996.61,NA,NA,NA,NA,NA,0,NA,NA,NA,NA,",sn"
1843-03-07 21:00:00,NA,NA,NA,NA,NA,NA,NA,NA,NA,NA,NA,NA,NA,NA,NA,NA,NA,NA
1843-03-08,NA,NA,NA,NA,NA,NA,NA,NA,NA,NA,NA,NA,NA,NA,NA,NA,NA,NA
1843-03-08 06:00:00,NA,NA,NA,NA,NA,NA,NA,NA,NA,NA,NA,NA,-8.33,NA,NA,NA,NA,NA
1843-03-08 09:00:00,NA,NA,NA,NA,NA,NA,NA,NA,NA,NA,NA,NA,NA,NA,NA,NA,NA,",sn"
1843-03-08 15:00:00,7.22,NA,NA,NA,NA,NA,1004.06,NA,NA,NA,NA,NA,-3.89,NA,NA,NA,NA,",sn"
1843-03-08 21:00:00,NA,NA,NA,NA,NA,NA,NA,NA,NA,NA,NA,NA,NA,NA,NA,NA,NA,NA
1843-03-09,NA,NA,NA,NA,NA,NA,NA,NA,NA,NA,NA,NA,NA,NA,NA,NA,NA,NA
1843-03-09 06:00:00,NA,NA,NA,NA,NA,NA,NA,NA,NA,NA,NA,NA,-15,NA,NA,NA,NA,NA
1843-03-09 09:00:00,NA,NA,NA,NA,NA,NA,NA,NA,NA,NA,NA,NA,NA,NA,NA,NA,NA,",skc"
1843-03-09 15:00:00,8.33,NA,NA,NA,NA,NA,1009.14,NA,NA,NA,NA,NA,1.67,NA,NA,NA,NA,",skc"
1843-03-09 21:00:00,NA,NA,NA,NA,NA,NA,NA,NA,NA,NA,NA,NA,NA,NA,NA,NA,NA,NA
1843-03-10,NA,NA,NA,NA,NA,NA,NA,NA,NA,NA,NA,NA,NA,NA,NA,NA,NA,NA
1843-03-10 06:00:00,NA,NA,NA,NA,NA,NA,NA,NA,NA,NA,NA,NA,-15.28,NA,NA,NA,NA,NA
1843-03-10 09:00:00,NA,NA,NA,NA,NA,NA,NA,NA,NA,NA,NA,NA,NA,NA,NA,NA,NA,",skc"
1843-03-10 15:00:00,11.11,NA,NA,NA,NA,NA,1013.21,NA,NA,NA,NA,NA,5.56,NA,NA,NA,NA,",skc"
1843-03-10 21:00:00,NA,NA,NA,NA,NA,NA,NA,NA,NA,NA,NA,NA,NA,NA,NA,NA,NA,NA
1843-03-11,NA,NA,NA,NA,NA,NA,NA,NA,NA,NA,NA,NA,NA,NA,NA,NA,NA,NA
1843-03-11 06:00:00,NA,NA,NA,NA,NA,NA,NA,NA,NA,NA,NA,NA,-12.22,NA,NA,NA,NA,NA
1843-03-11 09:00:00,NA,NA,NA,NA,NA,NA,NA,NA,NA,NA,NA,NA,NA,NA,NA,NA,NA,",sn"
1843-03-11 15:00:00,8.89,NA,NA,NA,NA,NA,1010.5,NA,NA,NA,NA,NA,1.67,NA,NA,NA,NA,",sn"
1843-03-11 21:00:00,NA,NA,NA,NA,NA,NA,NA,NA,NA,NA,NA,NA,NA,NA,NA,NA,NA,NA
1843-03-12,NA,NA,NA,NA,NA,NA,NA,NA,NA,NA,NA,NA,NA,NA,NA,NA,NA,NA
1843-03-12 06:00:00,NA,NA,NA,NA,NA,NA,NA,NA,NA,NA,NA,NA,-2.22,NA,NA,NA,NA,NA
1843-03-12 09:00:00,NA,NA,NA,NA,NA,NA,NA,NA,NA,NA,NA,NA,NA,NA,NA,NA,NA,",sn"
1843-03-12 15:00:00,12.22,NA,NA,NA,NA,NA,1002.37,NA,NA,NA,NA,NA,2.22,NA,NA,NA,NA,",sn"
1843-03-12 21:00:00,NA,NA,NA,NA,NA,NA,NA,NA,NA,NA,NA,NA,NA,NA,NA,NA,NA,NA
1843-03-13,NA,NA,NA,NA,NA,NA,NA,NA,NA,NA,NA,NA,NA,NA,NA,NA,NA,NA
1843-03-13 06:00:00,NA,NA,NA,NA,NA,NA,NA,NA,NA,NA,NA,NA,-3.33,NA,NA,NA,NA,NA
1843-03-13 09:00:00,NA,NA,NA,NA,NA,NA,NA,NA,NA,NA,NA,NA,NA,NA,NA,NA,NA,",bkn"
1843-03-13 15:00:00,11.11,NA,NA,NA,NA,NA,1020.66,NA,NA,NA,NA,NA,0,NA,NA,NA,NA,",bkn"
1843-03-13 21:00:00,NA,NA,NA,NA,NA,NA,NA,NA,NA,NA,NA,NA,NA,NA,NA,NA,NA,NA
1843-03-14,NA,NA,NA,NA,NA,NA,NA,NA,NA,NA,NA,NA,NA,NA,NA,NA,NA,NA
1843-03-14 06:00:00,NA,NA,NA,NA,NA,NA,NA,NA,NA,NA,NA,NA,-3.89,NA,NA,NA,NA,",sn"
1843-03-14 09:00:00,NA,NA,NA,NA,NA,NA,NA,NA,NA,NA,NA,NA,NA,NA,NA,NA,NA,",sn"
1843-03-14 15:00:00,13.89,NA,NA,NA,NA,NA,988.83,NA,NA,NA,NA,NA,8.89,NA,NA,NA,NA,",bkn"
1843-03-14 21:00:00,NA,NA,NA,NA,NA,NA,NA,NA,NA,NA,NA,NA,NA,NA,NA,NA,NA,",bkn"
1843-03-15,NA,NA,NA,NA,NA,NA,NA,NA,NA,NA,NA,NA,NA,NA,NA,NA,NA,NA
1843-03-15 06:00:00,NA,NA,NA,NA,NA,NA,NA,NA,NA,NA,NA,NA,-5.56,NA,NA,NA,NA,NA
1843-03-15 09:00:00,NA,NA,NA,NA,NA,NA,NA,NA,NA,NA,NA,NA,NA,NA,NA,NA,NA,",skc"
1843-03-15 15:00:00,13.33,NA,NA,NA,NA,NA,993.57,NA,NA,NA,NA,NA,1.67,NA,NA,NA,NA,",skc"
1843-03-15 21:00:00,NA,NA,NA,NA,NA,NA,NA,NA,NA,NA,NA,NA,NA,NA,NA,NA,NA,NA
1843-03-16,NA,NA,NA,NA,NA,NA,NA,NA,NA,NA,NA,NA,NA,NA,NA,NA,NA,NA
1843-03-16 06:00:00,NA,NA,NA,NA,NA,NA,NA,NA,NA,NA,NA,NA,-5.56,NA,NA,NA,NA,NA
1843-03-16 09:00:00,NA,NA,NA,NA,NA,NA,NA,NA,NA,NA,NA,NA,NA,NA,NA,NA,NA,",skc"
1843-03-16 15:00:00,12.78,NA,NA,NA,NA,NA,1006.77,NA,NA,NA,NA,NA,4.44,NA,NA,NA,NA,",skc"
1843-03-16 21:00:00,NA,NA,NA,NA,NA,NA,NA,NA,NA,NA,NA,NA,NA,NA,NA,NA,NA,NA
1843-03-17,NA,NA,NA,NA,NA,NA,NA,NA,NA,NA,NA,NA,NA,NA,NA,NA,NA,NA
1843-03-17 06:00:00,NA,NA,NA,NA,NA,NA,NA,NA,NA,NA,NA,NA,-4.44,NA,NA,NA,NA,NA
1843-03-17 09:00:00,NA,NA,NA,NA,NA,NA,NA,NA,NA,NA,NA,NA,NA,NA,NA,NA,NA,",sn"
1843-03-17 15:00:00,10.56,NA,NA,NA,NA,NA,998.31,NA,NA,NA,NA,NA,0,NA,NA,NA,NA,",sn"
1843-03-17 21:00:00,NA,NA,NA,NA,NA,NA,NA,NA,NA,NA,NA,NA,NA,NA,NA,NA,NA,NA
1843-03-18,NA,NA,NA,NA,NA,NA,NA,NA,NA,NA,NA,NA,NA,NA,NA,NA,NA,NA
1843-03-18 06:00:00,NA,NA,NA,NA,NA,NA,NA,NA,NA,NA,NA,NA,-2.78,NA,NA,NA,NA,NA
1843-03-18 09:00:00,NA,NA,NA,NA,NA,NA,NA,NA,NA,NA,NA,NA,NA,NA,NA,NA,NA,",sn"
1843-03-18 15:00:00,12.78,NA,NA,NA,NA,NA,980.36,NA,NA,NA,NA,NA,0,NA,NA,NA,NA,",sn"
1843-03-18 21:00:00,NA,NA,NA,NA,NA,NA,NA,NA,NA,NA,NA,NA,NA,NA,NA,NA,NA,NA
1843-03-19,NA,NA,NA,NA,NA,NA,NA,NA,NA,NA,NA,NA,NA,NA,NA,NA,NA,NA
1843-03-19 06:00:00,NA,NA,NA,NA,NA,NA,NA,NA,NA,NA,NA,NA,-2.78,NA,NA,NA,NA,NA
1843-03-19 09:00:00,NA,NA,NA,NA,NA,NA,NA,NA,NA,NA,NA,NA,NA,NA,NA,NA,NA,",bkn"
1843-03-19 15:00:00,12.78,NA,NA,NA,NA,NA,992.89,NA,NA,NA,NA,NA,3.89,NA,NA,NA,NA,",bkn"
1843-03-19 21:00:00,NA,NA,NA,NA,NA,NA,NA,NA,NA,NA,NA,NA,NA,NA,NA,NA,NA,NA
1843-03-20,NA,NA,NA,NA,NA,NA,NA,NA,NA,NA,NA,NA,NA,NA,NA,NA,NA,NA
1843-03-20 06:00:00,NA,NA,NA,NA,NA,NA,NA,NA,NA,NA,NA,NA,-8.89,NA,NA,NA,NA,",skc"
1843-03-20 09:00:00,NA,NA,NA,NA,NA,NA,NA,NA,NA,NA,NA,NA,NA,NA,NA,NA,NA,",skc"
1843-03-20 15:00:00,10.56,NA,NA,NA,NA,NA,1002.37,NA,NA,NA,NA,NA,3.89,NA,NA,NA,NA,",sn"
1843-03-20 21:00:00,NA,NA,NA,NA,NA,NA,NA,NA,NA,NA,NA,NA,NA,NA,NA,NA,NA,",sn"
1843-03-21,NA,NA,NA,NA,NA,NA,NA,NA,NA,NA,NA,NA,NA,NA,NA,NA,NA,NA
1843-03-21 06:00:00,NA,NA,NA,NA,NA,NA,NA,NA,NA,NA,NA,NA,-6.67,NA,NA,NA,NA,NA
1843-03-21 09:00:00,NA,NA,NA,NA,NA,NA,NA,NA,NA,NA,NA,NA,NA,NA,NA,NA,NA,",skc"
1843-03-21 15:00:00,10,NA,NA,NA,NA,NA,1000.68,NA,NA,NA,NA,NA,0.56,NA,NA,NA,NA,",skc"
1843-03-21 21:00:00,NA,NA,NA,NA,NA,NA,NA,NA,NA,NA,NA,NA,NA,NA,NA,NA,NA,NA
1843-03-22,NA,NA,NA,NA,NA,NA,NA,NA,NA,NA,NA,NA,NA,NA,NA,NA,NA,NA
1843-03-22 06:00:00,NA,NA,NA,NA,NA,NA,NA,NA,NA,NA,NA,NA,-8.89,NA,NA,NA,NA,NA
1843-03-22 09:00:00,NA,NA,NA,NA,NA,NA,NA,NA,NA,NA,NA,NA,NA,NA,NA,NA,NA,",skc"
1843-03-22 15:00:00,13.33,NA,NA,NA,NA,NA,1005.76,NA,NA,NA,NA,NA,2.22,NA,NA,NA,NA,",skc"
1843-03-22 21:00:00,NA,NA,NA,NA,NA,NA,NA,NA,NA,NA,NA,NA,NA,NA,NA,NA,NA,NA
1843-03-23,NA,NA,NA,NA,NA,NA,NA,NA,NA,NA,NA,NA,NA,NA,NA,NA,NA,NA
1843-03-23 06:00:00,NA,NA,NA,NA,NA,NA,NA,NA,NA,NA,NA,NA,-12.22,NA,NA,NA,NA,NA
1843-03-23 09:00:00,NA,NA,NA,NA,NA,NA,NA,NA,NA,NA,NA,NA,NA,NA,NA,NA,NA,",skc"
1843-03-23 15:00:00,11.11,NA,NA,NA,NA,NA,997.63,NA,NA,NA,NA,NA,0.56,NA,NA,NA,NA,",skc"
1843-03-23 21:00:00,NA,NA,NA,NA,NA,NA,NA,NA,NA,NA,NA,NA,NA,NA,NA,NA,NA,NA
1843-03-24,NA,NA,NA,NA,NA,NA,NA,NA,NA,NA,NA,NA,NA,NA,NA,NA,NA,NA
1843-03-24 06:00:00,NA,NA,NA,NA,NA,NA,NA,NA,NA,NA,NA,NA,-6.67,NA,NA,NA,NA,NA
1843-03-24 09:00:00,NA,NA,NA,NA,NA,NA,NA,NA,NA,NA,NA,NA,NA,NA,NA,NA,NA,",sn"
1843-03-24 15:00:00,7.22,NA,NA,NA,NA,NA,988.83,NA,NA,NA,NA,NA,-2.22,NA,NA,NA,NA,",sn"
1843-03-24 21:00:00,NA,NA,NA,NA,NA,NA,NA,NA,NA,NA,NA,NA,NA,NA,NA,NA,NA,NA
1843-03-25,NA,NA,NA,NA,NA,NA,NA,NA,NA,NA,NA,NA,NA,NA,NA,NA,NA,NA
1843-03-25 06:00:00,NA,NA,NA,NA,NA,NA,NA,NA,NA,NA,NA,NA,-7.78,NA,NA,NA,NA,NA
1843-03-25 09:00:00,NA,NA,NA,NA,NA,NA,NA,NA,NA,NA,NA,NA,NA,NA,NA,NA,NA,",skc"
1843-03-25 15:00:00,8.33,NA,NA,NA,NA,NA,1010.16,NA,NA,NA,NA,NA,4.44,NA,NA,NA,NA,",skc"
1843-03-25 21:00:00,NA,NA,NA,NA,NA,NA,NA,NA,NA,NA,NA,NA,NA,NA,NA,NA,NA,NA
1843-03-26,NA,NA,NA,NA,NA,NA,NA,NA,NA,NA,NA,NA,NA,NA,NA,NA,NA,NA
1843-03-26 06:00:00,NA,NA,NA,NA,NA,NA,NA,NA,NA,NA,NA,NA,-6.67,NA,NA,NA,NA,NA
1843-03-26 09:00:00,NA,NA,NA,NA,NA,NA,NA,NA,NA,NA,NA,NA,NA,NA,NA,NA,NA,",sn"
1843-03-26 15:00:00,8.89,NA,NA,NA,NA,NA,1001.02,NA,NA,NA,NA,NA,0.56,NA,NA,NA,NA,",sn"
1843-03-26 21:00:00,NA,NA,NA,NA,NA,NA,NA,NA,NA,NA,NA,NA,NA,NA,NA,NA,NA,",sn"
1843-03-27,NA,NA,NA,NA,NA,NA,NA,NA,NA,NA,NA,NA,NA,NA,NA,NA,NA,NA
1843-03-27 06:00:00,NA,NA,NA,NA,NA,NA,NA,NA,NA,NA,NA,NA,-9.44,NA,NA,NA,NA,NA
1843-03-27 09:00:00,NA,NA,NA,NA,NA,NA,NA,NA,NA,NA,NA,NA,NA,NA,NA,NA,NA,",skc"
1843-03-27 15:00:00,10.56,NA,NA,NA,NA,NA,1017.61,NA,NA,NA,NA,NA,2.22,NA,NA,NA,NA,",skc"
1843-03-27 21:00:00,NA,NA,NA,NA,NA,NA,NA,NA,NA,NA,NA,NA,NA,NA,NA,NA,NA,",skc"
1843-03-28,NA,NA,NA,NA,NA,NA,NA,NA,NA,NA,NA,NA,NA,NA,NA,NA,NA,NA
1843-03-28 06:00:00,NA,NA,NA,NA,NA,NA,NA,NA,NA,NA,NA,NA,-13.89,NA,NA,NA,NA,NA
1843-03-28 09:00:00,NA,NA,NA,NA,NA,NA,NA,NA,NA,NA,NA,NA,NA,NA,NA,NA,NA,",skc"
1843-03-28 15:00:00,12.22,NA,NA,NA,NA,NA,1019.3,NA,NA,NA,NA,NA,5.56,NA,NA,NA,NA,",skc"
1843-03-28 21:00:00,NA,NA,NA,NA,NA,NA,NA,NA,NA,NA,NA,NA,NA,NA,NA,NA,NA,NA
1843-03-29,NA,NA,NA,NA,NA,NA,NA,NA,NA,NA,NA,NA,NA,NA,NA,NA,NA,NA
1843-03-29 06:00:00,NA,NA,NA,NA,NA,NA,NA,NA,NA,NA,NA,NA,-1.67,NA,NA,NA,NA,",ra"
1843-03-29 09:00:00,NA,NA,NA,NA,NA,NA,NA,NA,NA,NA,NA,NA,NA,NA,NA,NA,NA,",ra"
1843-03-29 15:00:00,8.33,NA,NA,NA,NA,NA,986.12,NA,NA,NA,NA,NA,5,NA,NA,NA,NA,",br"
1843-03-29 21:00:00,NA,NA,NA,NA,NA,NA,NA,NA,NA,NA,NA,NA,NA,NA,NA,NA,NA,",br"
1843-03-30,NA,NA,NA,NA,NA,NA,NA,NA,NA,NA,NA,NA,NA,NA,NA,NA,NA,NA
1843-03-30 06:00:00,NA,NA,NA,NA,NA,NA,NA,NA,NA,NA,NA,NA,-1.11,NA,NA,NA,NA,NA
1843-03-30 09:00:00,NA,NA,NA,NA,NA,NA,NA,NA,NA,NA,NA,NA,NA,NA,NA,NA,NA,",skc"
1843-03-30 15:00:00,7.22,NA,NA,NA,NA,NA,1003.73,NA,NA,NA,NA,NA,6.67,NA,NA,NA,NA,",skc"
1843-03-30 21:00:00,NA,NA,NA,NA,NA,NA,NA,NA,NA,NA,NA,NA,NA,NA,NA,NA,NA,NA
1843-03-31,NA,NA,NA,NA,NA,NA,NA,NA,NA,NA,NA,NA,NA,NA,NA,NA,NA,NA
1843-03-31 06:00:00,NA,NA,NA,NA,NA,NA,NA,NA,NA,NA,NA,NA,-10.56,NA,NA,NA,NA,NA
1843-03-31 09:00:00,NA,NA,NA,NA,NA,NA,NA,NA,NA,NA,NA,NA,NA,NA,NA,NA,NA,",skc"
1843-03-31 15:00:00,5.56,NA,NA,NA,NA,NA,1010.5,NA,NA,NA,NA,NA,-1.67,NA,NA,NA,NA,",skc"
1843-03-31 21:00:00,NA,NA,NA,NA,NA,NA,NA,NA,NA,NA,NA,NA,NA,NA,NA,NA,NA,NA
1843-04-01,NA,NA,NA,NA,NA,NA,NA,NA,NA,NA,NA,NA,NA,NA,NA,NA,NA,NA
1843-04-01 06:00:00,NA,NA,NA,NA,NA,NA,NA,NA,NA,NA,NA,NA,-3.33,NA,NA,NA,NA,NA
1843-04-01 09:00:00,NA,NA,NA,NA,NA,NA,NA,NA,NA,NA,NA,NA,NA,NA,NA,NA,NA,",skc"
1843-04-01 15:00:00,9.44,NA,NA,NA,NA,NA,1012.87,NA,NA,NA,NA,NA,3.89,NA,NA,NA,NA,",skc"
1843-04-01 21:00:00,NA,NA,NA,NA,NA,NA,NA,NA,NA,NA,NA,NA,NA,NA,NA,NA,NA,NA
1843-04-02,NA,NA,NA,NA,NA,NA,NA,NA,NA,NA,NA,NA,NA,NA,NA,NA,NA,NA
1843-04-02 06:00:00,NA,NA,NA,NA,NA,NA,NA,NA,NA,NA,NA,NA,0.56,NA,NA,NA,NA,",ra"
1843-04-02 09:00:00,NA,NA,NA,NA,NA,NA,NA,NA,NA,NA,NA,NA,NA,NA,NA,NA,NA,",ra"
1843-04-02 15:00:00,10,NA,NA,NA,NA,NA,991.53,NA,NA,NA,NA,NA,1.67,NA,NA,NA,NA,",sn"
1843-04-02 21:00:00,NA,NA,NA,NA,NA,NA,NA,NA,NA,NA,NA,NA,NA,NA,NA,NA,NA,",sn"
1843-04-03,NA,NA,NA,NA,NA,NA,NA,NA,NA,NA,NA,NA,NA,NA,NA,NA,NA,NA
1843-04-03 06:00:00,NA,NA,NA,NA,NA,NA,NA,NA,NA,NA,NA,NA,-0.56,NA,NA,NA,NA,NA
1843-04-03 09:00:00,NA,NA,NA,NA,NA,NA,NA,NA,NA,NA,NA,NA,NA,NA,NA,NA,NA,",bkn"
1843-04-03 15:00:00,11.11,NA,NA,NA,NA,NA,1000.34,NA,NA,NA,NA,NA,2.78,NA,NA,NA,NA,",bkn"
1843-04-03 21:00:00,NA,NA,NA,NA,NA,NA,NA,NA,NA,NA,NA,NA,NA,NA,NA,NA,NA,NA
1843-04-04,NA,NA,NA,NA,NA,NA,NA,NA,NA,NA,NA,NA,NA,NA,NA,NA,NA,NA
1843-04-04 06:00:00,NA,NA,NA,NA,NA,NA,NA,NA,NA,NA,NA,NA,-2.22,NA,NA,NA,NA,NA
1843-04-04 09:00:00,NA,NA,NA,NA,NA,NA,NA,NA,NA,NA,NA,NA,NA,NA,NA,NA,NA,",skc"
1843-04-04 15:00:00,12.22,NA,NA,NA,NA,NA,1017.61,NA,NA,NA,NA,NA,3.33,NA,NA,NA,NA,",skc"
1843-04-04 21:00:00,NA,NA,NA,NA,NA,NA,NA,NA,NA,NA,NA,NA,NA,NA,NA,NA,NA,NA
1843-04-05,NA,NA,NA,NA,NA,NA,NA,NA,NA,NA,NA,NA,NA,NA,NA,NA,NA,NA
1843-04-05 06:00:00,NA,NA,NA,NA,NA,NA,NA,NA,NA,NA,NA,NA,-2.22,NA,NA,NA,NA,NA
1843-04-05 09:00:00,NA,NA,NA,NA,NA,NA,NA,NA,NA,NA,NA,NA,NA,NA,NA,NA,NA,",bkn"
1843-04-05 15:00:00,10.56,NA,NA,NA,NA,NA,1021.33,NA,NA,NA,NA,NA,11.67,NA,NA,NA,NA,",bkn"
1843-04-05 21:00:00,NA,NA,NA,NA,NA,NA,NA,NA,NA,NA,NA,NA,NA,NA,NA,NA,NA,NA
1843-04-06,NA,NA,NA,NA,NA,NA,NA,NA,NA,NA,NA,NA,NA,NA,NA,NA,NA,NA
1843-04-06 06:00:00,NA,NA,NA,NA,NA,NA,NA,NA,NA,NA,NA,NA,-3.89,NA,NA,NA,NA,",sn"
1843-04-06 09:00:00,NA,NA,NA,NA,NA,NA,NA,NA,NA,NA,NA,NA,NA,NA,NA,NA,NA,",sn"
1843-04-06 15:00:00,6.11,NA,NA,NA,NA,NA,993.23,NA,NA,NA,NA,NA,2.78,NA,NA,NA,NA,",ra"
1843-04-06 21:00:00,NA,NA,NA,NA,NA,NA,NA,NA,NA,NA,NA,NA,NA,NA,NA,NA,NA,",ra"
1843-04-07,NA,NA,NA,NA,NA,NA,NA,NA,NA,NA,NA,NA,NA,NA,NA,NA,NA,NA
1843-04-07 06:00:00,NA,NA,NA,NA,NA,NA,NA,NA,NA,NA,NA,NA,-0.56,NA,NA,NA,NA,NA
1843-04-07 09:00:00,NA,NA,NA,NA,NA,NA,NA,NA,NA,NA,NA,NA,NA,NA,NA,NA,NA,",bkn"
1843-04-07 15:00:00,8.33,NA,NA,NA,NA,NA,991.2,NA,NA,NA,NA,NA,7.78,NA,NA,NA,NA,",bkn"
1843-04-07 21:00:00,NA,NA,NA,NA,NA,NA,NA,NA,NA,NA,NA,NA,NA,NA,NA,NA,NA,NA
1843-04-08,NA,NA,NA,NA,NA,NA,NA,NA,NA,NA,NA,NA,NA,NA,NA,NA,NA,NA
1843-04-08 06:00:00,NA,NA,NA,NA,NA,NA,NA,NA,NA,NA,NA,NA,-2.22,NA,NA,NA,NA,",sn"
1843-04-08 09:00:00,NA,NA,NA,NA,NA,NA,NA,NA,NA,NA,NA,NA,NA,NA,NA,NA,NA,NA
1843-04-08 15:00:00,9.44,NA,NA,NA,NA,NA,991.87,NA,NA,NA,NA,NA,10,NA,NA,NA,NA,",bkn"
1843-04-08 21:00:00,NA,NA,NA,NA,NA,NA,NA,NA,NA,NA,NA,NA,NA,NA,NA,NA,NA,",bkn"
1843-04-09,NA,NA,NA,NA,NA,NA,NA,NA,NA,NA,NA,NA,NA,NA,NA,NA,NA,NA
1843-04-09 06:00:00,NA,NA,NA,NA,NA,NA,NA,NA,NA,NA,NA,NA,2.22,NA,NA,NA,NA,NA
1843-04-09 09:00:00,NA,NA,NA,NA,NA,NA,NA,NA,NA,NA,NA,NA,NA,NA,NA,NA,NA,",skc"
1843-04-09 15:00:00,12.22,NA,NA,NA,NA,NA,988.15,NA,NA,NA,NA,NA,15,NA,NA,NA,NA,",skc"
1843-04-09 21:00:00,NA,NA,NA,NA,NA,NA,NA,NA,NA,NA,NA,NA,NA,NA,NA,NA,NA,NA
1843-04-10,NA,NA,NA,NA,NA,NA,NA,NA,NA,NA,NA,NA,NA,NA,NA,NA,NA,NA
1843-04-10 06:00:00,NA,NA,NA,NA,NA,NA,NA,NA,NA,NA,NA,NA,-0.56,NA,NA,NA,NA,NA
1843-04-10 09:00:00,NA,NA,NA,NA,NA,NA,NA,NA,NA,NA,NA,NA,NA,NA,NA,NA,NA,",sn"
1843-04-10 15:00:00,8.33,NA,NA,NA,NA,NA,982.39,NA,NA,NA,NA,NA,2.22,NA,NA,NA,NA,",sn"
1843-04-10 21:00:00,NA,NA,NA,NA,NA,NA,NA,NA,NA,NA,NA,NA,NA,NA,NA,NA,NA,NA
1843-04-11,NA,NA,NA,NA,NA,NA,NA,NA,NA,NA,NA,NA,NA,NA,NA,NA,NA,NA
1843-04-11 06:00:00,NA,NA,NA,NA,NA,NA,NA,NA,NA,NA,NA,NA,-5,NA,NA,NA,NA,NA
1843-04-11 09:00:00,NA,NA,NA,NA,NA,NA,NA,NA,NA,NA,NA,NA,NA,NA,NA,NA,NA,",skc"
1843-04-11 15:00:00,9.44,NA,NA,NA,NA,NA,995.94,NA,NA,NA,NA,NA,10.56,NA,NA,NA,NA,",skc"
1843-04-11 21:00:00,NA,NA,NA,NA,NA,NA,NA,NA,NA,NA,NA,NA,NA,NA,NA,NA,NA,NA
1843-04-12,NA,NA,NA,NA,NA,NA,NA,NA,NA,NA,NA,NA,NA,NA,NA,NA,NA,NA
1843-04-12 06:00:00,NA,NA,NA,NA,NA,NA,NA,NA,NA,NA,NA,NA,-1.11,NA,NA,NA,NA,NA
1843-04-12 09:00:00,NA,NA,NA,NA,NA,NA,NA,NA,NA,NA,NA,NA,NA,NA,NA,NA,NA,",skc"
1843-04-12 15:00:00,8.89,NA,NA,NA,NA,NA,1007.45,NA,NA,NA,NA,NA,7.78,NA,NA,NA,NA,",skc"
1843-04-12 21:00:00,NA,NA,NA,NA,NA,NA,NA,NA,NA,NA,NA,NA,NA,NA,NA,NA,NA,NA
1843-04-13,NA,NA,NA,NA,NA,NA,NA,NA,NA,NA,NA,NA,NA,NA,NA,NA,NA,NA
1843-04-13 06:00:00,NA,NA,NA,NA,NA,NA,NA,NA,NA,NA,NA,NA,-1.11,NA,NA,NA,NA,NA
1843-04-13 09:00:00,NA,NA,NA,NA,NA,NA,NA,NA,NA,NA,NA,NA,NA,NA,NA,NA,NA,",skc"
1843-04-13 15:00:00,11.11,NA,NA,NA,NA,NA,1017.27,NA,NA,NA,NA,NA,10,NA,NA,NA,NA,",skc"
1843-04-13 21:00:00,NA,NA,NA,NA,NA,NA,NA,NA,NA,NA,NA,NA,NA,NA,NA,NA,NA,NA
1843-04-14,NA,NA,NA,NA,NA,NA,NA,NA,NA,NA,NA,NA,NA,NA,NA,NA,NA,NA
1843-04-14 06:00:00,NA,NA,NA,NA,NA,NA,NA,NA,NA,NA,NA,NA,-2.78,NA,NA,NA,NA,NA
1843-04-14 09:00:00,NA,NA,NA,NA,NA,NA,NA,NA,NA,NA,NA,NA,NA,NA,NA,NA,NA,",skc"
1843-04-14 15:00:00,15,NA,NA,NA,NA,NA,1018.63,NA,NA,NA,NA,NA,15.56,NA,NA,NA,NA,",skc"
1843-04-14 21:00:00,NA,NA,NA,NA,NA,NA,NA,NA,NA,NA,NA,NA,NA,NA,NA,NA,NA,NA
1843-04-15,NA,NA,NA,NA,NA,NA,NA,NA,NA,NA,NA,NA,NA,NA,NA,NA,NA,NA
1843-04-15 06:00:00,NA,NA,NA,NA,NA,NA,NA,NA,NA,NA,NA,NA,2.78,NA,NA,NA,NA,",sh"
1843-04-15 09:00:00,NA,NA,NA,NA,NA,NA,NA,NA,NA,NA,NA,NA,NA,NA,NA,NA,NA,",sh"
1843-04-15 15:00:00,16.11,NA,NA,NA,NA,NA,1023.71,NA,NA,NA,NA,NA,19.44,NA,NA,NA,NA,",sh"
1843-04-15 21:00:00,NA,NA,NA,NA,NA,NA,NA,NA,NA,NA,NA,NA,NA,NA,NA,NA,NA,",skc"
1843-04-16,NA,NA,NA,NA,NA,NA,NA,NA,NA,NA,NA,NA,NA,NA,NA,NA,NA,NA
1843-04-16 06:00:00,NA,NA,NA,NA,NA,NA,NA,NA,NA,NA,NA,NA,6.11,NA,NA,NA,NA,NA
1843-04-16 09:00:00,NA,NA,NA,NA,NA,NA,NA,NA,NA,NA,NA,NA,NA,NA,NA,NA,NA,",skc"
1843-04-16 15:00:00,16.67,NA,NA,NA,NA,NA,1012.87,NA,NA,NA,NA,NA,20,NA,NA,NA,NA,",skc"
1843-04-16 21:00:00,NA,NA,NA,NA,NA,NA,NA,NA,NA,NA,NA,NA,NA,NA,NA,NA,NA,NA
1843-04-17,NA,NA,NA,NA,NA,NA,NA,NA,NA,NA,NA,NA,NA,NA,NA,NA,NA,NA
1843-04-17 06:00:00,NA,NA,NA,NA,NA,NA,NA,NA,NA,NA,NA,NA,0,NA,NA,NA,NA,NA
1843-04-17 09:00:00,NA,NA,NA,NA,NA,NA,NA,NA,NA,NA,NA,NA,NA,NA,NA,NA,NA,",ra"
1843-04-17 15:00:00,NA,NA,NA,NA,NA,NA,NA,NA,NA,NA,NA,NA,12.78,NA,NA,NA,NA,",ra"
1843-04-17 21:00:00,NA,NA,NA,NA,NA,NA,NA,NA,NA,NA,NA,NA,NA,NA,NA,NA,NA,NA
1843-04-18,NA,NA,NA,NA,NA,NA,NA,NA,NA,NA,NA,NA,NA,NA,NA,NA,NA,NA
1843-04-18 06:00:00,NA,NA,NA,NA,NA,NA,NA,NA,NA,NA,NA,NA,-6.11,NA,NA,NA,NA,NA
1843-04-18 09:00:00,NA,NA,NA,NA,NA,NA,NA,NA,NA,NA,NA,NA,NA,NA,NA,NA,NA,",skc"
1843-04-18 15:00:00,10,NA,NA,NA,NA,NA,1019.64,NA,NA,NA,NA,NA,5.56,NA,NA,NA,NA,",skc"
1843-04-18 21:00:00,NA,NA,NA,NA,NA,NA,NA,NA,NA,NA,NA,NA,NA,NA,NA,NA,NA,NA
1843-04-19,NA,NA,NA,NA,NA,NA,NA,NA,NA,NA,NA,NA,NA,NA,NA,NA,NA,NA
1843-04-19 06:00:00,NA,NA,NA,NA,NA,NA,NA,NA,NA,NA,NA,NA,-3.89,NA,NA,NA,NA,NA
1843-04-19 09:00:00,NA,NA,NA,NA,NA,NA,NA,NA,NA,NA,NA,NA,NA,NA,NA,NA,NA,",skc"
1843-04-19 15:00:00,10,NA,NA,NA,NA,NA,1021.67,NA,NA,NA,NA,NA,12.22,NA,NA,NA,NA,",skc"
1843-04-19 21:00:00,NA,NA,NA,NA,NA,NA,NA,NA,NA,NA,NA,NA,NA,NA,NA,NA,NA,NA
1843-04-20,NA,NA,NA,NA,NA,NA,NA,NA,NA,NA,NA,NA,NA,NA,NA,NA,NA,NA
1843-04-20 06:00:00,NA,NA,NA,NA,NA,NA,NA,NA,NA,NA,NA,NA,-4.44,NA,NA,NA,NA,NA
1843-04-20 09:00:00,NA,NA,NA,NA,NA,NA,NA,NA,NA,NA,NA,NA,NA,NA,NA,NA,NA,",skc"
1843-04-20 15:00:00,10.56,NA,NA,NA,NA,NA,1018.63,NA,NA,NA,NA,NA,16.11,NA,NA,NA,NA,",skc"
1843-04-20 21:00:00,NA,NA,NA,NA,NA,NA,NA,NA,NA,NA,NA,NA,NA,NA,NA,NA,NA,NA
1843-04-21,NA,NA,NA,NA,NA,NA,NA,NA,NA,NA,NA,NA,NA,NA,NA,NA,NA,NA
1843-04-21 06:00:00,NA,NA,NA,NA,NA,NA,NA,NA,NA,NA,NA,NA,-1.67,NA,NA,NA,NA,",bkn"
1843-04-21 09:00:00,NA,NA,NA,NA,NA,NA,NA,NA,NA,NA,NA,NA,NA,NA,NA,NA,NA,",bkn"
1843-04-21 15:00:00,12.78,NA,NA,NA,NA,NA,1010.16,NA,NA,NA,NA,NA,18.33,NA,NA,NA,NA,",skc"
1843-04-21 21:00:00,NA,NA,NA,NA,NA,NA,NA,NA,NA,NA,NA,NA,NA,NA,NA,NA,NA,",skc"
1843-04-22,NA,NA,NA,NA,NA,NA,NA,NA,NA,NA,NA,NA,NA,NA,NA,NA,NA,NA
1843-04-22 06:00:00,NA,NA,NA,NA,NA,NA,NA,NA,NA,NA,NA,NA,-6.11,NA,NA,NA,NA,NA
1843-04-22 09:00:00,NA,NA,NA,NA,NA,NA,NA,NA,NA,NA,NA,NA,NA,NA,NA,NA,NA,",skc"
1843-04-22 15:00:00,10.56,NA,NA,NA,NA,NA,1016.93,NA,NA,NA,NA,NA,6.67,NA,NA,NA,NA,",skc"
1843-04-22 21:00:00,NA,NA,NA,NA,NA,NA,NA,NA,NA,NA,NA,NA,NA,NA,NA,NA,NA,NA
1843-04-23,NA,NA,NA,NA,NA,NA,NA,NA,NA,NA,NA,NA,NA,NA,NA,NA,NA,NA
1843-04-23 06:00:00,NA,NA,NA,NA,NA,NA,NA,NA,NA,NA,NA,NA,-7.22,NA,NA,NA,NA,NA
1843-04-23 09:00:00,NA,NA,NA,NA,NA,NA,NA,NA,NA,NA,NA,NA,NA,NA,NA,NA,NA,",skc"
1843-04-23 15:00:00,11.67,NA,NA,NA,NA,NA,1017.27,NA,NA,NA,NA,NA,16.11,NA,NA,NA,NA,",skc"
1843-04-23 21:00:00,NA,NA,NA,NA,NA,NA,NA,NA,NA,NA,NA,NA,NA,NA,NA,NA,NA,NA
1843-04-24,NA,NA,NA,NA,NA,NA,NA,NA,NA,NA,NA,NA,NA,NA,NA,NA,NA,NA
1843-04-24 06:00:00,NA,NA,NA,NA,NA,NA,NA,NA,NA,NA,NA,NA,2.22,NA,NA,NA,NA,",sh"
1843-04-24 09:00:00,NA,NA,NA,NA,NA,NA,NA,NA,NA,NA,NA,NA,NA,NA,NA,NA,NA,",sh"
1843-04-24 15:00:00,12.22,NA,NA,NA,NA,NA,1014.22,NA,NA,NA,NA,NA,15,NA,NA,NA,NA,",skc"
1843-04-24 21:00:00,NA,NA,NA,NA,NA,NA,NA,NA,NA,NA,NA,NA,NA,NA,NA,NA,NA,",skc"
1843-04-25,NA,NA,NA,NA,NA,NA,NA,NA,NA,NA,NA,NA,NA,NA,NA,NA,NA,NA
1843-04-25 06:00:00,NA,NA,NA,NA,NA,NA,NA,NA,NA,NA,NA,NA,4.44,NA,NA,NA,NA,NA
1843-04-25 09:00:00,NA,NA,NA,NA,NA,NA,NA,NA,NA,NA,NA,NA,NA,NA,NA,NA,NA,",skc"
1843-04-25 15:00:00,15.56,NA,NA,NA,NA,NA,1012.19,NA,NA,NA,NA,NA,20,NA,NA,NA,NA,",skc"
1843-04-25 21:00:00,NA,NA,NA,NA,NA,NA,NA,NA,NA,NA,NA,NA,NA,NA,NA,NA,NA,NA
1843-04-26,NA,NA,NA,NA,NA,NA,NA,NA,NA,NA,NA,NA,NA,NA,NA,NA,NA,NA
1843-04-26 06:00:00,NA,NA,NA,NA,NA,NA,NA,NA,NA,NA,NA,NA,1.67,NA,NA,NA,NA,NA
1843-04-26 09:00:00,NA,NA,NA,NA,NA,NA,NA,NA,NA,NA,NA,NA,NA,NA,NA,NA,NA,",skc"
1843-04-26 15:00:00,15.56,NA,NA,NA,NA,NA,1017.61,NA,NA,NA,NA,NA,19.44,NA,NA,NA,NA,",skc"
1843-04-26 21:00:00,NA,NA,NA,NA,NA,NA,NA,NA,NA,NA,NA,NA,NA,NA,NA,NA,NA,NA
1843-04-27,NA,NA,NA,NA,NA,NA,NA,NA,NA,NA,NA,NA,NA,NA,NA,NA,NA,NA
1843-04-27 06:00:00,NA,NA,NA,NA,NA,NA,NA,NA,NA,NA,NA,NA,3.33,NA,NA,NA,NA,NA
1843-04-27 09:00:00,NA,NA,NA,NA,NA,NA,NA,NA,NA,NA,NA,NA,NA,NA,NA,NA,NA,",bkn"
1843-04-27 15:00:00,17.78,NA,NA,NA,NA,NA,1000.68,NA,NA,NA,NA,NA,14.44,NA,NA,NA,NA,",bkn"
1843-04-27 21:00:00,NA,NA,NA,NA,NA,NA,NA,NA,NA,NA,NA,NA,NA,NA,NA,NA,NA,NA
1843-04-28,NA,NA,NA,NA,NA,NA,NA,NA,NA,NA,NA,NA,NA,NA,NA,NA,NA,NA
1843-04-28 06:00:00,NA,NA,NA,NA,NA,NA,NA,NA,NA,NA,NA,NA,4.44,NA,NA,NA,NA,",ra"
1843-04-28 09:00:00,NA,NA,NA,NA,NA,NA,NA,NA,NA,NA,NA,NA,NA,NA,NA,NA,NA,",sn"
1843-04-28 15:00:00,13.33,NA,NA,NA,NA,NA,1000,NA,NA,NA,NA,NA,1.67,NA,NA,NA,NA,",sn"
1843-04-28 21:00:00,NA,NA,NA,NA,NA,NA,NA,NA,NA,NA,NA,NA,NA,NA,NA,NA,NA,",rn +sn +ip"
1843-04-29,NA,NA,NA,NA,NA,NA,NA,NA,NA,NA,NA,NA,NA,NA,NA,NA,NA,NA
1843-04-29 06:00:00,NA,NA,NA,NA,NA,NA,NA,NA,NA,NA,NA,NA,-2.22,NA,NA,NA,NA,NA
1843-04-29 09:00:00,NA,NA,NA,NA,NA,NA,NA,NA,NA,NA,NA,NA,NA,NA,NA,NA,NA,",bkn"
1843-04-29 15:00:00,8.33,NA,NA,NA,NA,NA,1007.45,NA,NA,NA,NA,NA,5.56,NA,NA,NA,NA,",bkn"
1843-04-29 21:00:00,NA,NA,NA,NA,NA,NA,NA,NA,NA,NA,NA,NA,NA,NA,NA,NA,NA,NA
1843-04-30,NA,NA,NA,NA,NA,NA,NA,NA,NA,NA,NA,NA,NA,NA,NA,NA,NA,NA
1843-04-30 06:00:00,NA,NA,NA,NA,NA,NA,NA,NA,NA,NA,NA,NA,-5,NA,NA,NA,NA,NA
1843-04-30 09:00:00,NA,NA,NA,NA,NA,NA,NA,NA,NA,NA,NA,NA,NA,NA,NA,NA,NA,",skc"
1843-04-30 15:00:00,10,NA,NA,NA,NA,NA,1021,NA,NA,NA,NA,NA,4.44,NA,NA,NA,NA,",skc"
1843-04-30 21:00:00,NA,NA,NA,NA,NA,NA,NA,NA,NA,NA,NA,NA,NA,NA,NA,NA,NA,NA
1843-05-01,NA,NA,NA,NA,NA,NA,NA,NA,NA,NA,NA,NA,NA,NA,NA,NA,NA,NA
1843-05-01 06:00:00,NA,NA,NA,NA,NA,NA,NA,NA,NA,NA,NA,NA,-6.67,NA,NA,NA,NA,NA
1843-05-01 09:00:00,NA,NA,NA,NA,NA,NA,NA,NA,NA,NA,NA,NA,NA,NA,NA,NA,NA,",skc"
1843-05-01 15:00:00,10,NA,NA,NA,NA,NA,1024.38,NA,NA,NA,NA,NA,8.89,NA,NA,NA,NA,",skc"
1843-05-01 21:00:00,NA,NA,NA,NA,NA,NA,NA,NA,NA,NA,NA,NA,NA,NA,NA,NA,NA,NA
1843-05-02,NA,NA,NA,NA,NA,NA,NA,NA,NA,NA,NA,NA,NA,NA,NA,NA,NA,NA
1843-05-02 06:00:00,NA,NA,NA,NA,NA,NA,NA,NA,NA,NA,NA,NA,-1.67,NA,NA,NA,NA,",bkn"
1843-05-02 09:00:00,NA,NA,NA,NA,NA,NA,NA,NA,NA,NA,NA,NA,NA,NA,NA,NA,NA,",bkn"
1843-05-02 15:00:00,11.11,NA,NA,NA,NA,NA,1018.29,NA,NA,NA,NA,NA,6.67,NA,NA,NA,NA,",ra"
1843-05-02 21:00:00,NA,NA,NA,NA,NA,NA,NA,NA,NA,NA,NA,NA,NA,NA,NA,NA,NA,",ra"
1843-05-03,NA,NA,NA,NA,NA,NA,NA,NA,NA,NA,NA,NA,NA,NA,NA,NA,NA,NA
1843-05-03 06:00:00,NA,NA,NA,NA,NA,NA,NA,NA,NA,NA,NA,NA,3.33,NA,NA,NA,NA,NA
1843-05-03 09:00:00,NA,NA,NA,NA,NA,NA,NA,NA,NA,NA,NA,NA,NA,NA,NA,NA,NA,",skc"
1843-05-03 15:00:00,11.67,NA,NA,NA,NA,NA,1023.71,NA,NA,NA,NA,NA,10.56,NA,NA,NA,NA,",skc"
1843-05-03 21:00:00,NA,NA,NA,NA,NA,NA,NA,NA,NA,NA,NA,NA,NA,NA,NA,NA,NA,NA
1843-05-04,NA,NA,NA,NA,NA,NA,NA,NA,NA,NA,NA,NA,NA,NA,NA,NA,NA,NA
1843-05-04 06:00:00,NA,NA,NA,NA,NA,NA,NA,NA,NA,NA,NA,NA,3.33,NA,NA,NA,NA,NA
1843-05-04 09:00:00,NA,NA,NA,NA,NA,NA,NA,NA,NA,NA,NA,NA,NA,NA,NA,NA,NA,",bkn"
1843-05-04 15:00:00,12.22,NA,NA,NA,NA,NA,1022.69,NA,NA,NA,NA,NA,11.11,NA,NA,NA,NA,",bkn"
1843-05-04 21:00:00,NA,NA,NA,NA,NA,NA,NA,NA,NA,NA,NA,NA,NA,NA,NA,NA,NA,NA
1843-05-05,NA,NA,NA,NA,NA,NA,NA,NA,NA,NA,NA,NA,NA,NA,NA,NA,NA,NA
1843-05-05 06:00:00,NA,NA,NA,NA,NA,NA,NA,NA,NA,NA,NA,NA,1.11,NA,NA,NA,NA,",ra"
1843-05-05 09:00:00,NA,NA,NA,NA,NA,NA,NA,NA,NA,NA,NA,NA,NA,NA,NA,NA,NA,",skc"
1843-05-05 15:00:00,11.11,NA,NA,NA,NA,NA,1017.27,NA,NA,NA,NA,NA,4.44,NA,NA,NA,NA,",skc"
1843-05-05 21:00:00,NA,NA,NA,NA,NA,NA,NA,NA,NA,NA,NA,NA,NA,NA,NA,NA,NA,NA
1843-05-06,NA,NA,NA,NA,NA,NA,NA,NA,NA,NA,NA,NA,NA,NA,NA,NA,NA,NA
1843-05-06 06:00:00,NA,NA,NA,NA,NA,NA,NA,NA,NA,NA,NA,NA,-4.44,NA,NA,NA,NA,",skc"
1843-05-06 09:00:00,NA,NA,NA,NA,NA,NA,NA,NA,NA,NA,NA,NA,NA,NA,NA,NA,NA,",skc"
1843-05-06 15:00:00,9.44,NA,NA,NA,NA,NA,1015.24,NA,NA,NA,NA,NA,10.56,NA,NA,NA,NA,",skc"
1843-05-06 21:00:00,NA,NA,NA,NA,NA,NA,NA,NA,NA,NA,NA,NA,NA,NA,NA,NA,NA,NA
1843-05-07,NA,NA,NA,NA,NA,NA,NA,NA,NA,NA,NA,NA,NA,NA,NA,NA,NA,NA
1843-05-07 06:00:00,NA,NA,NA,NA,NA,NA,NA,NA,NA,NA,NA,NA,1.11,NA,NA,NA,NA,NA
1843-05-07 09:00:00,NA,NA,NA,NA,NA,NA,NA,NA,NA,NA,NA,NA,NA,NA,NA,NA,NA,",sh"
1843-05-07 15:00:00,11.11,NA,NA,NA,NA,NA,1015.24,NA,NA,NA,NA,NA,10,NA,NA,NA,NA,",sh"
1843-05-07 21:00:00,NA,NA,NA,NA,NA,NA,NA,NA,NA,NA,NA,NA,NA,NA,NA,NA,NA,NA
1843-05-08,NA,NA,NA,NA,NA,NA,NA,NA,NA,NA,NA,NA,NA,NA,NA,NA,NA,NA
1843-05-08 06:00:00,NA,NA,NA,NA,NA,NA,NA,NA,NA,NA,NA,NA,5,NA,NA,NA,NA,NA
1843-05-08 09:00:00,NA,NA,NA,NA,NA,NA,NA,NA,NA,NA,NA,NA,NA,NA,NA,NA,NA,",sh"
1843-05-08 15:00:00,11.11,NA,NA,NA,NA,NA,1008.13,NA,NA,NA,NA,NA,10,NA,NA,NA,NA,",sh"
1843-05-08 21:00:00,NA,NA,NA,NA,NA,NA,NA,NA,NA,NA,NA,NA,NA,NA,NA,NA,NA,NA
1843-05-09,NA,NA,NA,NA,NA,NA,NA,NA,NA,NA,NA,NA,NA,NA,NA,NA,NA,NA
1843-05-09 06:00:00,NA,NA,NA,NA,NA,NA,NA,NA,NA,NA,NA,NA,2.78,NA,NA,NA,NA,",bkn"
1843-05-09 09:00:00,NA,NA,NA,NA,NA,NA,NA,NA,NA,NA,NA,NA,NA,NA,NA,NA,NA,",bkn"
1843-05-09 15:00:00,10,NA,NA,NA,NA,NA,1006.77,NA,NA,NA,NA,NA,8.89,NA,NA,NA,NA,",skc"
1843-05-09 21:00:00,NA,NA,NA,NA,NA,NA,NA,NA,NA,NA,NA,NA,NA,NA,NA,NA,NA,",skc"
1843-05-10,NA,NA,NA,NA,NA,NA,NA,NA,NA,NA,NA,NA,NA,NA,NA,NA,NA,NA
1843-05-10 06:00:00,NA,NA,NA,NA,NA,NA,NA,NA,NA,NA,NA,NA,-4.72,NA,NA,NA,NA,NA
1843-05-10 09:00:00,NA,NA,NA,NA,NA,NA,NA,NA,NA,NA,NA,NA,NA,NA,NA,NA,NA,",skc"
1843-05-10 15:00:00,15.56,NA,NA,NA,NA,NA,1019.3,NA,NA,NA,NA,NA,12.78,NA,NA,NA,NA,",skc"
1843-05-10 21:00:00,NA,NA,NA,NA,NA,NA,NA,NA,NA,NA,NA,NA,NA,NA,NA,NA,NA,",skc"
1843-05-11,NA,NA,NA,NA,NA,NA,NA,NA,NA,NA,NA,NA,NA,NA,NA,NA,NA,NA
1843-05-11 06:00:00,NA,NA,NA,NA,NA,NA,NA,NA,NA,NA,NA,NA,-3.33,NA,NA,NA,NA,NA
1843-05-11 09:00:00,NA,NA,NA,NA,NA,NA,NA,NA,NA,NA,NA,NA,NA,NA,NA,NA,NA,",skc"
1843-05-11 15:00:00,14.44,NA,NA,NA,NA,NA,1018.63,NA,NA,NA,NA,NA,20.56,NA,NA,NA,NA,",skc"
1843-05-11 21:00:00,NA,NA,NA,NA,NA,NA,NA,NA,NA,NA,NA,NA,NA,NA,NA,NA,NA,",skc"
1843-05-12,NA,NA,NA,NA,NA,NA,NA,NA,NA,NA,NA,NA,NA,NA,NA,NA,NA,NA
1843-05-12 06:00:00,NA,NA,NA,NA,NA,NA,NA,NA,NA,NA,NA,NA,3.89,NA,NA,NA,NA,NA
1843-05-12 09:00:00,NA,NA,NA,NA,NA,NA,NA,NA,NA,NA,NA,NA,NA,NA,NA,NA,NA,",skc"
1843-05-12 15:00:00,12.22,NA,NA,NA,NA,NA,1013.21,NA,NA,NA,NA,NA,7.22,NA,NA,NA,NA,",skc"
1843-05-12 21:00:00,NA,NA,NA,NA,NA,NA,NA,NA,NA,NA,NA,NA,NA,NA,NA,NA,NA,",skc"
1843-05-13,NA,NA,NA,NA,NA,NA,NA,NA,NA,NA,NA,NA,NA,NA,NA,NA,NA,NA
1843-05-13 06:00:00,NA,NA,NA,NA,NA,NA,NA,NA,NA,NA,NA,NA,-5,NA,NA,NA,NA,NA
1843-05-13 09:00:00,NA,NA,NA,NA,NA,NA,NA,NA,NA,NA,NA,NA,NA,NA,NA,NA,NA,",skc"
1843-05-13 15:00:00,11.11,NA,NA,NA,NA,NA,1013.55,NA,NA,NA,NA,NA,10.56,NA,NA,NA,NA,",skc"
1843-05-13 21:00:00,NA,NA,NA,NA,NA,NA,NA,NA,NA,NA,NA,NA,NA,NA,NA,NA,NA,",skc"
1843-05-14,NA,NA,NA,NA,NA,NA,NA,NA,NA,NA,NA,NA,NA,NA,NA,NA,NA,NA
1843-05-14 06:00:00,NA,NA,NA,NA,NA,NA,NA,NA,NA,NA,NA,NA,-2.78,NA,NA,NA,NA,NA
1843-05-14 09:00:00,NA,NA,NA,NA,NA,NA,NA,NA,NA,NA,NA,NA,NA,NA,NA,NA,NA,",skc"
1843-05-14 15:00:00,13.33,NA,NA,NA,NA,NA,1015.24,NA,NA,NA,NA,NA,18.33,NA,NA,NA,NA,",skc"
1843-05-14 21:00:00,NA,NA,NA,NA,NA,NA,NA,NA,NA,NA,NA,NA,NA,NA,NA,NA,NA,",skc"
1843-05-15,NA,NA,NA,NA,NA,NA,NA,NA,NA,NA,NA,NA,NA,NA,NA,NA,NA,NA
1843-05-15 06:00:00,NA,NA,NA,NA,NA,NA,NA,NA,NA,NA,NA,NA,4.44,NA,NA,NA,NA,NA
1843-05-15 09:00:00,NA,NA,NA,NA,NA,NA,NA,NA,NA,NA,NA,NA,NA,NA,NA,NA,NA,",skc"
1843-05-15 15:00:00,18.33,NA,NA,NA,NA,NA,1011.51,NA,NA,NA,NA,NA,21.11,NA,NA,NA,NA,",skc"
1843-05-15 21:00:00,NA,NA,NA,NA,NA,NA,NA,NA,NA,NA,NA,NA,NA,NA,NA,NA,NA,",skc"
1843-05-16,NA,NA,NA,NA,NA,NA,NA,NA,NA,NA,NA,NA,NA,NA,NA,NA,NA,",lt,"
1843-05-16 06:00:00,NA,NA,NA,NA,NA,NA,NA,NA,NA,NA,NA,NA,11.67,NA,NA,NA,NA,NA
1843-05-16 09:00:00,NA,NA,NA,NA,NA,NA,NA,NA,NA,NA,NA,NA,NA,NA,NA,NA,NA,",skc"
1843-05-16 15:00:00,20,NA,NA,NA,NA,NA,1004.06,NA,NA,NA,NA,NA,24.44,NA,NA,NA,NA,",skc"
1843-05-16 21:00:00,NA,NA,NA,NA,NA,NA,NA,NA,NA,NA,NA,NA,NA,NA,NA,NA,NA,",skc"
1843-05-17,NA,NA,NA,NA,NA,NA,NA,NA,NA,NA,NA,NA,NA,NA,NA,NA,NA,NA
1843-05-17 06:00:00,NA,NA,NA,NA,NA,NA,NA,NA,NA,NA,NA,NA,8.89,NA,NA,NA,NA,NA
1843-05-17 09:00:00,NA,NA,NA,NA,NA,NA,NA,NA,NA,NA,NA,NA,NA,NA,NA,NA,NA,",skc"
1843-05-17 15:00:00,22.22,NA,NA,NA,NA,NA,1003.39,NA,NA,NA,NA,NA,26.67,NA,NA,NA,NA,",skc"
1843-05-17 21:00:00,NA,NA,NA,NA,NA,NA,NA,NA,NA,NA,NA,NA,NA,NA,NA,NA,NA,",skc"
1843-05-18,NA,NA,NA,NA,NA,NA,NA,NA,NA,NA,NA,NA,NA,NA,NA,NA,NA,NA
1843-05-18 06:00:00,NA,NA,NA,NA,NA,NA,NA,NA,NA,NA,NA,NA,3.33,NA,NA,NA,NA,NA
1843-05-18 09:00:00,NA,NA,NA,NA,NA,NA,NA,NA,NA,NA,NA,NA,NA,NA,NA,NA,NA,",skc"
1843-05-18 15:00:00,15,NA,NA,NA,NA,NA,1011.51,NA,NA,NA,NA,NA,11.67,NA,NA,NA,NA,",skc"
1843-05-18 21:00:00,NA,NA,NA,NA,NA,NA,NA,NA,NA,NA,NA,NA,NA,NA,NA,NA,NA,NA
1843-05-19,NA,NA,NA,NA,NA,NA,NA,NA,NA,NA,NA,NA,NA,NA,NA,NA,NA,NA
1843-05-19 06:00:00,NA,NA,NA,NA,NA,NA,NA,NA,NA,NA,NA,NA,-2.78,NA,NA,NA,NA,NA
1843-05-19 09:00:00,NA,NA,NA,NA,NA,NA,NA,NA,NA,NA,NA,NA,NA,NA,NA,NA,NA,",skc"
1843-05-19 15:00:00,13.89,NA,NA,NA,NA,NA,1011.85,NA,NA,NA,NA,NA,13.33,NA,NA,NA,NA,",skc"
1843-05-19 21:00:00,NA,NA,NA,NA,NA,NA,NA,NA,NA,NA,NA,NA,NA,NA,NA,NA,NA,",skc"
1843-05-20,NA,NA,NA,NA,NA,NA,NA,NA,NA,NA,NA,NA,NA,NA,NA,NA,NA,NA
1843-05-20 06:00:00,NA,NA,NA,NA,NA,NA,NA,NA,NA,NA,NA,NA,-0.56,NA,NA,NA,NA,NA
1843-05-20 09:00:00,NA,NA,NA,NA,NA,NA,NA,NA,NA,NA,NA,NA,NA,NA,NA,NA,NA,",skc"
1843-05-20 15:00:00,18.33,NA,NA,NA,NA,NA,1012.87,NA,NA,NA,NA,NA,25,NA,NA,NA,NA,",skc"
1843-05-20 21:00:00,NA,NA,NA,NA,NA,NA,NA,NA,NA,NA,NA,NA,NA,NA,NA,NA,NA,",skc"
1843-05-21,NA,NA,NA,NA,NA,NA,NA,NA,NA,NA,NA,NA,NA,NA,NA,NA,NA,NA
1843-05-21 06:00:00,NA,NA,NA,NA,NA,NA,NA,NA,NA,NA,NA,NA,7.78,NA,NA,NA,NA,NA
1843-05-21 09:00:00,NA,NA,NA,NA,NA,NA,NA,NA,NA,NA,NA,NA,NA,NA,NA,NA,NA,",ra"
1843-05-21 15:00:00,15,NA,NA,NA,NA,NA,1001.69,NA,NA,NA,NA,NA,9.44,NA,NA,NA,NA,",ra"
1843-05-21 21:00:00,NA,NA,NA,NA,NA,NA,NA,NA,NA,NA,NA,NA,NA,NA,NA,NA,NA,NA
1843-05-22,NA,NA,NA,NA,NA,NA,NA,NA,NA,NA,NA,NA,NA,NA,NA,NA,NA,NA
1843-05-22 06:00:00,NA,NA,NA,NA,NA,NA,NA,NA,NA,NA,NA,NA,10,NA,NA,NA,NA,NA
1843-05-22 09:00:00,NA,NA,NA,NA,NA,NA,NA,NA,NA,NA,NA,NA,NA,NA,NA,NA,NA,",br"
1843-05-22 15:00:00,15.56,NA,NA,NA,NA,NA,998.98,NA,NA,NA,NA,NA,13.89,NA,NA,NA,NA,",br"
1843-05-22 21:00:00,NA,NA,NA,NA,NA,NA,NA,NA,NA,NA,NA,NA,NA,NA,NA,NA,NA,NA
1843-05-23,NA,NA,NA,NA,NA,NA,NA,NA,NA,NA,NA,NA,NA,NA,NA,NA,NA,NA
1843-05-23 06:00:00,NA,NA,NA,NA,NA,NA,NA,NA,NA,NA,NA,NA,6.11,NA,NA,NA,NA,",bkn"
1843-05-23 09:00:00,NA,NA,NA,NA,NA,NA,NA,NA,NA,NA,NA,NA,NA,NA,NA,NA,NA,",bkn"
1843-05-23 15:00:00,16.11,NA,NA,NA,NA,NA,1013.21,NA,NA,NA,NA,NA,16.11,NA,NA,NA,NA,",skc"
1843-05-23 21:00:00,NA,NA,NA,NA,NA,NA,NA,NA,NA,NA,NA,NA,NA,NA,NA,NA,NA,",skc"
1843-05-24,NA,NA,NA,NA,NA,NA,NA,NA,NA,NA,NA,NA,NA,NA,NA,NA,NA,NA
1843-05-24 06:00:00,NA,NA,NA,NA,NA,NA,NA,NA,NA,NA,NA,NA,6.67,NA,NA,NA,NA,NA
1843-05-24 09:00:00,NA,NA,NA,NA,NA,NA,NA,NA,NA,NA,NA,NA,NA,NA,NA,NA,NA,",bkn"
1843-05-24 15:00:00,14.44,NA,NA,NA,NA,NA,1001.69,NA,NA,NA,NA,NA,16.67,NA,NA,NA,NA,",bkn"
1843-05-24 21:00:00,NA,NA,NA,NA,NA,NA,NA,NA,NA,NA,NA,NA,NA,NA,NA,NA,NA,",bkn"
1843-05-25,NA,NA,NA,NA,NA,NA,NA,NA,NA,NA,NA,NA,NA,NA,NA,NA,NA,NA
1843-05-25 06:00:00,NA,NA,NA,NA,NA,NA,NA,NA,NA,NA,NA,NA,6.11,NA,NA,NA,NA,NA
1843-05-25 09:00:00,NA,NA,NA,NA,NA,NA,NA,NA,NA,NA,NA,NA,NA,NA,NA,NA,NA,",ra"
1843-05-25 15:00:00,11.11,NA,NA,NA,NA,NA,998.98,NA,NA,NA,NA,NA,4.44,NA,NA,NA,NA,",ra"
1843-05-25 21:00:00,NA,NA,NA,NA,NA,NA,NA,NA,NA,NA,NA,NA,NA,NA,NA,NA,NA,",ra"
1843-05-26,NA,NA,NA,NA,NA,NA,NA,NA,NA,NA,NA,NA,NA,NA,NA,NA,NA,NA
1843-05-26 06:00:00,NA,NA,NA,NA,NA,NA,NA,NA,NA,NA,NA,NA,4.44,NA,NA,NA,NA,",ra"
1843-05-26 09:00:00,NA,NA,NA,NA,NA,NA,NA,NA,NA,NA,NA,NA,NA,NA,NA,NA,NA,",ra"
1843-05-26 15:00:00,10.56,NA,NA,NA,NA,NA,1011.51,NA,NA,NA,NA,NA,11.11,NA,NA,NA,NA,",bkn"
1843-05-26 21:00:00,NA,NA,NA,NA,NA,NA,NA,NA,NA,NA,NA,NA,NA,NA,NA,NA,NA,",bkn"
1843-05-27,NA,NA,NA,NA,NA,NA,NA,NA,NA,NA,NA,NA,NA,NA,NA,NA,NA,NA
1843-05-27 06:00:00,NA,NA,NA,NA,NA,NA,NA,NA,NA,NA,NA,NA,5,NA,NA,NA,NA,NA
1843-05-27 09:00:00,NA,NA,NA,NA,NA,NA,NA,NA,NA,NA,NA,NA,NA,NA,NA,NA,NA,",bkn"
1843-05-27 15:00:00,12.78,NA,NA,NA,NA,NA,1011.18,NA,NA,NA,NA,NA,11.11,NA,NA,NA,NA,",bkn"
1843-05-27 21:00:00,NA,NA,NA,NA,NA,NA,NA,NA,NA,NA,NA,NA,NA,NA,NA,NA,NA,NA
1843-05-28,NA,NA,NA,NA,NA,NA,NA,NA,NA,NA,NA,NA,NA,NA,NA,NA,NA,NA
1843-05-28 06:00:00,NA,NA,NA,NA,NA,NA,NA,NA,NA,NA,NA,NA,5,NA,NA,NA,NA,NA
1843-05-28 09:00:00,NA,NA,NA,NA,NA,NA,NA,NA,NA,NA,NA,NA,NA,NA,NA,NA,NA,",skc"
1843-05-28 15:00:00,13.33,NA,NA,NA,NA,NA,1008.47,NA,NA,NA,NA,NA,13.89,NA,NA,NA,NA,",skc"
1843-05-28 21:00:00,NA,NA,NA,NA,NA,NA,NA,NA,NA,NA,NA,NA,NA,NA,NA,NA,NA,NA
1843-05-29,NA,NA,NA,NA,NA,NA,NA,NA,NA,NA,NA,NA,NA,NA,NA,NA,NA,NA
1843-05-29 06:00:00,NA,NA,NA,NA,NA,NA,NA,NA,NA,NA,NA,NA,5.56,NA,NA,NA,NA,NA
1843-05-29 09:00:00,NA,NA,NA,NA,NA,NA,NA,NA,NA,NA,NA,NA,NA,NA,NA,NA,NA,",skc"
1843-05-29 15:00:00,13.33,NA,NA,NA,NA,NA,1005.42,NA,NA,NA,NA,NA,16.67,NA,NA,NA,NA,",skc"
1843-05-29 21:00:00,NA,NA,NA,NA,NA,NA,NA,NA,NA,NA,NA,NA,NA,NA,NA,NA,NA,NA
1843-05-30,NA,NA,NA,NA,NA,NA,NA,NA,NA,NA,NA,NA,NA,NA,NA,NA,NA,NA
1843-05-30 06:00:00,NA,NA,NA,NA,NA,NA,NA,NA,NA,NA,NA,NA,5,NA,NA,NA,NA,NA
1843-05-30 09:00:00,NA,NA,NA,NA,NA,NA,NA,NA,NA,NA,NA,NA,NA,NA,NA,NA,NA,",ra"
1843-05-30 15:00:00,13.89,NA,NA,NA,NA,NA,1001.02,NA,NA,NA,NA,NA,8.33,NA,NA,NA,NA,",ra"
1843-05-30 21:00:00,NA,NA,NA,NA,NA,NA,NA,NA,NA,NA,NA,NA,NA,NA,NA,NA,NA,",ra"
1843-05-31,NA,NA,NA,NA,NA,NA,NA,NA,NA,NA,NA,NA,NA,NA,NA,NA,NA,NA
1843-05-31 06:00:00,NA,NA,NA,NA,NA,NA,NA,NA,NA,NA,NA,NA,6.11,NA,NA,NA,NA,",sh"
1843-05-31 09:00:00,NA,NA,NA,NA,NA,NA,NA,NA,NA,NA,NA,NA,NA,NA,NA,NA,NA,",sh"
1843-05-31 15:00:00,13.33,NA,NA,NA,NA,NA,1002.37,NA,NA,NA,NA,NA,12.78,NA,NA,NA,NA,",bkn"
1843-05-31 21:00:00,NA,NA,NA,NA,NA,NA,NA,NA,NA,NA,NA,NA,NA,NA,NA,NA,NA,",bkn"
1843-06-01,NA,NA,NA,NA,NA,0,NA,NA,"empty","empty",NA,NA,NA,NA,NA,NA,NA,",ra,"
1843-06-01 06:00:00,NA,NA,NA,NA,NA,NA,NA,NA,NA,NA,NA,NA,1.67,NA,NA,NA,NA,NA
1843-06-01 09:00:00,NA,NA,NA,NA,NA,NA,NA,NA,NA,NA,NA,NA,NA,NA,NA,NA,NA,",bkn"
1843-06-01 15:00:00,13.33,NA,NA,NA,NA,NA,1004.06,NA,NA,NA,NA,NA,13.89,NA,NA,NA,NA,",bkn"
1843-06-01 21:00:00,NA,NA,NA,NA,NA,NA,NA,NA,NA,NA,NA,NA,NA,NA,NA,NA,NA,NA
1843-06-02,NA,NA,NA,NA,NA,0,NA,NA,"empty","empty",NA,0,NA,NA,NA,NA,NA,NA
1843-06-02 06:00:00,NA,NA,NA,NA,NA,NA,NA,NA,NA,NA,NA,NA,1.67,NA,NA,NA,NA,NA
1843-06-02 09:00:00,NA,NA,NA,NA,NA,NA,NA,NA,NA,NA,NA,NA,NA,NA,NA,NA,NA,",skc"
1843-06-02 15:00:00,13.89,NA,NA,NA,NA,NA,1005.42,NA,NA,NA,NA,NA,16.11,NA,NA,NA,NA,",skc"
1843-06-02 21:00:00,NA,NA,NA,NA,NA,NA,NA,NA,NA,NA,NA,NA,NA,NA,NA,NA,NA,NA
1843-06-03,NA,NA,NA,NA,NA,0,NA,NA,"empty","empty",NA,0,NA,NA,NA,NA,NA,NA
1843-06-03 06:00:00,NA,NA,NA,NA,NA,NA,NA,NA,NA,NA,NA,NA,2.22,NA,NA,NA,NA,",skc"
1843-06-03 09:00:00,NA,NA,NA,NA,NA,NA,NA,NA,NA,NA,NA,NA,NA,NA,NA,NA,NA,",skc"
1843-06-03 15:00:00,15,NA,NA,NA,NA,NA,1009.48,NA,NA,NA,NA,NA,20,NA,NA,NA,NA,",ra"
1843-06-03 21:00:00,NA,NA,NA,NA,NA,NA,NA,NA,NA,NA,NA,NA,NA,NA,NA,NA,NA,",ra"
1843-06-04,NA,NA,NA,NA,NA,0,NA,NA,"empty","empty",NA,0,NA,NA,NA,NA,NA,NA
1843-06-04 06:00:00,NA,NA,NA,NA,NA,NA,NA,NA,NA,NA,NA,NA,8.33,NA,NA,NA,NA,NA
1843-06-04 09:00:00,NA,NA,NA,NA,NA,NA,NA,NA,NA,NA,NA,NA,NA,NA,NA,NA,NA,",bkn"
1843-06-04 15:00:00,16.11,NA,NA,NA,NA,NA,1010.16,NA,NA,NA,NA,NA,17.22,NA,NA,NA,NA,",bkn"
1843-06-04 21:00:00,NA,NA,NA,NA,NA,NA,NA,NA,NA,NA,NA,NA,NA,NA,NA,NA,NA,NA
1843-06-05,NA,NA,NA,NA,NA,0,NA,NA,"empty","empty",NA,0,NA,NA,NA,NA,NA,NA
1843-06-05 06:00:00,NA,NA,NA,NA,NA,NA,NA,NA,NA,NA,NA,NA,9.44,NA,NA,NA,NA,NA
1843-06-05 09:00:00,NA,NA,NA,NA,NA,NA,NA,NA,NA,NA,NA,NA,NA,NA,NA,NA,NA,",ra"
1843-06-05 15:00:00,16.67,NA,NA,NA,NA,NA,1003.05,NA,NA,NA,NA,NA,15,NA,NA,NA,NA,",ra"
1843-06-05 21:00:00,NA,NA,NA,NA,NA,NA,NA,NA,NA,NA,NA,NA,NA,NA,NA,NA,NA,NA
1843-06-06,NA,NA,NA,NA,NA,0,NA,NA,"empty","empty",NA,0,NA,NA,NA,NA,NA,NA
1843-06-06 06:00:00,NA,NA,NA,NA,NA,NA,NA,NA,NA,NA,NA,NA,8.33,NA,NA,NA,NA,NA
1843-06-06 09:00:00,NA,NA,NA,NA,NA,NA,NA,NA,NA,NA,NA,NA,NA,NA,NA,NA,NA,",ra"
1843-06-06 15:00:00,14.44,NA,NA,NA,NA,NA,1009.82,NA,NA,NA,NA,NA,10.56,NA,NA,NA,NA,",ra"
1843-06-06 21:00:00,NA,NA,NA,NA,NA,NA,NA,NA,NA,NA,NA,NA,NA,NA,NA,NA,NA,NA
1843-06-07,NA,NA,NA,NA,NA,0,NA,NA,"empty","empty",NA,4.06,NA,NA,NA,NA,NA,NA
1843-06-07 06:00:00,NA,NA,NA,NA,NA,NA,NA,NA,NA,NA,NA,NA,7.22,NA,NA,NA,NA,",ra"
1843-06-07 09:00:00,NA,NA,NA,NA,NA,NA,NA,NA,NA,NA,NA,NA,NA,NA,NA,NA,NA,",ra"
1843-06-07 15:00:00,15,NA,NA,NA,NA,NA,1009.14,NA,NA,NA,NA,NA,11.11,NA,NA,NA,NA,",bkn"
1843-06-07 21:00:00,NA,NA,NA,NA,NA,NA,NA,NA,NA,NA,NA,NA,NA,NA,NA,NA,NA,",bkn"
1843-06-08,NA,NA,NA,NA,NA,0,NA,NA,"empty","empty",NA,5.08,NA,NA,NA,NA,NA,NA
1843-06-08 06:00:00,NA,NA,NA,NA,NA,NA,NA,NA,NA,NA,NA,NA,4.44,NA,NA,NA,NA,NA
1843-06-08 09:00:00,NA,NA,NA,NA,NA,NA,NA,NA,NA,NA,NA,NA,NA,NA,NA,NA,NA,",skc"
1843-06-08 15:00:00,13.89,NA,NA,NA,NA,NA,1011.85,NA,NA,NA,NA,NA,15.56,NA,NA,NA,NA,",skc"
1843-06-08 21:00:00,NA,NA,NA,NA,NA,NA,NA,NA,NA,NA,NA,NA,NA,NA,NA,NA,NA,NA
1843-06-09,NA,NA,NA,NA,NA,0,NA,NA,"empty","empty",NA,0,NA,NA,NA,NA,NA,NA
1843-06-09 06:00:00,NA,NA,NA,NA,NA,NA,NA,NA,NA,NA,NA,NA,3.33,NA,NA,NA,NA,NA
1843-06-09 09:00:00,NA,NA,NA,NA,NA,NA,NA,NA,NA,NA,NA,NA,NA,NA,NA,NA,NA,",skc"
1843-06-09 15:00:00,17.78,NA,NA,NA,NA,NA,1011.18,NA,NA,NA,NA,NA,12.22,NA,NA,NA,NA,",skc"
1843-06-09 21:00:00,NA,NA,NA,NA,NA,NA,NA,NA,NA,NA,NA,NA,NA,NA,NA,NA,NA,",skc"
1843-06-10,NA,NA,NA,NA,NA,0,NA,NA,"empty","empty",NA,0,NA,NA,NA,NA,NA,NA
1843-06-10 06:00:00,NA,NA,NA,NA,NA,NA,NA,NA,NA,NA,NA,NA,3.33,NA,NA,NA,NA,",sh"
1843-06-10 09:00:00,NA,NA,NA,NA,NA,NA,NA,NA,NA,NA,NA,NA,NA,NA,NA,NA,NA,",sh"
1843-06-10 15:00:00,16.11,NA,NA,NA,NA,NA,1002.37,NA,NA,NA,NA,NA,19.44,NA,NA,NA,NA,",bkn"
1843-06-10 21:00:00,NA,NA,NA,NA,NA,NA,NA,NA,NA,NA,NA,NA,NA,NA,NA,NA,NA,",bkn"
1843-06-11,NA,NA,NA,NA,NA,0,NA,NA,"empty","empty",NA,0.08,NA,NA,NA,NA,NA,NA
1843-06-11 06:00:00,NA,NA,NA,NA,NA,NA,NA,NA,NA,NA,NA,NA,12.78,NA,NA,NA,NA,NA
1843-06-11 09:00:00,NA,NA,NA,NA,NA,NA,NA,NA,NA,NA,NA,NA,NA,NA,NA,NA,NA,",ra"
1843-06-11 15:00:00,16.67,NA,NA,NA,NA,NA,1001.02,NA,NA,NA,NA,NA,15,NA,NA,NA,NA,",ra"
1843-06-11 21:00:00,NA,NA,NA,NA,NA,NA,NA,NA,NA,NA,NA,NA,NA,NA,NA,NA,NA,NA
1843-06-12,NA,NA,NA,NA,NA,0,NA,NA,"empty","empty",NA,1.9,NA,NA,NA,NA,NA,NA
1843-06-12 06:00:00,NA,NA,NA,NA,NA,NA,NA,NA,NA,NA,NA,NA,5.56,NA,NA,NA,NA,NA
1843-06-12 09:00:00,NA,NA,NA,NA,NA,NA,NA,NA,NA,NA,NA,NA,NA,NA,NA,NA,NA,",skc"
1843-06-12 15:00:00,16.11,NA,NA,NA,NA,NA,1008.47,NA,NA,NA,NA,NA,19.44,NA,NA,NA,NA,",skc"
1843-06-12 21:00:00,NA,NA,NA,NA,NA,NA,NA,NA,NA,NA,NA,NA,NA,NA,NA,NA,NA,NA
1843-06-13,NA,NA,NA,NA,NA,0,NA,NA,"empty","empty",NA,0,NA,NA,NA,NA,NA,",ts,"
1843-06-13 06:00:00,NA,NA,NA,NA,NA,NA,NA,NA,NA,NA,NA,NA,3.89,NA,NA,NA,NA,NA
1843-06-13 09:00:00,NA,NA,NA,NA,NA,NA,NA,NA,NA,NA,NA,NA,NA,NA,NA,NA,NA,",skc"
1843-06-13 15:00:00,20.56,NA,NA,NA,NA,NA,1009.48,NA,NA,NA,NA,NA,22.22,NA,NA,NA,NA,",skc"
1843-06-13 21:00:00,NA,NA,NA,NA,NA,NA,NA,NA,NA,NA,NA,NA,NA,NA,NA,NA,NA,",skc"
1843-06-14,NA,NA,NA,NA,NA,0,NA,NA,"empty","empty",NA,0,NA,NA,NA,NA,NA,NA
1843-06-14 06:00:00,NA,NA,NA,NA,NA,NA,NA,NA,NA,NA,NA,NA,8.89,NA,NA,NA,NA,",sh"
1843-06-14 09:00:00,NA,NA,NA,NA,NA,NA,NA,NA,NA,NA,NA,NA,NA,NA,NA,NA,NA,",sh"
1843-06-14 15:00:00,18.89,NA,NA,NA,NA,NA,997.63,NA,NA,NA,NA,NA,25,NA,NA,NA,NA,",skc"
1843-06-14 21:00:00,NA,NA,NA,NA,NA,NA,NA,NA,NA,NA,NA,NA,NA,NA,NA,NA,NA,",skc"
1843-06-15,NA,NA,NA,NA,NA,0,NA,NA,"empty","empty",NA,0.51,NA,NA,NA,NA,NA,NA
1843-06-15 06:00:00,NA,NA,NA,NA,NA,NA,NA,NA,NA,NA,NA,NA,12.22,NA,NA,NA,NA,",sh"
1843-06-15 09:00:00,NA,NA,NA,NA,NA,NA,NA,NA,NA,NA,NA,NA,NA,NA,NA,NA,NA,",sh"
1843-06-15 15:00:00,21.11,NA,NA,NA,NA,NA,993.91,NA,NA,NA,NA,NA,22.78,NA,NA,NA,NA,",skc"
1843-06-15 21:00:00,NA,NA,NA,NA,NA,NA,NA,NA,NA,NA,NA,NA,NA,NA,NA,NA,NA,",skc"
1843-06-16,NA,NA,NA,NA,NA,0,NA,NA,"empty","empty",NA,3.56,NA,NA,NA,NA,NA,",halo,"
1843-06-16 06:00:00,NA,NA,NA,NA,NA,NA,NA,NA,NA,NA,NA,NA,9.44,NA,NA,NA,NA,NA
1843-06-16 09:00:00,NA,NA,NA,NA,NA,NA,NA,NA,NA,NA,NA,NA,NA,NA,NA,NA,NA,",bkn"
1843-06-16 15:00:00,18.33,NA,NA,NA,NA,NA,1007.79,NA,NA,NA,NA,NA,21.11,NA,NA,NA,NA,",bkn"
1843-06-16 21:00:00,NA,NA,NA,NA,NA,NA,NA,NA,NA,NA,NA,NA,NA,NA,NA,NA,NA,NA
1843-06-17,NA,NA,NA,NA,NA,0,NA,NA,"empty","empty",NA,0,NA,NA,NA,NA,NA,NA
1843-06-17 06:00:00,NA,NA,NA,NA,NA,NA,NA,NA,NA,NA,NA,NA,10.56,NA,NA,NA,NA,",ra"
1843-06-17 09:00:00,NA,NA,NA,NA,NA,NA,NA,NA,NA,NA,NA,NA,NA,NA,NA,NA,NA,",ra"
1843-06-17 15:00:00,16.67,NA,NA,NA,NA,NA,1004.74,NA,NA,NA,NA,NA,15.56,NA,NA,NA,NA,",skc"
1843-06-17 21:00:00,NA,NA,NA,NA,NA,NA,NA,NA,NA,NA,NA,NA,NA,NA,NA,NA,NA,",skc"
1843-06-18,NA,NA,NA,NA,NA,0,NA,NA,"empty","empty",NA,12.7,NA,NA,NA,NA,NA,NA
1843-06-18 06:00:00,NA,NA,NA,NA,NA,NA,NA,NA,NA,NA,NA,NA,6.11,NA,NA,NA,NA,NA
1843-06-18 09:00:00,NA,NA,NA,NA,NA,NA,NA,NA,NA,NA,NA,NA,NA,NA,NA,NA,NA,",sh"
1843-06-18 15:00:00,15.56,NA,NA,NA,NA,NA,1008.13,NA,NA,NA,NA,NA,16.67,NA,NA,NA,NA,",sh"
1843-06-18 21:00:00,NA,NA,NA,NA,NA,NA,NA,NA,NA,NA,NA,NA,NA,NA,NA,NA,NA,NA
1843-06-19,NA,NA,NA,NA,NA,0,NA,NA,"empty","empty",NA,2.03,NA,NA,NA,NA,NA,",frst,"
1843-06-19 06:00:00,NA,NA,NA,NA,NA,NA,NA,NA,NA,NA,NA,NA,1.67,NA,NA,NA,NA,NA
1843-06-19 09:00:00,NA,NA,NA,NA,NA,NA,NA,NA,NA,NA,NA,NA,NA,NA,NA,NA,NA,",skc"
1843-06-19 15:00:00,15.28,NA,NA,NA,NA,NA,1018.29,NA,NA,NA,NA,NA,16.11,NA,NA,NA,NA,",skc"
1843-06-19 21:00:00,NA,NA,NA,NA,NA,NA,NA,NA,NA,NA,NA,NA,NA,NA,NA,NA,NA,NA
1843-06-20,NA,NA,NA,NA,NA,0,NA,NA,"empty","empty",NA,0,NA,NA,NA,NA,NA,NA
1843-06-20 06:00:00,NA,NA,NA,NA,NA,NA,NA,NA,NA,NA,NA,NA,6.67,NA,NA,NA,NA,",sh"
1843-06-20 09:00:00,NA,NA,NA,NA,NA,NA,NA,NA,NA,NA,NA,NA,NA,NA,NA,NA,NA,",sh"
1843-06-20 15:00:00,19.44,NA,NA,NA,NA,NA,1013.88,NA,NA,NA,NA,NA,26.67,NA,NA,NA,NA,",skc"
1843-06-20 21:00:00,NA,NA,NA,NA,NA,NA,NA,NA,NA,NA,NA,NA,NA,NA,NA,NA,NA,",skc"
1843-06-21,NA,NA,NA,NA,NA,0,NA,NA,"empty","empty",NA,0.13,NA,NA,NA,NA,NA,NA
1843-06-21 06:00:00,NA,NA,NA,NA,NA,NA,NA,NA,NA,NA,NA,NA,15,NA,NA,NA,NA,",sh"
1843-06-21 09:00:00,NA,NA,NA,NA,NA,NA,NA,NA,NA,NA,NA,NA,NA,NA,NA,NA,NA,",sh"
1843-06-21 15:00:00,22.78,NA,NA,NA,NA,NA,1011.85,NA,NA,NA,NA,NA,28.33,NA,NA,NA,NA,NA
1843-06-21 21:00:00,NA,NA,NA,NA,NA,NA,NA,NA,NA,NA,NA,NA,NA,NA,NA,NA,NA,",skc"
1843-06-22,NA,NA,NA,NA,NA,0,NA,NA,"empty","empty",NA,0.13,NA,NA,NA,NA,NA,NA
1843-06-22 06:00:00,NA,NA,NA,NA,NA,NA,NA,NA,NA,NA,NA,NA,15.56,NA,NA,NA,NA,",ra"
1843-06-22 09:00:00,NA,NA,NA,NA,NA,NA,NA,NA,NA,NA,NA,NA,NA,NA,NA,NA,NA,",ra"
1843-06-22 15:00:00,24.44,NA,NA,NA,NA,NA,1007.45,NA,NA,NA,NA,NA,28.33,NA,NA,NA,NA,NA
1843-06-22 21:00:00,NA,NA,NA,NA,NA,NA,NA,NA,NA,NA,NA,NA,NA,NA,NA,NA,NA,",skc"
1843-06-23,NA,NA,NA,NA,NA,0,NA,NA,"empty","empty",NA,4.06,NA,NA,NA,NA,NA,NA
1843-06-23 06:00:00,NA,NA,NA,NA,NA,NA,NA,NA,NA,NA,NA,NA,12.22,NA,NA,NA,NA,NA
1843-06-23 09:00:00,NA,NA,NA,NA,NA,NA,NA,NA,NA,NA,NA,NA,NA,NA,NA,NA,NA,",skc"
1843-06-23 15:00:00,18.33,NA,NA,NA,NA,NA,1011.85,NA,NA,NA,NA,NA,21.11,NA,NA,NA,NA,",skc"
1843-06-23 21:00:00,NA,NA,NA,NA,NA,NA,NA,NA,NA,NA,NA,NA,NA,NA,NA,NA,NA,NA
1843-06-24,NA,NA,NA,NA,NA,0,NA,NA,"empty","empty",NA,0,NA,NA,NA,NA,NA,NA
1843-06-24 06:00:00,NA,NA,NA,NA,NA,NA,NA,NA,NA,NA,NA,NA,11.11,NA,NA,NA,NA,NA
1843-06-24 09:00:00,NA,NA,NA,NA,NA,NA,NA,NA,NA,NA,NA,NA,NA,NA,NA,NA,NA,",skc"
1843-06-24 15:00:00,18.89,NA,NA,NA,NA,NA,1004.4,NA,NA,NA,NA,NA,22.22,NA,NA,NA,NA,",skc"
1843-06-24 21:00:00,NA,NA,NA,NA,NA,NA,NA,NA,NA,NA,NA,NA,NA,NA,NA,NA,NA,NA
1843-06-25,NA,NA,NA,NA,NA,0,NA,NA,"empty","empty",NA,0,NA,NA,NA,NA,NA,NA
1843-06-25 06:00:00,NA,NA,NA,NA,NA,NA,NA,NA,NA,NA,NA,NA,13.33,NA,NA,NA,NA,NA
1843-06-25 09:00:00,NA,NA,NA,NA,NA,NA,NA,NA,NA,NA,NA,NA,NA,NA,NA,NA,NA,",skc"
1843-06-25 15:00:00,23.33,NA,NA,NA,NA,NA,997.63,NA,NA,NA,NA,NA,27.78,NA,NA,NA,NA,",skc"
1843-06-25 21:00:00,NA,NA,NA,NA,NA,NA,NA,NA,NA,NA,NA,NA,NA,NA,NA,NA,NA,",skc"
1843-06-26,NA,NA,NA,NA,NA,0,NA,NA,"empty","empty",NA,0,NA,NA,NA,NA,NA,NA
1843-06-26 06:00:00,NA,NA,NA,NA,NA,NA,NA,NA,NA,NA,NA,NA,7.22,NA,NA,NA,NA,NA
1843-06-26 09:00:00,NA,NA,NA,NA,NA,NA,NA,NA,NA,NA,NA,NA,NA,NA,NA,NA,NA,",skc"
1843-06-26 15:00:00,23.33,NA,NA,NA,NA,NA,1011.51,NA,NA,NA,NA,NA,23.33,NA,NA,NA,NA,",skc"
1843-06-26 21:00:00,NA,NA,NA,NA,NA,NA,NA,NA,NA,NA,NA,NA,NA,NA,NA,NA,NA,NA
1843-06-27,NA,NA,NA,NA,NA,0,NA,NA,"empty","empty",NA,0,NA,NA,NA,NA,NA,",lt,"
1843-06-27 06:00:00,NA,NA,NA,NA,NA,NA,NA,NA,NA,NA,NA,NA,5.56,NA,NA,NA,NA,NA
1843-06-27 09:00:00,NA,NA,NA,NA,NA,NA,NA,NA,NA,NA,NA,NA,NA,NA,NA,NA,NA,",skc"
1843-06-27 15:00:00,24.44,NA,NA,NA,NA,NA,1003.39,NA,NA,NA,NA,NA,30.56,NA,NA,NA,NA,",skc"
1843-06-27 21:00:00,NA,NA,NA,NA,NA,NA,NA,NA,NA,NA,NA,NA,NA,NA,NA,NA,NA,NA
1843-06-28,NA,NA,NA,NA,NA,0,NA,NA,"before daylight","empty",NA,0,NA,NA,NA,NA,NA,NA
1843-06-28 06:00:00,NA,NA,NA,NA,NA,NA,NA,NA,NA,NA,NA,NA,11.11,NA,NA,NA,NA,",sh"
1843-06-28 09:00:00,NA,NA,NA,NA,NA,NA,NA,NA,NA,NA,NA,NA,NA,NA,NA,NA,NA,",sh"
1843-06-28 15:00:00,18.89,NA,NA,NA,NA,NA,1009.48,NA,NA,NA,NA,NA,18.89,NA,NA,NA,NA,",skc"
1843-06-28 21:00:00,NA,NA,NA,NA,NA,NA,NA,NA,NA,NA,NA,NA,NA,NA,NA,NA,NA,",skc"
1843-06-29,NA,NA,NA,NA,NA,0,NA,NA,"empty","empty",NA,1.52,NA,NA,NA,NA,NA,NA
1843-06-29 06:00:00,NA,NA,NA,NA,NA,NA,NA,NA,NA,NA,NA,NA,9.44,NA,NA,NA,NA,NA
1843-06-29 09:00:00,NA,NA,NA,NA,NA,NA,NA,NA,NA,NA,NA,NA,NA,NA,NA,NA,NA,",skc"
1843-06-29 15:00:00,22.78,NA,NA,NA,NA,NA,1007.11,NA,NA,NA,NA,NA,28.89,NA,NA,NA,NA,",skc"
1843-06-29 21:00:00,NA,NA,NA,NA,NA,NA,NA,NA,NA,NA,NA,NA,NA,NA,NA,NA,NA,NA
1843-06-30,NA,NA,NA,NA,NA,0,NA,NA,"empty","empty",NA,0,NA,NA,NA,NA,NA,NA
1843-06-30 06:00:00,NA,NA,NA,NA,NA,NA,NA,NA,NA,NA,NA,NA,15,NA,NA,NA,NA,NA
1843-06-30 09:00:00,NA,NA,NA,NA,NA,NA,NA,NA,NA,NA,NA,NA,NA,NA,NA,NA,NA,",skc"
1843-06-30 15:00:00,21.67,NA,NA,NA,NA,NA,1006.1,NA,NA,NA,NA,NA,25.56,NA,NA,NA,NA,",skc"
1843-06-30 21:00:00,NA,NA,NA,NA,NA,NA,NA,NA,NA,NA,NA,NA,NA,NA,NA,NA,NA,",skc"
1843-07-01,NA,NA,NA,NA,NA,NA,NA,NA,NA,NA,NA,0,NA,NA,NA,NA,NA,NA
1843-07-01 06:00:00,NA,NA,NA,NA,NA,NA,NA,NA,NA,NA,NA,NA,11.11,NA,NA,NA,NA,NA
1843-07-01 09:00:00,NA,NA,NA,NA,NA,NA,NA,NA,NA,NA,NA,NA,NA,NA,NA,NA,NA,",skc"
1843-07-01 15:00:00,21.11,NA,NA,NA,NA,NA,1011.51,NA,NA,NA,NA,NA,22.22,NA,NA,NA,NA,",skc"
1843-07-01 21:00:00,NA,NA,NA,NA,NA,NA,NA,NA,NA,NA,NA,NA,NA,NA,NA,NA,NA,NA
1843-07-02 06:00:00,NA,NA,NA,NA,NA,NA,NA,NA,NA,NA,NA,NA,11.94,NA,NA,NA,NA,NA
1843-07-02 09:00:00,NA,NA,NA,NA,NA,NA,NA,NA,NA,NA,NA,NA,NA,NA,NA,NA,NA,",skc"
1843-07-02 15:00:00,23.33,NA,NA,NA,NA,NA,1008.81,NA,NA,NA,NA,NA,28.33,NA,NA,NA,NA,",skc"
1843-07-02 21:00:00,NA,NA,NA,NA,NA,NA,NA,NA,NA,NA,NA,NA,NA,NA,NA,NA,NA,NA
1843-07-03,NA,NA,NA,NA,NA,NA,NA,NA,"1pm","6pm",NA,NA,NA,NA,NA,NA,NA,NA
1843-07-03 06:00:00,NA,NA,NA,NA,NA,NA,NA,NA,NA,NA,NA,NA,14.72,NA,NA,NA,NA,NA
1843-07-03 09:00:00,NA,NA,NA,NA,NA,NA,NA,NA,NA,NA,NA,NA,NA,NA,NA,NA,NA,",ra"
1843-07-03 15:00:00,22.78,NA,NA,NA,NA,NA,1001.69,NA,NA,NA,NA,NA,23.89,NA,NA,NA,NA,",ra"
1843-07-03 21:00:00,NA,NA,NA,NA,NA,NA,NA,NA,NA,NA,NA,NA,NA,NA,NA,NA,NA,NA
1843-07-04,NA,NA,NA,NA,NA,NA,NA,NA,NA,NA,NA,8.25,NA,NA,NA,NA,NA,NA
1843-07-04 06:00:00,NA,NA,NA,NA,NA,NA,NA,NA,NA,NA,NA,NA,7.78,NA,NA,NA,NA,NA
1843-07-04 09:00:00,NA,NA,NA,NA,NA,NA,NA,NA,NA,NA,NA,NA,NA,NA,NA,NA,NA,",skc"
1843-07-04 15:00:00,18.89,NA,NA,NA,NA,NA,1010.16,NA,NA,NA,NA,NA,23.89,NA,NA,NA,NA,",skc"
1843-07-04 21:00:00,NA,NA,NA,NA,NA,NA,NA,NA,NA,NA,NA,NA,NA,NA,NA,NA,NA,NA
1843-07-05,NA,NA,NA,NA,NA,NA,NA,NA,"empty","empty",NA,NA,NA,NA,NA,NA,NA,NA
1843-07-05 06:00:00,NA,NA,NA,NA,NA,NA,NA,NA,NA,NA,NA,NA,9.17,NA,NA,NA,NA,NA
1843-07-05 09:00:00,NA,NA,NA,NA,NA,NA,NA,NA,NA,NA,NA,NA,NA,NA,NA,NA,NA,",ra"
1843-07-05 15:00:00,17.78,NA,NA,NA,NA,NA,1003.39,NA,NA,NA,NA,NA,18.89,NA,NA,NA,NA,",ra"
1843-07-05 21:00:00,NA,NA,NA,NA,NA,NA,NA,NA,NA,NA,NA,NA,NA,NA,NA,NA,NA,NA
1843-07-06,NA,NA,NA,NA,NA,NA,NA,NA,"12pm","empty",NA,3.17,NA,NA,NA,NA,NA,NA
1843-07-06 06:00:00,NA,NA,NA,NA,NA,NA,NA,NA,NA,NA,NA,NA,7.22,NA,NA,NA,NA,",skc"
1843-07-06 09:00:00,NA,NA,NA,NA,NA,NA,NA,NA,NA,NA,NA,NA,NA,NA,NA,NA,NA,",skc"
1843-07-06 15:00:00,18.89,NA,NA,NA,NA,NA,1002.03,NA,NA,NA,NA,NA,21.67,NA,NA,NA,NA,",sh"
1843-07-06 21:00:00,NA,NA,NA,NA,NA,NA,NA,NA,NA,NA,NA,NA,NA,NA,NA,NA,NA,",sh"
1843-07-07,NA,NA,NA,NA,NA,NA,NA,NA,NA,NA,NA,0.13,NA,NA,NA,NA,NA,NA
1843-07-07 06:00:00,NA,NA,NA,NA,NA,NA,NA,NA,NA,NA,NA,NA,7.22,NA,NA,NA,NA,NA
1843-07-07 09:00:00,NA,NA,NA,NA,NA,NA,NA,NA,NA,NA,NA,NA,NA,NA,NA,NA,NA,",skc"
1843-07-07 15:00:00,17.22,NA,NA,NA,NA,NA,1005.08,NA,NA,NA,NA,NA,20,NA,NA,NA,NA,",skc"
1843-07-07 21:00:00,NA,NA,NA,NA,NA,NA,NA,NA,NA,NA,NA,NA,NA,NA,NA,NA,NA,",skc"
1843-07-08,NA,NA,NA,NA,NA,NA,NA,NA,NA,"12pm",NA,NA,NA,NA,NA,NA,NA,NA
1843-07-08 06:00:00,NA,NA,NA,NA,NA,NA,NA,NA,NA,NA,NA,NA,12.78,NA,NA,NA,NA,NA
1843-07-08 09:00:00,NA,NA,NA,NA,NA,NA,NA,NA,NA,NA,NA,NA,NA,NA,NA,NA,NA,",sh"
1843-07-08 15:00:00,20,NA,NA,NA,NA,NA,997.97,NA,NA,NA,NA,NA,22.78,NA,NA,NA,NA,",sh"
1843-07-08 21:00:00,NA,NA,NA,NA,NA,NA,NA,NA,NA,NA,NA,NA,NA,NA,NA,NA,NA,NA
1843-07-09,NA,NA,NA,NA,NA,NA,NA,NA,"empty","empty",NA,1.65,NA,NA,NA,NA,NA,",ra,"
1843-07-09 06:00:00,NA,NA,NA,NA,NA,NA,NA,NA,NA,NA,NA,NA,10,NA,NA,NA,NA,NA
1843-07-09 09:00:00,NA,NA,NA,NA,NA,NA,NA,NA,NA,NA,NA,NA,NA,NA,NA,NA,NA,",sh"
1843-07-09 15:00:00,18.89,NA,NA,NA,NA,NA,1003.73,NA,NA,NA,NA,NA,26.11,NA,NA,NA,NA,",sh"
1843-07-09 21:00:00,NA,NA,NA,NA,NA,NA,NA,NA,NA,NA,NA,NA,NA,NA,NA,NA,NA,NA
1843-07-10,NA,NA,NA,NA,NA,NA,NA,NA,NA,NA,NA,0.64,NA,NA,NA,NA,NA,NA
1843-07-10 06:00:00,NA,NA,NA,NA,NA,NA,NA,NA,NA,NA,NA,NA,9.44,NA,NA,NA,NA,",skc"
1843-07-10 09:00:00,NA,NA,NA,NA,NA,NA,NA,NA,NA,NA,NA,NA,NA,NA,NA,NA,NA,",skc"
1843-07-10 15:00:00,22.22,NA,NA,NA,NA,NA,1010.84,NA,NA,NA,NA,NA,27.78,NA,NA,NA,NA,",skc"
1843-07-10 21:00:00,NA,NA,NA,NA,NA,NA,NA,NA,NA,NA,NA,NA,NA,NA,NA,NA,NA,",skc"
1843-07-11,NA,NA,NA,NA,NA,NA,NA,NA,NA,"12pm",NA,NA,NA,NA,NA,NA,NA,NA
1843-07-11 06:00:00,NA,NA,NA,NA,NA,NA,NA,NA,NA,NA,NA,NA,16.67,NA,NA,NA,NA,NA
1843-07-11 09:00:00,NA,NA,NA,NA,NA,NA,NA,NA,NA,NA,NA,NA,NA,NA,NA,NA,NA,",sh"
1843-07-11 15:00:00,20.56,NA,NA,NA,NA,NA,1008.47,NA,NA,NA,NA,NA,21.11,NA,NA,NA,NA,",sh"
1843-07-11 21:00:00,NA,NA,NA,NA,NA,NA,NA,NA,NA,NA,NA,NA,NA,NA,NA,NA,NA,NA
1843-07-12,NA,NA,NA,NA,NA,NA,NA,NA,NA,NA,NA,1.14,NA,NA,NA,NA,NA,NA
1843-07-12 06:00:00,NA,NA,NA,NA,NA,NA,NA,NA,NA,NA,NA,NA,8.33,NA,NA,NA,NA,NA
1843-07-12 09:00:00,NA,NA,NA,NA,NA,NA,NA,NA,NA,NA,NA,NA,NA,NA,NA,NA,NA,",skc"
1843-07-12 15:00:00,20.56,NA,NA,NA,NA,NA,1015.24,NA,NA,NA,NA,NA,23.89,NA,NA,NA,NA,",skc"
1843-07-12 21:00:00,NA,NA,NA,NA,NA,NA,NA,NA,NA,NA,NA,NA,NA,NA,NA,NA,NA,",skc"
1843-07-13 06:00:00,NA,NA,NA,NA,NA,NA,NA,NA,NA,NA,NA,NA,6.67,NA,NA,NA,NA,NA
1843-07-13 09:00:00,NA,NA,NA,NA,NA,NA,NA,NA,NA,NA,NA,NA,NA,NA,NA,NA,NA,",skc"
1843-07-13 15:00:00,20,NA,NA,NA,NA,NA,1024.72,NA,NA,NA,NA,NA,22.78,NA,NA,NA,NA,",skc"
1843-07-13 21:00:00,NA,NA,NA,NA,NA,NA,NA,NA,NA,NA,NA,NA,NA,NA,NA,NA,NA,",skc"
1843-07-14 06:00:00,NA,NA,NA,NA,NA,NA,NA,NA,NA,NA,NA,NA,9.44,NA,NA,NA,NA,",skc"
1843-07-14 09:00:00,NA,NA,NA,NA,NA,NA,NA,NA,NA,NA,NA,NA,NA,NA,NA,NA,NA,",skc"
1843-07-14 15:00:00,19.44,NA,NA,NA,NA,NA,1022.01,NA,NA,NA,NA,NA,21.67,NA,NA,NA,NA,",skc"
1843-07-14 21:00:00,NA,NA,NA,NA,NA,NA,NA,NA,NA,NA,NA,NA,NA,NA,NA,NA,NA,",skc"
1843-07-15,NA,NA,NA,NA,NA,NA,NA,NA,"empty","12pm",NA,NA,NA,NA,NA,NA,NA,NA
1843-07-15 06:00:00,NA,NA,NA,NA,NA,NA,NA,NA,NA,NA,NA,NA,10.56,NA,NA,NA,NA,NA
1843-07-15 09:00:00,NA,NA,NA,270,NA,NA,NA,NA,NA,NA,NA,NA,NA,NA,NA,NA,NA,",sh"
1843-07-15 15:00:00,19.44,NA,NA,NA,NA,NA,1015.92,NA,NA,NA,NA,NA,21.67,NA,NA,NA,NA,",sh"
1843-07-15 21:00:00,NA,NA,NA,NA,NA,NA,NA,NA,NA,NA,NA,NA,NA,NA,NA,NA,NA,NA
1843-07-16,NA,NA,NA,NA,NA,NA,NA,NA,NA,NA,NA,5.84,NA,NA,NA,NA,NA,NA
1843-07-16 06:00:00,NA,NA,NA,NA,NA,NA,NA,NA,NA,NA,NA,NA,7.78,NA,NA,NA,NA,NA
1843-07-16 09:00:00,NA,NA,NA,NA,NA,NA,NA,NA,NA,NA,NA,NA,NA,NA,NA,NA,NA,",skc"
1843-07-16 15:00:00,19.44,NA,NA,NA,NA,NA,1013.88,NA,NA,NA,NA,NA,24.44,NA,NA,NA,NA,",skc"
1843-07-16 21:00:00,NA,NA,NA,NA,NA,NA,NA,NA,NA,NA,NA,NA,NA,NA,NA,NA,NA,",skc"
1843-07-17 06:00:00,NA,NA,NA,NA,NA,NA,NA,NA,NA,NA,NA,NA,6.67,NA,NA,NA,NA,NA
1843-07-17 09:00:00,NA,NA,NA,NA,NA,NA,NA,NA,NA,NA,NA,NA,NA,NA,NA,NA,NA,",skc"
1843-07-17 15:00:00,20.56,NA,NA,NA,NA,NA,1017.95,NA,NA,NA,NA,NA,25.56,NA,NA,NA,NA,",skc"
1843-07-17 21:00:00,NA,NA,NA,NA,NA,NA,NA,NA,NA,NA,NA,NA,NA,NA,NA,NA,NA,",skc"
1843-07-18 06:00:00,NA,NA,NA,NA,NA,NA,NA,NA,NA,NA,NA,NA,8.89,NA,NA,NA,NA,NA
1843-07-18 09:00:00,NA,NA,NA,NA,NA,NA,NA,NA,NA,NA,NA,NA,NA,NA,NA,NA,NA,",skc"
1843-07-18 15:00:00,20,NA,NA,NA,NA,NA,1012.53,NA,NA,NA,NA,NA,25.56,NA,NA,NA,NA,",skc"
1843-07-18 21:00:00,NA,NA,NA,NA,NA,NA,NA,NA,NA,NA,NA,NA,NA,NA,NA,NA,NA,",skc"
1843-07-19 06:00:00,NA,NA,NA,NA,NA,NA,NA,NA,NA,NA,NA,NA,12.78,NA,NA,NA,NA,NA
1843-07-19 09:00:00,NA,NA,NA,NA,NA,NA,NA,NA,NA,NA,NA,NA,NA,NA,NA,NA,NA,",bkn"
1843-07-19 15:00:00,19.44,NA,NA,NA,NA,NA,1005.08,NA,NA,NA,NA,NA,23.89,NA,NA,NA,NA,",bkn"
1843-07-19 21:00:00,NA,NA,NA,NA,NA,NA,NA,NA,NA,NA,NA,NA,NA,NA,NA,NA,NA,NA
1843-07-20,NA,NA,NA,NA,NA,NA,NA,NA,"pm","empty",NA,NA,NA,NA,NA,NA,NA,NA
1843-07-20 06:00:00,NA,NA,NA,NA,NA,NA,NA,NA,NA,NA,NA,NA,16.67,NA,NA,NA,NA,NA
1843-07-20 09:00:00,NA,NA,NA,NA,NA,NA,NA,NA,NA,NA,NA,NA,NA,NA,NA,NA,NA,",sh"
1843-07-20 15:00:00,21.67,NA,NA,NA,NA,NA,1003.39,NA,NA,NA,NA,NA,25,NA,NA,NA,NA,",sh"
1843-07-20 21:00:00,NA,NA,NA,NA,NA,NA,NA,NA,NA,NA,NA,NA,NA,NA,NA,NA,NA,NA
1843-07-21,NA,NA,NA,NA,NA,NA,NA,NA,NA,NA,NA,6.6,NA,NA,NA,NA,NA,NA
1843-07-21 06:00:00,NA,NA,NA,NA,NA,NA,NA,NA,NA,NA,NA,NA,9.44,NA,NA,NA,NA,NA
1843-07-21 09:00:00,NA,NA,NA,NA,NA,NA,NA,NA,NA,NA,NA,NA,NA,NA,NA,NA,NA,",skc"
1843-07-21 15:00:00,18.89,NA,NA,NA,NA,NA,1002.71,NA,NA,NA,NA,NA,21.11,NA,NA,NA,NA,",skc"
1843-07-21 21:00:00,NA,NA,NA,NA,NA,NA,NA,NA,NA,NA,NA,NA,NA,NA,NA,NA,NA,NA
1843-07-22 06:00:00,NA,NA,NA,NA,NA,NA,NA,NA,NA,NA,NA,NA,10.56,NA,NA,NA,NA,NA
1843-07-22 09:00:00,NA,NA,NA,NA,NA,NA,NA,NA,NA,NA,NA,NA,NA,NA,NA,NA,NA,",skc"
1843-07-22 15:00:00,23.33,NA,NA,NA,NA,NA,1005.42,NA,NA,NA,NA,NA,27.78,NA,NA,NA,NA,",skc"
1843-07-22 21:00:00,NA,NA,NA,NA,NA,NA,NA,NA,NA,NA,NA,NA,NA,NA,NA,NA,NA,",skc"
1843-07-23,NA,NA,NA,NA,NA,NA,NA,NA,"6pm","empty",NA,NA,NA,NA,NA,NA,NA,NA
1843-07-23 06:00:00,NA,NA,NA,NA,NA,NA,NA,NA,NA,NA,NA,NA,12.22,NA,NA,NA,NA,",skc"
1843-07-23 09:00:00,NA,NA,NA,NA,NA,NA,NA,NA,NA,NA,NA,NA,NA,NA,NA,NA,NA,",skc"
1843-07-23 15:00:00,24.44,NA,NA,NA,NA,NA,1006.1,NA,NA,NA,NA,NA,31.67,NA,NA,NA,NA,",skc"
1843-07-23 21:00:00,NA,NA,NA,NA,NA,NA,NA,NA,NA,NA,NA,NA,NA,NA,NA,NA,NA,",ra"
1843-07-24,NA,NA,NA,NA,NA,NA,NA,NA,"am","pm",NA,1.52,NA,NA,NA,NA,NA,NA
1843-07-24 06:00:00,NA,NA,NA,NA,NA,NA,NA,NA,NA,NA,NA,NA,17.5,NA,NA,NA,NA,NA
1843-07-24 09:00:00,NA,NA,NA,NA,NA,NA,NA,NA,NA,NA,NA,NA,NA,NA,NA,NA,NA,",sh"
1843-07-24 15:00:00,19.44,NA,NA,NA,NA,NA,1004.74,NA,NA,NA,NA,NA,18.89,NA,NA,NA,NA,",sh"
1843-07-24 21:00:00,18.89,NA,NA,NA,NA,NA,999.66,NA,NA,NA,NA,NA,NA,NA,NA,NA,NA,NA
1843-07-25,NA,NA,NA,NA,NA,NA,NA,NA,NA,NA,NA,6.6,NA,NA,NA,NA,NA,NA
1843-07-25 06:00:00,NA,NA,NA,NA,NA,NA,NA,NA,NA,NA,NA,NA,11.11,NA,NA,NA,NA,NA
1843-07-25 09:00:00,NA,NA,NA,NA,NA,NA,NA,NA,NA,NA,NA,NA,NA,NA,NA,NA,NA,",skc"
1843-07-25 15:00:00,18.33,NA,NA,NA,NA,NA,1006.1,NA,NA,NA,NA,NA,19.44,NA,NA,NA,NA,",skc"
1843-07-25 21:00:00,NA,NA,NA,NA,NA,NA,NA,NA,NA,NA,NA,NA,NA,NA,NA,NA,NA,NA
1843-07-26 06:00:00,NA,NA,NA,NA,NA,NA,NA,NA,NA,NA,NA,NA,5,NA,NA,NA,NA,NA
1843-07-26 09:00:00,NA,NA,NA,NA,NA,NA,NA,NA,NA,NA,NA,NA,NA,NA,NA,NA,NA,",skc"
1843-07-26 15:00:00,20,NA,NA,NA,NA,NA,1012.53,NA,NA,NA,NA,NA,27.22,NA,NA,NA,NA,",skc"
1843-07-26 21:00:00,NA,NA,NA,NA,NA,NA,NA,NA,NA,NA,NA,NA,NA,NA,NA,NA,NA,NA
1843-07-27,NA,NA,NA,NA,NA,NA,NA,NA,"am","am",NA,NA,NA,NA,NA,NA,NA,NA
1843-07-27 06:00:00,NA,NA,NA,NA,NA,NA,NA,NA,NA,NA,NA,NA,12.78,NA,NA,NA,NA,NA
1843-07-27 09:00:00,NA,NA,NA,NA,NA,NA,NA,NA,NA,NA,NA,NA,NA,NA,NA,NA,NA,",ra"
1843-07-27 15:00:00,18.33,NA,NA,NA,NA,NA,1006.43,NA,NA,NA,NA,NA,18.33,NA,NA,NA,NA,",ra"
1843-07-27 21:00:00,NA,NA,NA,NA,NA,NA,NA,NA,NA,NA,NA,NA,NA,NA,NA,NA,NA,NA
1843-07-28,NA,NA,NA,NA,NA,NA,NA,NA,"at night",NA,NA,3.05,NA,NA,NA,NA,NA,NA
1843-07-28 06:00:00,NA,NA,NA,NA,NA,NA,NA,NA,NA,NA,NA,NA,7.22,NA,NA,NA,NA,",skc"
1843-07-28 09:00:00,NA,NA,NA,NA,NA,NA,NA,NA,NA,NA,NA,NA,NA,NA,NA,NA,NA,",skc"
1843-07-28 15:00:00,19.44,NA,NA,NA,NA,NA,1013.55,NA,NA,NA,NA,NA,24.44,NA,NA,NA,NA,",sh"
1843-07-28 21:00:00,NA,NA,NA,NA,NA,NA,NA,NA,NA,NA,NA,NA,NA,NA,NA,NA,NA,",sh"
1843-07-29,NA,NA,NA,NA,NA,NA,NA,NA,NA,NA,NA,1.4,NA,NA,NA,NA,NA,NA
1843-07-29 06:00:00,NA,NA,NA,NA,NA,NA,NA,NA,NA,NA,NA,NA,13.89,NA,NA,NA,NA,NA
1843-07-29 09:00:00,NA,NA,NA,NA,NA,NA,NA,NA,NA,NA,NA,NA,NA,NA,NA,NA,NA,NA
1843-07-29 15:00:00,21.67,NA,NA,NA,NA,NA,1000,NA,NA,NA,NA,NA,25.56,NA,NA,NA,NA,",skc"
1843-07-29 21:00:00,NA,NA,NA,NA,NA,NA,NA,NA,NA,NA,NA,NA,NA,NA,NA,NA,NA,NA
1843-07-30,NA,NA,NA,NA,NA,NA,NA,NA,"empty","am",NA,NA,NA,NA,NA,NA,NA,NA
1843-07-30 06:00:00,NA,NA,NA,NA,NA,NA,NA,NA,NA,NA,NA,NA,10.56,NA,NA,NA,NA,",ra"
1843-07-30 09:00:00,NA,NA,NA,NA,NA,NA,NA,NA,NA,NA,NA,NA,NA,NA,NA,NA,NA,",ra"
1843-07-30 15:00:00,20,NA,NA,NA,NA,NA,1012.19,NA,NA,NA,NA,NA,26.11,NA,NA,NA,NA,",skc"
1843-07-30 21:00:00,NA,NA,NA,NA,NA,NA,NA,NA,NA,NA,NA,NA,NA,NA,NA,NA,NA,",skc"
1843-07-31,NA,NA,NA,NA,NA,NA,NA,NA,"empty","am",NA,4.95,NA,NA,NA,NA,NA,NA
1843-07-31 06:00:00,NA,NA,NA,NA,NA,NA,NA,NA,NA,NA,NA,NA,13.89,NA,NA,NA,NA,",ra"
1843-07-31 09:00:00,NA,NA,NA,NA,NA,NA,NA,NA,NA,NA,NA,NA,NA,NA,NA,NA,NA,",ra"
1843-07-31 15:00:00,19.44,NA,NA,NA,NA,NA,1009.14,NA,NA,NA,NA,NA,26.11,NA,NA,NA,NA,",bkn"
1843-07-31 21:00:00,NA,NA,NA,NA,NA,NA,NA,NA,NA,NA,NA,NA,NA,NA,NA,NA,NA,",bkn"
1843-08-01,NA,NA,NA,NA,NA,NA,NA,NA,"at night","empty",NA,1.52,NA,NA,NA,NA,NA,NA
1843-08-01 06:00:00,NA,NA,NA,NA,NA,NA,NA,NA,NA,NA,NA,NA,13.89,NA,NA,NA,NA,",bkn"
1843-08-01 09:00:00,NA,NA,NA,22.5,NA,NA,NA,NA,NA,NA,NA,NA,NA,NA,NA,NA,NA,",bkn"
1843-08-01 15:00:00,20.56,NA,NA,NA,NA,NA,1012.53,NA,NA,NA,NA,NA,26.11,NA,NA,NA,NA,",sh"
1843-08-01 21:00:00,NA,NA,NA,NA,NA,NA,NA,NA,NA,NA,NA,NA,NA,NA,NA,NA,NA,",sh"
1843-08-02,NA,NA,NA,NA,NA,NA,NA,NA,"at night","empty",NA,0.13,NA,NA,NA,NA,NA,NA
1843-08-02 06:00:00,NA,NA,NA,NA,NA,NA,NA,NA,NA,NA,NA,NA,15,NA,NA,NA,NA,",skc"
1843-08-02 09:00:00,NA,NA,NA,22.5,NA,NA,NA,NA,NA,NA,NA,NA,NA,NA,NA,NA,NA,",skc"
1843-08-02 15:00:00,20.56,NA,NA,NA,NA,NA,1010.5,NA,NA,NA,NA,NA,26.11,NA,NA,NA,NA,",sh"
1843-08-02 21:00:00,NA,NA,NA,NA,NA,NA,NA,NA,NA,NA,NA,NA,NA,NA,NA,NA,NA,",sh"
1843-08-03,NA,NA,NA,NA,NA,NA,NA,NA,NA,NA,NA,1.52,NA,NA,NA,NA,NA,NA
1843-08-03 06:00:00,NA,NA,NA,NA,NA,NA,NA,NA,NA,NA,NA,NA,11.11,NA,NA,NA,NA,NA
1843-08-03 09:00:00,NA,NA,NA,22.5,NA,NA,NA,NA,NA,NA,NA,NA,NA,NA,NA,NA,NA,",bkn"
1843-08-03 15:00:00,18.89,NA,NA,NA,NA,NA,1017.27,NA,NA,NA,NA,NA,22.78,NA,NA,NA,NA,",bkn"
1843-08-03 21:00:00,NA,NA,NA,NA,NA,NA,NA,NA,NA,NA,NA,NA,NA,NA,NA,NA,NA,NA
1843-08-04,NA,NA,NA,NA,NA,NA,NA,NA,"empty","empty",NA,NA,NA,NA,NA,NA,NA,",gr,"
1843-08-04 06:00:00,NA,NA,NA,NA,NA,NA,NA,NA,NA,NA,NA,NA,8.89,NA,NA,NA,NA,",ts"
1843-08-04 09:00:00,NA,NA,NA,315,NA,NA,NA,NA,NA,NA,NA,NA,NA,NA,NA,NA,NA,",ts"
1843-08-04 15:00:00,21.67,NA,NA,NA,NA,NA,1016.93,NA,NA,NA,NA,NA,29.44,NA,NA,NA,NA,",ts"
1843-08-04 21:00:00,NA,NA,NA,NA,NA,NA,NA,NA,NA,NA,NA,NA,NA,NA,NA,NA,NA,",ts"
1843-08-05,NA,NA,NA,NA,NA,NA,NA,NA,NA,NA,NA,4.19,NA,NA,NA,NA,NA,NA
1843-08-05 06:00:00,NA,NA,NA,NA,NA,NA,NA,NA,NA,NA,NA,NA,13.89,NA,NA,NA,NA,NA
1843-08-05 09:00:00,NA,NA,NA,315,NA,NA,NA,NA,NA,NA,NA,NA,NA,NA,NA,NA,NA,",skc"
1843-08-05 15:00:00,21.67,NA,NA,NA,NA,NA,1025.06,NA,NA,NA,NA,NA,24.44,NA,NA,NA,NA,",skc"
1843-08-05 21:00:00,NA,NA,NA,NA,NA,NA,NA,NA,NA,NA,NA,NA,NA,NA,NA,NA,NA,",skc"
1843-08-06,NA,NA,NA,NA,NA,NA,NA,NA,NA,NA,NA,NA,NA,NA,NA,NA,NA,NA
1843-08-06 06:00:00,NA,NA,NA,NA,NA,NA,NA,NA,NA,NA,NA,NA,7.78,NA,NA,NA,NA,NA
1843-08-06 09:00:00,NA,NA,NA,67.5,NA,NA,NA,NA,NA,NA,NA,NA,NA,NA,NA,NA,NA,",skc"
1843-08-06 15:00:00,21.67,NA,NA,NA,NA,NA,1020.32,NA,NA,NA,NA,NA,27.22,NA,NA,NA,NA,",skc"
1843-08-06 21:00:00,NA,NA,NA,NA,NA,NA,NA,NA,NA,NA,NA,NA,NA,NA,NA,NA,NA,",skc"
1843-08-07,NA,NA,NA,NA,NA,NA,NA,NA,NA,NA,NA,NA,NA,NA,NA,NA,NA,NA
1843-08-07 06:00:00,NA,NA,NA,NA,NA,NA,NA,NA,NA,NA,NA,NA,8.06,NA,NA,NA,NA,NA
1843-08-07 09:00:00,NA,NA,NA,135,NA,NA,NA,NA,NA,NA,NA,NA,NA,NA,NA,NA,NA,",skc"
1843-08-07 15:00:00,22.22,NA,NA,NA,NA,NA,1015.92,NA,NA,NA,NA,NA,25.56,NA,NA,NA,NA,",skc"
1843-08-07 21:00:00,NA,NA,NA,NA,NA,NA,NA,NA,NA,NA,NA,NA,NA,NA,NA,NA,NA,NA
1843-08-08,NA,NA,NA,NA,NA,NA,NA,NA,NA,NA,NA,NA,NA,NA,NA,NA,NA,NA
1843-08-08 06:00:00,NA,NA,NA,NA,NA,NA,NA,NA,NA,NA,NA,NA,12.78,NA,NA,NA,NA,NA
1843-08-08 09:00:00,NA,NA,NA,225,NA,NA,NA,NA,NA,NA,NA,NA,NA,NA,NA,NA,NA,",skc"
1843-08-08 15:00:00,23.33,NA,NA,NA,NA,NA,1012.19,NA,NA,NA,NA,NA,29.44,NA,NA,NA,NA,",skc"
1843-08-08 21:00:00,NA,NA,NA,NA,NA,NA,NA,NA,NA,NA,NA,NA,NA,NA,NA,NA,NA,NA
1843-08-09,NA,NA,NA,NA,NA,NA,NA,NA,"am","empty",NA,NA,NA,NA,NA,NA,NA,NA
1843-08-09 06:00:00,NA,NA,NA,NA,NA,NA,NA,NA,NA,NA,NA,NA,19.44,NA,NA,NA,NA,NA
1843-08-09 09:00:00,NA,NA,NA,NA,NA,NA,NA,NA,NA,NA,NA,NA,NA,NA,NA,NA,NA,",bkn"
1843-08-09 15:00:00,23.33,NA,NA,NA,NA,NA,1013.88,NA,NA,NA,NA,NA,27.78,NA,NA,NA,NA,",bkn"
1843-08-09 21:00:00,NA,NA,NA,NA,NA,NA,NA,NA,NA,NA,NA,NA,NA,NA,NA,NA,NA,NA
1843-08-10,NA,NA,NA,NA,NA,NA,NA,NA,NA,NA,NA,0.03,NA,NA,NA,NA,NA,NA
1843-08-10 06:00:00,NA,NA,NA,NA,NA,NA,NA,NA,NA,NA,NA,NA,16.11,NA,NA,NA,NA,",skc"
1843-08-10 09:00:00,NA,NA,NA,NA,NA,NA,NA,NA,NA,NA,NA,NA,NA,NA,NA,NA,NA,",skc"
1843-08-10 15:00:00,22.22,NA,NA,NA,NA,NA,1018.96,NA,NA,NA,NA,NA,25.56,NA,NA,NA,NA,",bkn"
1843-08-10 21:00:00,NA,NA,NA,NA,NA,NA,NA,NA,NA,NA,NA,NA,NA,NA,NA,NA,NA,",bkn"
1843-08-11,NA,NA,NA,NA,NA,NA,NA,NA,"before day","empty",NA,NA,NA,NA,NA,NA,NA,NA
1843-08-11 06:00:00,NA,NA,NA,NA,NA,NA,NA,NA,NA,NA,NA,NA,17.5,NA,NA,NA,NA,",ra"
1843-08-11 09:00:00,NA,NA,NA,225,NA,NA,NA,NA,NA,NA,NA,NA,NA,NA,NA,NA,NA,",ra"
1843-08-11 15:00:00,25,NA,NA,NA,NA,NA,1011.85,NA,NA,NA,NA,NA,30,NA,NA,NA,NA,",bkn"
1843-08-11 21:00:00,NA,NA,NA,NA,NA,NA,NA,NA,NA,NA,NA,NA,NA,NA,NA,NA,NA,",bkn"
1843-08-12,NA,NA,NA,NA,NA,NA,NA,NA,"at night",NA,NA,4.67,NA,NA,NA,NA,NA,NA
1843-08-12 06:00:00,NA,NA,NA,NA,NA,NA,NA,NA,NA,NA,NA,NA,20.83,NA,NA,NA,NA,",skc"
1843-08-12 09:00:00,NA,NA,NA,225,NA,NA,NA,NA,NA,NA,NA,NA,NA,NA,NA,NA,NA,",skc"
1843-08-12 15:00:00,24.44,NA,NA,NA,NA,NA,1008.81,NA,NA,NA,NA,NA,28.33,NA,NA,NA,NA,",missing"
1843-08-12 21:00:00,NA,NA,NA,NA,NA,NA,NA,NA,NA,NA,NA,NA,NA,NA,NA,NA,NA,",missing"
1843-08-13,NA,NA,NA,NA,NA,NA,NA,NA,"empty","3 pm",NA,0.13,NA,NA,NA,NA,NA,NA
1843-08-13 06:00:00,NA,NA,NA,NA,NA,NA,NA,NA,NA,NA,NA,NA,17.78,NA,NA,NA,NA,NA
1843-08-13 09:00:00,NA,NA,NA,0,NA,NA,NA,NA,NA,NA,NA,NA,NA,NA,NA,NA,NA,",ra"
1843-08-13 15:00:00,21.11,NA,NA,NA,NA,NA,1004.06,NA,NA,NA,NA,NA,19.44,NA,NA,NA,NA,",ra"
1843-08-13 21:00:00,NA,NA,NA,NA,NA,NA,NA,NA,NA,NA,NA,NA,NA,NA,NA,NA,NA,NA
1843-08-14,NA,NA,NA,NA,NA,NA,NA,NA,NA,NA,NA,24.64,NA,NA,NA,NA,NA,NA
1843-08-14 06:00:00,NA,NA,NA,NA,NA,NA,NA,NA,NA,NA,NA,NA,16.11,NA,NA,NA,NA,",skc"
1843-08-14 09:00:00,NA,NA,NA,225,NA,NA,NA,NA,NA,NA,NA,NA,NA,NA,NA,NA,NA,",skc"
1843-08-14 15:00:00,22.22,NA,NA,NA,NA,NA,1010.16,NA,NA,NA,NA,NA,25.56,NA,NA,NA,NA,",skc"
1843-08-14 21:00:00,NA,NA,NA,NA,NA,NA,NA,NA,NA,NA,NA,NA,NA,NA,NA,NA,NA,NA
1843-08-15,NA,NA,NA,NA,NA,NA,NA,NA,"at night","empty",NA,NA,NA,NA,NA,NA,NA,NA
1843-08-15 06:00:00,NA,NA,NA,NA,NA,NA,NA,NA,NA,NA,NA,NA,14.44,NA,NA,NA,NA,NA
1843-08-15 09:00:00,NA,NA,NA,NA,NA,NA,NA,NA,NA,NA,NA,NA,NA,NA,NA,NA,NA,NA
1843-08-15 15:00:00,23.33,NA,NA,NA,NA,NA,1007.79,NA,NA,NA,NA,NA,26.67,NA,NA,NA,NA,",skc"
1843-08-15 21:00:00,NA,NA,NA,NA,NA,NA,NA,NA,NA,NA,NA,NA,NA,NA,NA,NA,NA,",ra"
1843-08-16,NA,NA,NA,NA,NA,NA,NA,NA,"before day","empty",NA,30.48,NA,NA,NA,NA,NA,NA
1843-08-16 06:00:00,NA,NA,NA,NA,NA,NA,NA,NA,NA,NA,NA,NA,16.11,NA,NA,NA,NA,NA
1843-08-16 09:00:00,NA,NA,NA,225,NA,NA,NA,NA,NA,NA,NA,NA,NA,NA,NA,NA,NA,",skc"
1843-08-16 15:00:00,22.22,NA,NA,NA,NA,NA,1008.47,NA,NA,NA,NA,NA,23.33,NA,NA,NA,NA,",sh"
1843-08-16 21:00:00,NA,NA,NA,NA,NA,NA,NA,NA,NA,NA,NA,NA,NA,NA,NA,NA,NA,",sh"
1843-08-17,NA,NA,NA,NA,NA,NA,NA,NA,NA,NA,NA,0.25,NA,NA,NA,NA,NA,NA
1843-08-17 06:00:00,NA,NA,NA,NA,NA,NA,NA,NA,NA,NA,NA,NA,14.44,NA,NA,NA,NA,NA
1843-08-17 09:00:00,NA,NA,NA,202.5,NA,NA,NA,NA,NA,NA,NA,NA,NA,NA,NA,NA,NA,",skc"
1843-08-17 15:00:00,22.78,NA,NA,NA,NA,NA,1012.53,NA,NA,NA,NA,NA,26.67,NA,NA,NA,NA,",skc"
1843-08-17 21:00:00,NA,NA,NA,NA,NA,NA,NA,NA,NA,NA,NA,NA,NA,NA,NA,NA,NA,",skc"
1843-08-18,NA,NA,NA,NA,NA,NA,NA,NA,NA,NA,NA,NA,NA,NA,NA,NA,NA,NA
1843-08-18 06:00:00,NA,NA,NA,NA,NA,NA,NA,NA,NA,NA,NA,NA,12.22,NA,NA,NA,NA,NA
1843-08-18 09:00:00,NA,NA,NA,225,NA,NA,NA,NA,NA,NA,NA,NA,NA,NA,NA,NA,NA,",skc"
1843-08-18 15:00:00,22.78,NA,NA,NA,NA,NA,1013.88,NA,NA,NA,NA,NA,26.11,NA,NA,NA,NA,",skc"
1843-08-18 21:00:00,NA,NA,NA,NA,NA,NA,NA,NA,NA,NA,NA,NA,NA,NA,NA,NA,NA,",skc"
1843-08-19,NA,NA,NA,NA,NA,NA,NA,NA,"empty","11 pm",NA,NA,NA,NA,NA,NA,NA,NA
1843-08-19 06:00:00,NA,NA,NA,NA,NA,NA,NA,NA,NA,NA,NA,NA,13.89,NA,NA,NA,NA,NA
1843-08-19 09:00:00,NA,NA,NA,225,NA,NA,NA,NA,NA,NA,NA,NA,NA,NA,NA,NA,NA,",skc"
1843-08-19 15:00:00,24.44,NA,NA,NA,NA,NA,1015.92,NA,NA,NA,NA,NA,27.78,NA,NA,NA,NA,",skc"
1843-08-19 21:00:00,NA,NA,NA,NA,NA,NA,NA,NA,NA,NA,NA,NA,NA,NA,NA,NA,NA,",sh"
1843-08-20,NA,NA,NA,NA,NA,NA,NA,NA,"at night","empty",NA,0.25,NA,NA,NA,NA,NA,NA
1843-08-20 06:00:00,NA,NA,NA,225,NA,NA,NA,NA,NA,NA,NA,NA,17.78,NA,NA,NA,NA,",skc"
1843-08-20 09:00:00,NA,NA,NA,NA,NA,NA,NA,NA,NA,NA,NA,NA,NA,NA,NA,NA,NA,",skc"
1843-08-20 15:00:00,25.56,NA,NA,225,NA,NA,1018.96,NA,NA,NA,NA,NA,30.56,NA,NA,NA,NA,",sh"
1843-08-20 21:00:00,24.44,NA,NA,NA,NA,NA,1010.5,NA,NA,NA,NA,NA,NA,NA,NA,NA,NA,",sh"
1843-08-21,NA,NA,NA,NA,NA,NA,NA,NA,NA,NA,NA,0.38,NA,NA,NA,NA,NA,NA
1843-08-21 06:00:00,NA,NA,NA,NA,NA,NA,NA,NA,NA,NA,NA,NA,18.33,NA,NA,NA,NA,NA
1843-08-21 09:00:00,NA,NA,NA,45,NA,NA,NA,NA,NA,NA,NA,NA,NA,NA,NA,NA,NA,",bkn"
1843-08-21 15:00:00,21.11,NA,NA,NA,NA,NA,1021.67,NA,NA,NA,NA,NA,23.33,NA,NA,NA,NA,",bkn"
1843-08-21 21:00:00,NA,NA,NA,NA,NA,NA,NA,NA,NA,NA,NA,NA,NA,NA,NA,NA,NA,",bkn"
1843-08-22,NA,NA,NA,NA,NA,NA,NA,NA,NA,NA,NA,NA,NA,NA,NA,NA,NA,NA
1843-08-22 06:00:00,NA,NA,NA,NA,NA,NA,NA,NA,NA,NA,NA,NA,16.11,NA,NA,NA,NA,NA
1843-08-22 09:00:00,NA,NA,NA,135,NA,NA,NA,NA,NA,NA,NA,NA,NA,NA,NA,NA,NA,",bkn"
1843-08-22 15:00:00,20.56,NA,NA,NA,NA,NA,1021.67,NA,NA,NA,NA,NA,26.11,NA,NA,NA,NA,",bkn"
1843-08-22 21:00:00,NA,NA,NA,NA,NA,NA,NA,NA,NA,NA,NA,NA,NA,NA,NA,NA,NA,",bkn"
1843-08-23,NA,NA,NA,NA,NA,NA,NA,NA,"empty","noon",NA,NA,NA,NA,NA,NA,NA,NA
1843-08-23 06:00:00,NA,NA,NA,NA,NA,NA,NA,NA,NA,NA,NA,NA,20.56,NA,NA,NA,NA,NA
1843-08-23 09:00:00,NA,NA,NA,225,NA,NA,NA,NA,NA,NA,NA,NA,NA,NA,NA,NA,NA,",ra"
1843-08-23 15:00:00,25,NA,NA,NA,NA,NA,1015.92,NA,NA,NA,NA,NA,27.78,NA,NA,NA,NA,",ra"
1843-08-23 21:00:00,NA,NA,NA,NA,NA,NA,NA,NA,NA,NA,NA,NA,NA,NA,NA,NA,NA,NA
1843-08-24,NA,NA,NA,NA,NA,NA,NA,NA,"all day","empty",NA,7.75,NA,NA,NA,NA,NA,NA
1843-08-24 06:00:00,NA,NA,NA,NA,NA,NA,NA,NA,NA,NA,NA,NA,20,NA,NA,NA,NA,NA
1843-08-24 09:00:00,NA,NA,NA,247.5,NA,NA,NA,NA,NA,NA,NA,NA,NA,NA,NA,NA,NA,",ra"
1843-08-24 15:00:00,25,NA,NA,NA,NA,NA,1012.87,NA,NA,NA,NA,NA,29.44,NA,NA,NA,NA,",ra"
1843-08-24 21:00:00,NA,NA,NA,NA,NA,NA,NA,NA,NA,NA,NA,NA,NA,NA,NA,NA,NA,NA
1843-08-25,NA,NA,NA,NA,NA,NA,NA,NA,NA,NA,NA,6.6,NA,NA,NA,NA,NA,NA
1843-08-25 06:00:00,NA,NA,NA,NA,NA,NA,NA,NA,NA,NA,NA,NA,17.22,NA,NA,NA,NA,NA
1843-08-25 09:00:00,NA,NA,NA,270,NA,NA,NA,NA,NA,NA,NA,NA,NA,NA,NA,NA,NA,NA
1843-08-25 15:00:00,22.22,NA,NA,NA,NA,NA,1012.87,NA,NA,NA,NA,NA,25,NA,NA,NA,NA,",skc"
1843-08-25 21:00:00,NA,NA,NA,NA,NA,NA,NA,NA,NA,NA,NA,NA,NA,NA,NA,NA,NA,NA
1843-08-26,NA,NA,NA,NA,NA,NA,NA,NA,NA,NA,NA,NA,NA,NA,NA,NA,NA,NA
1843-08-26 06:00:00,NA,NA,NA,NA,NA,NA,NA,NA,NA,NA,NA,NA,11.67,NA,NA,NA,NA,NA
1843-08-26 09:00:00,NA,NA,NA,225,NA,NA,NA,NA,NA,NA,NA,NA,NA,NA,NA,NA,NA,",skc"
1843-08-26 15:00:00,23.33,NA,NA,NA,NA,NA,1015.24,NA,NA,NA,NA,NA,28.89,NA,NA,NA,NA,",skc"
1843-08-26 21:00:00,NA,NA,NA,NA,NA,NA,NA,NA,NA,NA,NA,NA,NA,NA,NA,NA,NA,",skc"
1843-08-27,NA,NA,NA,NA,NA,NA,NA,NA,NA,NA,NA,NA,NA,NA,NA,NA,NA,NA
1843-08-27 06:00:00,NA,NA,NA,NA,NA,NA,NA,NA,NA,NA,NA,NA,15,NA,NA,NA,NA,NA
1843-08-27 09:00:00,NA,NA,NA,225,NA,NA,NA,NA,NA,NA,NA,NA,NA,NA,NA,NA,NA,NA
1843-08-27 15:00:00,22.22,NA,NA,NA,NA,NA,1014.56,NA,NA,NA,NA,NA,26.67,NA,NA,NA,NA,",skc"
1843-08-27 21:00:00,NA,NA,NA,NA,NA,NA,NA,NA,NA,NA,NA,NA,NA,NA,NA,NA,NA,",skc"
1843-08-28,NA,NA,NA,NA,NA,NA,NA,NA,"empty","empty",NA,NA,NA,NA,NA,NA,NA,NA
1843-08-28 06:00:00,NA,NA,NA,NA,NA,NA,NA,NA,NA,NA,NA,NA,14.44,NA,NA,NA,NA,NA
1843-08-28 09:00:00,NA,NA,NA,45,NA,NA,NA,NA,NA,NA,NA,NA,NA,NA,NA,NA,NA,NA
1843-08-28 15:00:00,19.44,NA,NA,NA,NA,NA,1015.58,NA,NA,NA,NA,NA,20,NA,NA,NA,NA,",br"
1843-08-28 21:00:00,NA,NA,NA,NA,NA,NA,NA,NA,NA,NA,NA,NA,NA,NA,NA,NA,NA,",br"
1843-08-29,NA,NA,NA,NA,NA,NA,NA,NA,NA,NA,NA,0.13,NA,NA,NA,NA,NA,NA
1843-08-29 06:00:00,NA,NA,NA,NA,NA,NA,NA,NA,NA,NA,NA,NA,7.78,NA,NA,NA,NA,NA
1843-08-29 09:00:00,NA,NA,NA,315,NA,NA,NA,NA,NA,NA,NA,NA,NA,NA,NA,NA,NA,NA
1843-08-29 15:00:00,17.78,NA,NA,NA,NA,NA,1018.29,NA,NA,NA,NA,NA,19.44,NA,NA,NA,NA,",skc"
1843-08-29 21:00:00,NA,NA,NA,NA,NA,NA,NA,NA,NA,NA,NA,NA,NA,NA,NA,NA,NA,",skc"
1843-08-30,NA,NA,NA,NA,NA,NA,NA,NA,"midday","empty",NA,NA,NA,NA,NA,NA,NA,NA
1843-08-30 06:00:00,NA,NA,NA,NA,NA,NA,NA,NA,NA,NA,NA,NA,7.22,NA,NA,NA,NA,NA
1843-08-30 09:00:00,NA,NA,NA,225,NA,NA,NA,NA,NA,NA,NA,NA,NA,NA,NA,NA,NA,NA
1843-08-30 15:00:00,17.22,NA,NA,NA,NA,NA,1005.76,NA,NA,NA,NA,NA,21.11,NA,NA,NA,NA,",ra"
1843-08-30 21:00:00,NA,NA,NA,NA,NA,NA,NA,NA,NA,NA,NA,NA,NA,NA,NA,NA,NA,",ra"
1843-08-31,NA,NA,NA,NA,NA,NA,NA,NA,"midday","empty",NA,2.92,NA,NA,NA,NA,NA,NA
1843-08-31 06:00:00,NA,NA,NA,NA,NA,NA,NA,NA,NA,NA,NA,NA,6.11,NA,NA,NA,NA,NA
1843-08-31 09:00:00,NA,NA,NA,315,NA,NA,NA,NA,NA,NA,NA,NA,NA,NA,NA,NA,NA,NA
1843-08-31 15:00:00,14.44,NA,NA,NA,NA,NA,1005.42,NA,NA,NA,NA,NA,17.22,NA,NA,NA,NA,",ra"
1843-08-31 21:00:00,NA,NA,NA,NA,NA,NA,NA,NA,NA,NA,NA,NA,NA,NA,NA,NA,NA,",ra"
1843-09-01,NA,NA,NA,NA,NA,0,NA,NA,"empty","empty",NA,2.79,NA,NA,NA,NA,NA,NA
1843-09-01 06:00:00,NA,NA,NA,NA,NA,NA,NA,NA,NA,NA,NA,NA,7.22,NA,NA,NA,NA,NA
1843-09-01 09:00:00,NA,NA,NA,NA,NA,NA,NA,NA,NA,NA,NA,NA,NA,NA,NA,NA,NA,",skc"
1843-09-01 15:00:00,15,NA,NA,NA,NA,NA,1018.63,NA,NA,NA,NA,NA,15,NA,NA,NA,NA,",skc"
1843-09-01 21:00:00,NA,NA,NA,NA,NA,NA,NA,NA,NA,NA,NA,NA,NA,NA,NA,NA,NA,NA
1843-09-02,NA,NA,NA,NA,NA,0,NA,NA,"dawn","dusk",NA,0,NA,NA,NA,NA,NA,NA
1843-09-02 06:00:00,NA,NA,NA,NA,NA,NA,NA,NA,NA,NA,NA,NA,6.11,NA,NA,NA,NA,NA
1843-09-02 09:00:00,NA,NA,NA,NA,NA,NA,NA,NA,NA,NA,NA,NA,NA,NA,NA,NA,NA,",ra"
1843-09-02 15:00:00,14.44,NA,NA,NA,NA,NA,1008.47,NA,NA,NA,NA,NA,18.33,NA,NA,NA,NA,",ra"
1843-09-02 21:00:00,NA,NA,NA,NA,NA,NA,NA,NA,NA,NA,NA,NA,NA,NA,NA,NA,NA,NA
1843-09-03,NA,NA,NA,NA,NA,0,NA,NA,"empty","empty",NA,2.54,NA,NA,NA,NA,NA,NA
1843-09-03 06:00:00,NA,NA,NA,NA,NA,NA,NA,NA,NA,NA,NA,NA,15,NA,NA,NA,NA,",skc"
1843-09-03 09:00:00,NA,NA,NA,NA,NA,NA,NA,NA,NA,NA,NA,NA,NA,NA,NA,NA,NA,",skc"
1843-09-03 15:00:00,18.33,NA,NA,NA,NA,NA,1007.79,NA,NA,NA,NA,NA,20,NA,NA,NA,NA,",skc"
1843-09-03 21:00:00,NA,NA,NA,NA,NA,NA,NA,NA,NA,NA,NA,NA,NA,NA,NA,NA,NA,NA
1843-09-04,NA,NA,NA,NA,NA,0,NA,NA,"10 pm","empty",NA,0,NA,NA,NA,NA,NA,NA
1843-09-04 06:00:00,NA,NA,NA,NA,NA,NA,NA,NA,NA,NA,NA,NA,9.44,NA,NA,NA,NA,",bkn"
1843-09-04 09:00:00,NA,NA,NA,NA,NA,NA,NA,NA,NA,NA,NA,NA,NA,NA,NA,NA,NA,",bkn"
1843-09-04 15:00:00,21.11,NA,NA,NA,NA,NA,999.66,NA,NA,NA,NA,NA,20.56,NA,NA,NA,NA,",ra"
1843-09-04 21:00:00,NA,NA,NA,NA,NA,NA,NA,NA,NA,NA,NA,NA,NA,NA,NA,NA,NA,",ra"
1843-09-05,NA,NA,NA,NA,NA,0,NA,NA,"empty","empty",NA,0.64,NA,NA,NA,NA,NA,NA
1843-09-05 06:00:00,NA,NA,NA,NA,NA,NA,NA,NA,NA,NA,NA,NA,13.89,NA,NA,NA,NA,NA
1843-09-05 09:00:00,NA,NA,NA,NA,NA,NA,NA,NA,NA,NA,NA,NA,NA,NA,NA,NA,NA,",skc"
1843-09-05 15:00:00,17.22,NA,NA,NA,NA,NA,1014.22,NA,NA,NA,NA,NA,16.11,NA,NA,NA,NA,",skc"
1843-09-05 21:00:00,NA,NA,NA,NA,NA,NA,NA,NA,NA,NA,NA,NA,NA,NA,NA,NA,NA,NA
1843-09-06,NA,NA,NA,NA,NA,0,NA,NA,"empty","empty",NA,0,NA,NA,NA,NA,NA,NA
1843-09-06 06:00:00,NA,NA,NA,NA,NA,NA,NA,NA,NA,NA,NA,NA,2.78,NA,NA,NA,NA,NA
1843-09-06 09:00:00,NA,NA,NA,NA,NA,NA,NA,NA,NA,NA,NA,NA,NA,NA,NA,NA,NA,",skc"
1843-09-06 15:00:00,16.11,NA,NA,NA,NA,NA,1020.66,NA,NA,NA,NA,NA,22.22,NA,NA,NA,NA,",skc"
1843-09-06 21:00:00,NA,NA,NA,NA,NA,NA,NA,NA,NA,NA,NA,NA,NA,NA,NA,NA,NA,NA
1843-09-07,NA,NA,NA,NA,NA,0,NA,NA,"empty","empty",NA,0,NA,NA,NA,NA,NA,NA
1843-09-07 06:00:00,NA,NA,NA,NA,NA,NA,NA,NA,NA,NA,NA,NA,7.22,NA,NA,NA,NA,NA
1843-09-07 09:00:00,NA,NA,NA,NA,NA,NA,NA,NA,NA,NA,NA,NA,NA,NA,NA,NA,NA,",skc"
1843-09-07 15:00:00,15.56,NA,NA,NA,NA,NA,1019.98,NA,NA,NA,NA,NA,19.44,NA,NA,NA,NA,",skc"
1843-09-07 21:00:00,NA,NA,NA,NA,NA,NA,NA,NA,NA,NA,NA,NA,NA,NA,NA,NA,NA,NA
1843-09-08,NA,NA,NA,NA,NA,0,NA,NA,"empty","empty",NA,0,NA,NA,NA,NA,NA,",frst,"
1843-09-08 06:00:00,NA,NA,NA,NA,NA,NA,NA,NA,NA,NA,NA,NA,-0.56,NA,NA,NA,NA,NA
1843-09-08 09:00:00,NA,NA,NA,NA,NA,NA,NA,NA,NA,NA,NA,NA,NA,NA,NA,NA,NA,",skc"
1843-09-08 15:00:00,13.89,NA,NA,NA,NA,NA,1022.01,NA,NA,NA,NA,NA,17.78,NA,NA,NA,NA,",skc"
1843-09-08 21:00:00,NA,NA,NA,NA,NA,NA,NA,NA,NA,NA,NA,NA,NA,NA,NA,NA,NA,NA
1843-09-09,NA,NA,NA,NA,NA,0,NA,NA,"dawn","empty",NA,0,NA,NA,NA,NA,NA,NA
1843-09-09 06:00:00,NA,NA,NA,NA,NA,NA,NA,NA,NA,NA,NA,NA,10.56,NA,NA,NA,NA,NA
1843-09-09 09:00:00,NA,NA,NA,NA,NA,NA,996.28,NA,NA,NA,NA,NA,NA,NA,NA,NA,NA,",ra"
1843-09-09 15:00:00,17.78,NA,NA,NA,NA,NA,995.6,NA,NA,NA,NA,NA,18.89,NA,NA,NA,NA,",ra"
1843-09-09 21:00:00,NA,NA,NA,NA,NA,NA,NA,NA,NA,NA,NA,NA,NA,NA,NA,NA,NA,NA
1843-09-10,NA,NA,NA,NA,NA,0,NA,NA,"empty","empty",NA,7.49,NA,NA,NA,NA,NA,NA
1843-09-10 06:00:00,NA,NA,NA,NA,NA,NA,NA,NA,NA,NA,NA,NA,3.33,NA,NA,NA,NA,NA
1843-09-10 09:00:00,NA,NA,NA,NA,NA,NA,NA,NA,NA,NA,NA,NA,NA,NA,NA,NA,NA,",skc"
1843-09-10 15:00:00,11.67,NA,NA,NA,NA,NA,1004.06,NA,NA,NA,NA,NA,15,NA,NA,NA,NA,",skc"
1843-09-10 21:00:00,NA,NA,NA,NA,NA,NA,NA,NA,NA,NA,NA,NA,NA,NA,NA,NA,NA,NA
1843-09-11,NA,NA,NA,NA,NA,0,NA,NA,"empty","empty",NA,0,NA,NA,NA,NA,NA,NA
1843-09-11 06:00:00,NA,NA,NA,NA,NA,NA,NA,NA,NA,NA,NA,NA,1.11,NA,NA,NA,NA,NA
1843-09-11 09:00:00,NA,NA,NA,NA,NA,NA,NA,NA,NA,NA,NA,NA,NA,NA,NA,NA,NA,",bkn"
1843-09-11 15:00:00,13.33,NA,NA,NA,NA,NA,1009.48,NA,NA,NA,NA,NA,16.67,NA,NA,NA,NA,",bkn"
1843-09-11 21:00:00,NA,NA,NA,NA,NA,NA,NA,NA,NA,NA,NA,NA,NA,NA,NA,NA,NA,NA
1843-09-12,NA,NA,NA,NA,NA,0,NA,NA,"empty","empty",NA,0,NA,NA,NA,NA,NA,NA
1843-09-12 06:00:00,NA,NA,NA,NA,NA,NA,NA,NA,NA,NA,NA,NA,1.67,NA,NA,NA,NA,NA
1843-09-12 09:00:00,NA,NA,NA,NA,NA,NA,NA,NA,NA,NA,NA,NA,NA,NA,NA,NA,NA,",bkn"
1843-09-12 15:00:00,12.22,NA,NA,NA,NA,NA,1016.93,NA,NA,NA,NA,NA,14.44,NA,NA,NA,NA,",bkn"
1843-09-12 21:00:00,NA,NA,NA,NA,NA,NA,NA,NA,NA,NA,NA,NA,NA,NA,NA,NA,NA,NA
1843-09-13,NA,NA,NA,NA,NA,0,NA,NA,"empty","empty",NA,0,NA,NA,NA,NA,NA,NA
1843-09-13 06:00:00,NA,NA,NA,NA,NA,NA,NA,NA,NA,NA,NA,NA,-0.56,NA,NA,NA,NA,",sh"
1843-09-13 09:00:00,NA,NA,NA,NA,NA,NA,NA,NA,NA,NA,NA,NA,NA,NA,NA,NA,NA,",sh"
1843-09-13 15:00:00,12.22,NA,NA,NA,NA,NA,1017.27,NA,NA,NA,NA,NA,15.56,NA,NA,NA,NA,",sh"
1843-09-13 21:00:00,NA,NA,NA,NA,NA,NA,NA,NA,NA,NA,NA,NA,NA,NA,NA,NA,NA,",sh"
1843-09-14,NA,NA,NA,NA,NA,0,NA,NA,"empty","empty",NA,0.13,NA,NA,NA,NA,NA,NA
1843-09-14 06:00:00,NA,NA,NA,NA,NA,NA,NA,NA,NA,NA,NA,NA,-1.67,NA,NA,NA,NA,NA
1843-09-14 09:00:00,NA,NA,NA,NA,NA,NA,NA,NA,NA,NA,NA,NA,NA,NA,NA,NA,NA,",skc"
1843-09-14 15:00:00,12.78,NA,NA,NA,NA,NA,1024.38,NA,NA,NA,NA,NA,16.11,NA,NA,NA,NA,",skc"
1843-09-14 21:00:00,NA,NA,NA,NA,NA,NA,NA,NA,NA,NA,NA,NA,NA,NA,NA,NA,NA,",skc"
1843-09-15,NA,NA,NA,NA,NA,0,NA,NA,"empty","empty",NA,0,NA,NA,NA,NA,NA,NA
1843-09-15 06:00:00,NA,NA,NA,NA,NA,NA,NA,NA,NA,NA,NA,NA,0.56,NA,NA,NA,NA,NA
1843-09-15 09:00:00,NA,NA,NA,NA,NA,NA,NA,NA,NA,NA,NA,NA,NA,NA,NA,NA,NA,",skc"
1843-09-15 15:00:00,16.11,NA,NA,NA,NA,NA,1025.06,NA,NA,NA,NA,NA,22.22,NA,NA,NA,NA,",skc"
1843-09-15 21:00:00,NA,NA,NA,NA,NA,NA,NA,NA,NA,NA,NA,NA,NA,NA,NA,NA,NA,",skc"
1843-09-16,NA,NA,NA,NA,NA,0,NA,NA,"empty","empty",NA,0,NA,NA,NA,NA,NA,NA
1843-09-16 06:00:00,NA,NA,NA,NA,NA,NA,NA,NA,NA,NA,NA,NA,11.67,NA,NA,NA,NA,NA
1843-09-16 09:00:00,NA,NA,NA,NA,NA,NA,NA,NA,NA,NA,NA,NA,NA,NA,NA,NA,NA,",ra"
1843-09-16 15:00:00,19.44,NA,NA,NA,NA,NA,1013.88,NA,NA,NA,NA,NA,21.67,NA,NA,NA,NA,",ra"
1843-09-16 21:00:00,NA,NA,NA,NA,NA,NA,NA,NA,NA,NA,NA,NA,NA,NA,NA,NA,NA,NA
1843-09-17,NA,NA,NA,NA,NA,NA,NA,NA,"empty","empty",NA,2.67,NA,NA,NA,NA,NA,NA
1843-09-17 06:00:00,NA,NA,NA,NA,NA,NA,NA,NA,NA,NA,NA,NA,15.56,NA,NA,NA,NA,NA
1843-09-17 09:00:00,NA,NA,NA,NA,NA,NA,NA,NA,NA,NA,NA,NA,NA,NA,NA,NA,NA,",skc"
1843-09-17 15:00:00,20.56,NA,NA,NA,NA,NA,1012.19,NA,NA,NA,NA,NA,25.56,NA,NA,NA,NA,",skc"
1843-09-17 21:00:00,NA,NA,NA,NA,NA,NA,NA,NA,NA,NA,NA,NA,NA,NA,NA,NA,NA,",skc"
1843-09-18,NA,NA,NA,NA,NA,0,NA,NA,"empty","empty",NA,0,NA,NA,NA,NA,NA,NA
1843-09-18 06:00:00,NA,NA,NA,NA,NA,NA,NA,NA,NA,NA,NA,NA,11.67,NA,NA,NA,NA,NA
1843-09-18 09:00:00,NA,NA,NA,NA,NA,NA,NA,NA,NA,NA,NA,NA,NA,NA,NA,NA,NA,",skc"
1843-09-18 15:00:00,20.56,NA,NA,NA,NA,NA,1012.19,NA,NA,NA,NA,NA,26.67,NA,NA,NA,NA,",skc"
1843-09-18 21:00:00,NA,NA,NA,NA,NA,NA,NA,NA,NA,NA,NA,NA,NA,NA,NA,NA,NA,",skc"
1843-09-19,NA,NA,NA,NA,NA,0,NA,NA,"am","am",NA,0,NA,NA,NA,NA,NA,NA
1843-09-19 06:00:00,NA,NA,NA,NA,NA,NA,NA,NA,NA,NA,NA,NA,13.89,NA,NA,NA,NA,",ra"
1843-09-19 09:00:00,NA,NA,NA,NA,NA,NA,NA,NA,NA,NA,NA,NA,NA,NA,NA,NA,NA,",ra"
1843-09-19 15:00:00,20.56,NA,NA,NA,NA,NA,1017.27,NA,NA,NA,NA,NA,18.89,NA,NA,NA,NA,",skc"
1843-09-19 21:00:00,NA,NA,NA,NA,NA,NA,NA,NA,NA,NA,NA,NA,NA,NA,NA,NA,NA,NA
1843-09-20,NA,NA,NA,NA,NA,0,NA,NA,"empty","empty",NA,6.1,NA,NA,NA,NA,NA,NA
1843-09-20 06:00:00,NA,NA,NA,NA,NA,NA,NA,NA,NA,NA,NA,NA,2.78,NA,NA,NA,NA,NA
1843-09-20 09:00:00,NA,NA,NA,NA,NA,NA,NA,NA,NA,NA,NA,NA,NA,NA,NA,NA,NA,",skc"
1843-09-20 15:00:00,15.56,NA,NA,NA,NA,NA,1025.06,NA,NA,NA,NA,NA,15,NA,NA,NA,NA,",skc"
1843-09-20 21:00:00,NA,NA,NA,NA,NA,NA,NA,NA,NA,NA,NA,NA,NA,NA,NA,NA,NA,NA
1843-09-21,NA,NA,NA,NA,NA,0,NA,NA,"empty","empty",NA,0,NA,NA,NA,NA,NA,NA
1843-09-21 06:00:00,NA,NA,NA,NA,NA,NA,NA,NA,NA,NA,NA,NA,6.67,NA,NA,NA,NA,NA
1843-09-21 09:00:00,NA,NA,NA,NA,NA,NA,NA,NA,NA,NA,NA,NA,NA,NA,NA,NA,NA,",ra"
1843-09-21 15:00:00,14.44,NA,NA,NA,NA,NA,1002.03,NA,NA,NA,NA,NA,11.67,NA,NA,NA,NA,",ra"
1843-09-21 21:00:00,NA,NA,NA,NA,NA,NA,NA,NA,NA,NA,NA,NA,NA,NA,NA,NA,NA,NA
1843-09-22,NA,NA,NA,NA,NA,0,NA,NA,"empty","empty",NA,3.05,NA,NA,NA,NA,NA,NA
1843-09-22 06:00:00,NA,NA,NA,NA,NA,NA,NA,NA,NA,NA,NA,NA,7.22,NA,NA,NA,NA,",ra"
1843-09-22 09:00:00,NA,NA,NA,NA,NA,NA,NA,NA,NA,NA,NA,NA,NA,NA,NA,NA,NA,",ra"
1843-09-22 15:00:00,13.33,NA,NA,NA,NA,NA,999.66,NA,NA,NA,NA,NA,12.78,NA,NA,NA,NA,",skc"
1843-09-22 21:00:00,NA,NA,NA,NA,NA,NA,NA,NA,NA,NA,NA,NA,NA,NA,NA,NA,NA,",skc"
1843-09-23,NA,NA,NA,NA,NA,0,NA,NA,"empty","empty",NA,4.32,NA,NA,NA,NA,NA,NA
1843-09-23 06:00:00,NA,NA,NA,NA,NA,NA,NA,NA,NA,NA,NA,NA,4.44,NA,NA,NA,NA,NA
1843-09-23 09:00:00,NA,NA,NA,NA,NA,NA,NA,NA,NA,NA,NA,NA,NA,NA,NA,NA,NA,",bkn"
1843-09-23 15:00:00,10,NA,NA,NA,NA,NA,1001.36,NA,NA,NA,NA,NA,12.78,NA,NA,NA,NA,",bkn"
1843-09-23 21:00:00,NA,NA,NA,NA,NA,NA,NA,NA,NA,NA,NA,NA,NA,NA,NA,NA,NA,NA
1843-09-24,NA,NA,NA,NA,NA,0,NA,NA,"empty","empty",NA,0,NA,NA,NA,NA,NA,NA
1843-09-24 06:00:00,NA,NA,NA,NA,NA,NA,NA,NA,NA,NA,NA,NA,4.44,NA,NA,NA,NA,NA
1843-09-24 09:00:00,NA,NA,NA,NA,NA,NA,NA,NA,NA,NA,NA,NA,NA,NA,NA,NA,NA,",bkn"
1843-09-24 15:00:00,12.78,NA,NA,NA,NA,NA,1000,NA,NA,NA,NA,NA,17.22,NA,NA,NA,NA,",bkn"
1843-09-24 21:00:00,NA,NA,NA,NA,NA,NA,NA,NA,NA,NA,NA,NA,NA,NA,NA,NA,NA,NA
1843-09-25,NA,NA,NA,NA,NA,0,NA,NA,"empty","empty",NA,0,NA,NA,NA,NA,NA,NA
1843-09-25 06:00:00,NA,NA,NA,NA,NA,NA,NA,NA,NA,NA,NA,NA,6.67,NA,NA,NA,NA,NA
1843-09-25 09:00:00,NA,NA,NA,NA,NA,NA,NA,NA,NA,NA,NA,NA,NA,NA,NA,NA,NA,",skc"
1843-09-25 15:00:00,13.33,NA,NA,NA,NA,NA,1002.37,NA,NA,NA,NA,NA,15,NA,NA,NA,NA,",skc"
1843-09-25 21:00:00,NA,NA,NA,NA,NA,NA,NA,NA,NA,NA,NA,NA,NA,NA,NA,NA,NA,NA
1843-09-26,NA,NA,NA,NA,NA,0,NA,NA,"empty","empty",NA,0,NA,NA,NA,NA,NA,NA
1843-09-26 06:00:00,NA,NA,NA,NA,NA,NA,NA,NA,NA,NA,NA,NA,1.67,NA,NA,NA,NA,NA
1843-09-26 09:00:00,NA,NA,NA,NA,NA,NA,NA,NA,NA,NA,NA,NA,NA,NA,NA,NA,NA,",skc"
1843-09-26 15:00:00,14.44,NA,NA,NA,NA,NA,999.66,NA,NA,NA,NA,NA,16.11,NA,NA,NA,NA,",skc"
1843-09-26 21:00:00,NA,NA,NA,NA,NA,NA,NA,NA,NA,NA,NA,NA,NA,NA,NA,NA,NA,NA
1843-09-27,NA,NA,NA,NA,NA,0,NA,NA,"empty","empty",NA,0,NA,NA,NA,NA,NA,NA
1843-09-27 06:00:00,NA,NA,NA,NA,NA,NA,NA,NA,NA,NA,NA,NA,5.56,NA,NA,NA,NA,NA
1843-09-27 09:00:00,NA,NA,NA,NA,NA,NA,NA,NA,NA,NA,NA,NA,NA,NA,NA,NA,NA,",skc"
1843-09-27 15:00:00,12.78,NA,NA,NA,NA,NA,1004.4,NA,NA,NA,NA,NA,13.89,NA,NA,NA,NA,",skc"
1843-09-27 21:00:00,NA,NA,NA,NA,NA,NA,NA,NA,NA,NA,NA,NA,NA,NA,NA,NA,NA,NA
1843-09-28,NA,NA,NA,NA,NA,0,NA,NA,"empty","empty",NA,0,NA,NA,NA,NA,NA,NA
1843-09-28 06:00:00,NA,NA,NA,NA,NA,NA,NA,NA,NA,NA,NA,NA,-1.11,NA,NA,NA,NA,NA
1843-09-28 09:00:00,NA,NA,NA,NA,NA,NA,NA,NA,NA,NA,NA,NA,NA,NA,NA,NA,NA,",bkn"
1843-09-28 15:00:00,10,NA,NA,NA,NA,NA,1004.74,NA,NA,NA,NA,NA,10.56,NA,NA,NA,NA,",bkn"
1843-09-28 21:00:00,NA,NA,NA,NA,NA,NA,NA,NA,NA,NA,NA,NA,NA,NA,NA,NA,NA,NA
1843-09-29,NA,NA,NA,NA,NA,0,NA,NA,"empty","empty",NA,0,NA,NA,NA,NA,NA,NA
1843-09-29 06:00:00,NA,NA,NA,NA,NA,NA,NA,NA,NA,NA,NA,NA,0.56,NA,NA,NA,NA,NA
1843-09-29 09:00:00,NA,NA,NA,NA,NA,NA,NA,NA,NA,NA,NA,NA,NA,NA,NA,NA,NA,",bkn"
1843-09-29 15:00:00,10.56,NA,NA,NA,NA,NA,1005.76,NA,NA,NA,NA,NA,11.67,NA,NA,NA,NA,",bkn"
1843-09-29 21:00:00,NA,NA,NA,NA,NA,NA,NA,NA,NA,NA,NA,NA,NA,NA,NA,NA,NA,NA
1843-09-30,NA,NA,NA,NA,NA,0,NA,NA,"empty","empty",NA,0,NA,NA,NA,NA,NA,NA
1843-09-30 06:00:00,NA,NA,NA,NA,NA,NA,NA,NA,NA,NA,NA,NA,0.56,NA,NA,NA,NA,",ra"
1843-09-30 09:00:00,NA,NA,NA,NA,NA,NA,NA,NA,NA,NA,NA,NA,NA,NA,NA,NA,NA,",ra"
1843-09-30 15:00:00,11.11,NA,NA,NA,NA,NA,1008.81,NA,NA,NA,NA,NA,12.78,NA,NA,NA,NA,",bkn"
1843-09-30 21:00:00,NA,NA,NA,NA,NA,NA,NA,NA,NA,NA,NA,NA,NA,NA,NA,NA,NA,",bkn"
1843-10-01,NA,NA,NA,NA,NA,NA,NA,NA,"before daylight","empty",NA,0.51,NA,NA,NA,NA,NA,NA
1843-10-01 06:00:00,NA,NA,NA,NA,NA,NA,NA,NA,NA,NA,NA,NA,1.11,NA,NA,NA,NA,",ra"
1843-10-01 09:00:00,NA,NA,NA,NA,NA,NA,NA,NA,NA,NA,NA,NA,NA,NA,NA,NA,NA,",ra"
1843-10-01 15:00:00,11.11,NA,NA,NA,NA,NA,1015.24,NA,NA,NA,NA,NA,11.67,NA,NA,NA,NA,",skc"
1843-10-01 21:00:00,NA,NA,NA,NA,NA,NA,NA,NA,NA,NA,NA,NA,NA,NA,NA,NA,NA,",skc"
1843-10-02,NA,NA,NA,NA,NA,NA,NA,NA,NA,NA,NA,1.02,NA,NA,NA,NA,NA,NA
1843-10-02 06:00:00,NA,NA,NA,NA,NA,NA,NA,NA,NA,NA,NA,NA,-2.22,NA,NA,NA,NA,NA
1843-10-02 09:00:00,NA,NA,NA,135,NA,NA,NA,NA,NA,NA,NA,NA,NA,NA,NA,NA,NA,",skc"
1843-10-02 15:00:00,11.67,NA,NA,NA,NA,NA,1011.51,NA,NA,NA,NA,NA,13.89,NA,NA,NA,NA,",skc"
1843-10-02 21:00:00,NA,NA,NA,NA,NA,NA,NA,NA,NA,NA,NA,NA,NA,NA,NA,NA,NA,NA
1843-10-03,NA,NA,NA,NA,NA,NA,NA,NA,"empty","empty",NA,NA,NA,NA,NA,NA,NA,",ts,"
1843-10-03 06:00:00,NA,NA,NA,NA,NA,NA,NA,NA,NA,NA,NA,NA,9.44,NA,NA,NA,NA,",ra"
1843-10-03 09:00:00,NA,NA,NA,NA,NA,NA,NA,NA,NA,NA,NA,NA,NA,NA,NA,NA,NA,",ra"
1843-10-03 15:00:00,16.11,NA,NA,NA,NA,NA,994.58,NA,NA,NA,NA,NA,17.78,NA,NA,NA,NA,",skc"
1843-10-03 21:00:00,NA,NA,NA,NA,NA,NA,NA,NA,NA,NA,NA,NA,NA,NA,NA,NA,NA,",skc"
1843-10-04,NA,NA,NA,NA,NA,NA,NA,NA,"empty","empty",NA,5.84,NA,NA,NA,NA,NA,NA
1843-10-04 06:00:00,NA,NA,NA,NA,NA,NA,NA,NA,NA,NA,NA,NA,9.44,NA,NA,NA,NA,",ra"
1843-10-04 09:00:00,NA,NA,NA,NA,NA,NA,NA,NA,NA,NA,NA,NA,NA,NA,NA,NA,NA,",ra"
1843-10-04 15:00:00,15,NA,NA,NA,NA,NA,988.83,NA,NA,NA,NA,NA,16.67,NA,NA,NA,NA,",bkn"
1843-10-04 21:00:00,NA,NA,NA,NA,NA,NA,NA,NA,NA,NA,NA,NA,NA,NA,NA,NA,NA,",bkn"
1843-10-05,NA,NA,NA,NA,NA,NA,NA,NA,"empty","empty",NA,13.72,NA,NA,NA,NA,NA,NA
1843-10-05 06:00:00,NA,NA,NA,NA,NA,NA,NA,NA,NA,NA,NA,NA,3.33,NA,NA,NA,NA,NA
1843-10-05 09:00:00,NA,NA,NA,225,NA,NA,NA,NA,NA,NA,NA,NA,NA,NA,NA,NA,NA,",ra"
1843-10-05 15:00:00,12.22,NA,NA,NA,NA,NA,991.53,NA,NA,NA,NA,NA,11.67,NA,NA,NA,NA,",ra"
1843-10-05 21:00:00,NA,NA,NA,NA,NA,NA,NA,NA,NA,NA,NA,NA,NA,NA,NA,NA,NA,NA
1843-10-06,NA,NA,NA,NA,NA,NA,NA,NA,"empty","empty",NA,11.68,NA,NA,NA,NA,NA,NA
1843-10-06 06:00:00,NA,NA,NA,NA,NA,NA,NA,NA,NA,NA,NA,NA,4.44,NA,NA,NA,NA,NA
1843-10-06 09:00:00,NA,NA,NA,270,NA,NA,NA,NA,NA,NA,NA,NA,NA,NA,NA,NA,NA,",ra"
1843-10-06 15:00:00,11.11,NA,NA,NA,NA,NA,993.91,NA,NA,NA,NA,NA,11.67,NA,NA,NA,NA,",ra"
1843-10-06 21:00:00,NA,NA,NA,NA,NA,NA,NA,NA,NA,NA,NA,NA,NA,NA,NA,NA,NA,NA
1843-10-07,NA,NA,NA,NA,NA,NA,NA,NA,"empty","empty",NA,23.37,NA,NA,NA,NA,NA,NA
1843-10-07 06:00:00,NA,NA,NA,NA,NA,NA,NA,NA,NA,NA,NA,NA,5.56,NA,NA,NA,NA,NA
1843-10-07 09:00:00,NA,NA,NA,0,NA,NA,NA,NA,NA,NA,NA,NA,NA,NA,NA,NA,NA,",ra"
1843-10-07 15:00:00,11.67,NA,NA,NA,NA,NA,1008.81,NA,NA,NA,NA,NA,11.67,NA,NA,NA,NA,",ra"
1843-10-07 21:00:00,NA,NA,NA,NA,NA,NA,NA,NA,NA,NA,NA,NA,NA,NA,NA,NA,NA,NA
1843-10-08,NA,NA,NA,NA,NA,NA,NA,NA,NA,NA,NA,3.68,NA,NA,NA,NA,NA,NA
1843-10-08 06:00:00,NA,NA,NA,NA,NA,NA,NA,NA,NA,NA,NA,NA,7.22,NA,NA,NA,NA,NA
1843-10-08 09:00:00,NA,NA,NA,0,NA,NA,NA,NA,NA,NA,NA,NA,NA,NA,NA,NA,NA,",skc"
1843-10-08 15:00:00,11.67,NA,NA,NA,NA,NA,1019.64,NA,NA,NA,NA,NA,12.78,NA,NA,NA,NA,",skc"
1843-10-08 21:00:00,NA,NA,NA,NA,NA,NA,NA,NA,NA,NA,NA,NA,NA,NA,NA,NA,NA,NA
1843-10-09,NA,NA,NA,NA,NA,NA,NA,NA,NA,NA,NA,NA,NA,NA,NA,NA,NA,NA
1843-10-09 06:00:00,NA,NA,NA,NA,NA,NA,NA,NA,NA,NA,NA,NA,0.56,NA,NA,NA,NA,NA
1843-10-09 09:00:00,NA,NA,NA,NA,NA,NA,NA,NA,NA,NA,NA,NA,NA,NA,NA,NA,NA,",bkn"
1843-10-09 15:00:00,10.56,NA,NA,NA,NA,NA,1009.82,NA,NA,NA,NA,NA,10,NA,NA,NA,NA,",bkn"
1843-10-09 21:00:00,NA,NA,NA,NA,NA,NA,NA,NA,NA,NA,NA,NA,NA,NA,NA,NA,NA,NA
1843-10-10,NA,NA,NA,NA,NA,NA,NA,NA,"empty","empty",NA,NA,NA,NA,NA,NA,NA,NA
1843-10-10 06:00:00,NA,NA,NA,NA,NA,NA,NA,NA,NA,NA,NA,NA,6.67,NA,NA,NA,NA,NA
1843-10-10 09:00:00,NA,NA,NA,NA,NA,NA,NA,NA,NA,NA,NA,NA,NA,NA,NA,NA,NA,",ra"
1843-10-10 15:00:00,10.56,NA,NA,NA,NA,NA,1002.03,NA,NA,NA,NA,NA,7.22,NA,NA,NA,NA,",ra"
1843-10-10 21:00:00,NA,NA,NA,NA,NA,NA,NA,NA,NA,NA,NA,NA,NA,NA,NA,NA,NA,NA
1843-10-11,NA,NA,NA,NA,NA,NA,NA,NA,"empty","empty",NA,4.83,NA,NA,NA,NA,NA,NA
1843-10-11 06:00:00,NA,NA,NA,NA,NA,NA,NA,NA,NA,NA,NA,NA,6.67,NA,NA,NA,NA,NA
1843-10-11 09:00:00,NA,NA,NA,45,NA,NA,NA,NA,NA,NA,NA,NA,NA,NA,NA,NA,NA,",ra"
1843-10-11 15:00:00,11.11,NA,NA,NA,NA,NA,998.65,NA,NA,NA,NA,NA,10,NA,NA,NA,NA,",ra"
1843-10-11 21:00:00,NA,NA,NA,NA,NA,NA,NA,NA,NA,NA,NA,NA,NA,NA,NA,NA,NA,NA
1843-10-12,NA,NA,NA,NA,NA,NA,NA,NA,"empty","empty",NA,30.23,NA,NA,NA,NA,NA,NA
1843-10-12 06:00:00,NA,NA,NA,NA,NA,NA,NA,NA,NA,NA,NA,NA,8.33,NA,NA,NA,NA,NA
1843-10-12 09:00:00,NA,NA,NA,0,NA,NA,NA,NA,NA,NA,NA,NA,NA,NA,NA,NA,NA,",ra"
1843-10-12 15:00:00,12.22,NA,NA,NA,NA,NA,1004.06,NA,NA,NA,NA,NA,12.22,NA,NA,NA,NA,",ra"
1843-10-12 21:00:00,NA,NA,NA,NA,NA,NA,NA,NA,NA,NA,NA,NA,NA,NA,NA,NA,NA,NA
1843-10-13,NA,NA,NA,NA,NA,NA,NA,NA,"empty","empty",NA,14.48,NA,NA,NA,NA,NA,NA
1843-10-13 06:00:00,NA,NA,NA,NA,NA,NA,NA,NA,NA,NA,NA,NA,10.56,NA,NA,NA,NA,NA
1843-10-13 09:00:00,NA,NA,NA,0,NA,NA,NA,NA,NA,NA,NA,NA,NA,NA,NA,NA,NA,",ra"
1843-10-13 15:00:00,14.44,NA,NA,NA,NA,NA,1004.06,NA,NA,NA,NA,NA,15.56,NA,NA,NA,NA,",ra"
1843-10-13 21:00:00,NA,NA,NA,NA,NA,NA,NA,NA,NA,NA,NA,NA,NA,NA,NA,NA,NA,NA
1843-10-14,NA,NA,NA,NA,NA,NA,NA,NA,"empty","empty",NA,1.4,NA,NA,NA,NA,NA,NA
1843-10-14 06:00:00,NA,NA,NA,NA,NA,NA,NA,NA,NA,NA,NA,NA,10.83,NA,NA,NA,NA,NA
1843-10-14 09:00:00,NA,NA,NA,180,NA,NA,NA,NA,NA,NA,NA,NA,NA,NA,NA,NA,NA,",ra"
1843-10-14 15:00:00,15.56,NA,NA,NA,NA,NA,1007.11,NA,NA,NA,NA,NA,19.44,NA,NA,NA,NA,",ra"
1843-10-14 21:00:00,NA,NA,NA,NA,NA,NA,NA,NA,NA,NA,NA,NA,NA,NA,NA,NA,NA,NA
1843-10-15,NA,NA,NA,NA,NA,NA,NA,NA,NA,NA,NA,3.43,NA,NA,NA,NA,NA,NA
1843-10-15 06:00:00,NA,NA,NA,NA,NA,NA,NA,NA,NA,NA,NA,NA,0.56,NA,NA,NA,NA,NA
1843-10-15 09:00:00,NA,NA,NA,247.5,NA,NA,NA,NA,NA,NA,NA,NA,NA,NA,NA,NA,NA,",skc"
1843-10-15 15:00:00,11.67,NA,NA,NA,NA,NA,1014.56,NA,NA,NA,NA,NA,10.56,NA,NA,NA,NA,",skc"
1843-10-15 21:00:00,NA,NA,NA,NA,NA,NA,NA,NA,NA,NA,NA,NA,NA,NA,NA,NA,NA,NA
1843-10-16,NA,NA,NA,NA,NA,NA,NA,NA,NA,NA,NA,NA,NA,NA,NA,NA,NA,NA
1843-10-16 06:00:00,NA,NA,NA,NA,NA,NA,NA,NA,NA,NA,NA,NA,-2.22,NA,NA,NA,NA,NA
1843-10-16 09:00:00,NA,NA,NA,180,NA,NA,NA,NA,NA,NA,NA,NA,NA,NA,NA,NA,NA,",skc"
1843-10-16 15:00:00,11.67,NA,NA,NA,NA,NA,1021.67,NA,NA,NA,NA,NA,12.22,NA,NA,NA,NA,",skc"
1843-10-16 21:00:00,NA,NA,NA,NA,NA,NA,NA,NA,NA,NA,NA,NA,NA,NA,NA,NA,NA,NA
1843-10-17,NA,NA,NA,NA,NA,NA,NA,NA,"empty","10 am",NA,NA,NA,NA,NA,NA,NA,NA
1843-10-17 06:00:00,NA,NA,NA,NA,NA,NA,NA,NA,NA,NA,NA,NA,7.22,NA,NA,NA,NA,",ra"
1843-10-17 09:00:00,NA,NA,NA,NA,NA,NA,NA,NA,NA,NA,NA,NA,NA,NA,NA,NA,NA,",ra"
1843-10-17 15:00:00,14.44,NA,NA,NA,NA,NA,994.92,NA,NA,NA,NA,NA,17.22,NA,NA,NA,NA,",skc"
1843-10-17 21:00:00,NA,NA,NA,NA,NA,NA,NA,NA,NA,NA,NA,NA,NA,NA,NA,NA,NA,",skc"
1843-10-18,NA,NA,NA,NA,NA,NA,NA,NA,NA,NA,NA,30.48,NA,NA,NA,NA,NA,NA
1843-10-18 06:00:00,NA,NA,NA,NA,NA,NA,NA,NA,NA,NA,NA,NA,1.67,NA,NA,NA,NA,NA
1843-10-18 09:00:00,NA,NA,NA,225,NA,NA,NA,NA,NA,NA,NA,NA,NA,NA,NA,NA,NA,",skc"
1843-10-18 15:00:00,11.67,NA,NA,NA,NA,NA,1002.71,NA,NA,NA,NA,NA,11.11,NA,NA,NA,NA,",skc"
1843-10-18 21:00:00,NA,NA,NA,NA,NA,NA,NA,NA,NA,NA,NA,NA,NA,NA,NA,NA,NA,NA
1843-10-19,NA,NA,NA,NA,NA,NA,NA,NA,"empty","empty",NA,NA,NA,NA,NA,NA,NA,NA
1843-10-19 06:00:00,NA,NA,NA,NA,NA,NA,NA,NA,NA,NA,NA,NA,2.78,NA,NA,NA,NA,NA
1843-10-19 09:00:00,NA,NA,NA,135,NA,NA,NA,NA,NA,NA,NA,NA,NA,NA,NA,NA,NA,",ra"
1843-10-19 15:00:00,12.22,NA,NA,NA,NA,NA,1001.36,NA,NA,NA,NA,NA,11.67,NA,NA,NA,NA,",ra"
1843-10-19 21:00:00,NA,NA,NA,NA,NA,NA,NA,NA,NA,NA,NA,NA,NA,NA,NA,NA,NA,NA
1843-10-20,NA,NA,NA,NA,NA,NA,NA,NA,NA,NA,NA,4.95,NA,NA,NA,NA,NA,NA
1843-10-20 06:00:00,NA,NA,NA,NA,NA,NA,NA,NA,NA,NA,NA,NA,-0.56,NA,NA,NA,NA,NA
1843-10-20 09:00:00,NA,NA,NA,225,NA,NA,NA,NA,NA,NA,NA,NA,NA,NA,NA,NA,NA,",skc"
1843-10-20 15:00:00,8.33,NA,NA,NA,NA,NA,1016.26,NA,NA,NA,NA,NA,7.78,NA,NA,NA,NA,",skc"
1843-10-20 21:00:00,NA,NA,NA,NA,NA,NA,NA,NA,NA,NA,NA,NA,NA,NA,NA,NA,NA,",skc"
1843-10-21,NA,NA,NA,NA,NA,NA,NA,NA,NA,NA,NA,NA,NA,NA,NA,NA,NA,NA
1843-10-21 06:00:00,NA,NA,NA,NA,NA,NA,NA,NA,NA,NA,NA,NA,5,NA,NA,NA,NA,NA
1843-10-21 09:00:00,NA,NA,NA,180,NA,NA,NA,NA,NA,NA,NA,NA,NA,NA,NA,NA,NA,",skc"
1843-10-21 15:00:00,15,NA,NA,NA,NA,NA,1003.05,NA,NA,NA,NA,NA,19.44,NA,NA,NA,NA,",skc"
1843-10-21 21:00:00,NA,NA,NA,NA,NA,NA,NA,NA,NA,NA,NA,NA,NA,NA,NA,NA,NA,",skc"
1843-10-22,NA,NA,NA,NA,NA,NA,NA,NA,"empty","empty",NA,NA,NA,NA,NA,NA,NA,NA
1843-10-22 06:00:00,NA,NA,NA,NA,NA,NA,NA,NA,NA,NA,NA,NA,7.22,NA,NA,NA,NA,NA
1843-10-22 09:00:00,NA,NA,NA,45,NA,NA,NA,NA,NA,NA,NA,NA,NA,NA,NA,NA,NA,",ra"
1843-10-22 15:00:00,13.33,NA,NA,NA,NA,NA,1010.84,NA,NA,NA,NA,NA,12.22,NA,NA,NA,NA,",ra"
1843-10-22 21:00:00,NA,NA,NA,NA,NA,NA,NA,NA,NA,NA,NA,NA,NA,NA,NA,NA,NA,NA
1843-10-23,NA,NA,NA,NA,NA,NA,NA,NA,"empty","empty",NA,8.89,NA,NA,NA,NA,NA,NA
1843-10-23 06:00:00,NA,NA,NA,NA,NA,NA,NA,NA,NA,NA,NA,NA,10,NA,NA,NA,NA,NA
1843-10-23 09:00:00,NA,NA,NA,225,NA,NA,NA,NA,NA,NA,NA,NA,NA,NA,NA,NA,NA,",ra"
1843-10-23 15:00:00,16.67,NA,NA,NA,NA,NA,1010.16,NA,NA,NA,NA,NA,19.44,NA,NA,NA,NA,",ra"
1843-10-23 21:00:00,NA,NA,NA,NA,NA,NA,NA,NA,NA,NA,NA,NA,NA,NA,NA,NA,NA,NA
1843-10-24,NA,NA,NA,NA,NA,NA,NA,NA,NA,NA,NA,12.19,NA,NA,NA,NA,NA,NA
1843-10-24 06:00:00,NA,NA,NA,NA,NA,NA,NA,NA,NA,NA,NA,NA,7.22,NA,NA,NA,NA,NA
1843-10-24 09:00:00,NA,NA,NA,NA,NA,NA,NA,NA,NA,NA,NA,NA,NA,NA,NA,NA,NA,",bkn"
1843-10-24 15:00:00,13.89,NA,NA,NA,NA,NA,1006.43,NA,NA,NA,NA,NA,10,NA,NA,NA,NA,",bkn"
1843-10-24 21:00:00,NA,NA,NA,NA,NA,NA,NA,NA,NA,NA,NA,NA,NA,NA,NA,NA,NA,NA
1843-10-25,NA,NA,NA,NA,NA,NA,NA,NA,NA,NA,NA,NA,NA,NA,NA,NA,NA,NA
1843-10-25 06:00:00,NA,NA,NA,NA,NA,NA,NA,NA,NA,NA,NA,NA,5.56,NA,NA,NA,NA,NA
1843-10-25 09:00:00,NA,NA,NA,NA,NA,NA,NA,NA,NA,NA,NA,NA,NA,NA,NA,NA,NA,",bkn"
1843-10-25 15:00:00,11.67,NA,NA,NA,NA,NA,1011.18,NA,NA,NA,NA,NA,11.11,NA,NA,NA,NA,",bkn"
1843-10-25 21:00:00,NA,NA,NA,NA,NA,NA,NA,NA,NA,NA,NA,NA,NA,NA,NA,NA,NA,NA
1843-10-26,NA,NA,NA,NA,NA,NA,NA,NA,NA,NA,NA,NA,NA,NA,NA,NA,NA,NA
1843-10-26 06:00:00,NA,NA,NA,NA,NA,NA,NA,NA,NA,NA,NA,NA,5,NA,NA,NA,NA,NA
1843-10-26 09:00:00,NA,NA,NA,202.5,NA,NA,NA,NA,NA,NA,NA,NA,NA,NA,NA,NA,NA,",skc"
1843-10-26 15:00:00,12.78,NA,NA,NA,NA,NA,1010.16,NA,NA,NA,NA,NA,16.67,NA,NA,NA,NA,",skc"
1843-10-26 21:00:00,NA,NA,NA,NA,NA,NA,NA,NA,NA,NA,NA,NA,NA,NA,NA,NA,NA,NA
1843-10-27,NA,NA,NA,NA,NA,NA,NA,NA,"empty","empty",NA,NA,NA,NA,NA,NA,NA,NA
1843-10-27 06:00:00,NA,NA,NA,NA,NA,NA,NA,NA,NA,NA,NA,NA,6.67,NA,NA,NA,NA,NA
1843-10-27 09:00:00,NA,NA,NA,NA,NA,NA,NA,NA,NA,NA,NA,NA,NA,NA,NA,NA,NA,",ra"
1843-10-27 15:00:00,12.22,NA,NA,NA,NA,NA,1012.53,NA,NA,NA,NA,NA,7.78,NA,NA,NA,NA,",ra"
1843-10-27 21:00:00,NA,NA,NA,NA,NA,NA,NA,NA,NA,NA,NA,NA,NA,NA,NA,NA,NA,NA
1843-10-28,NA,NA,NA,NA,NA,NA,NA,NA,"empty","empty",NA,21.34,NA,NA,NA,NA,NA,NA
1843-10-28 06:00:00,NA,NA,NA,NA,NA,NA,NA,NA,NA,NA,NA,NA,7.78,NA,NA,NA,NA,NA
1843-10-28 09:00:00,NA,NA,NA,157.5,NA,NA,NA,NA,NA,NA,NA,NA,NA,NA,NA,NA,NA,",ra"
1843-10-28 15:00:00,17.78,NA,NA,NA,NA,NA,1011.51,NA,NA,NA,NA,NA,18.89,NA,NA,NA,NA,",ra"
1843-10-28 21:00:00,NA,NA,NA,NA,NA,NA,NA,NA,NA,NA,NA,NA,NA,NA,NA,NA,NA,NA
1843-10-29,NA,NA,NA,NA,NA,NA,NA,NA,"empty","empty",NA,35.31,NA,NA,NA,NA,NA,NA
1843-10-29 06:00:00,NA,NA,NA,NA,NA,NA,NA,NA,NA,NA,NA,NA,7.22,NA,NA,NA,NA,NA
1843-10-29 09:00:00,NA,NA,NA,45,NA,NA,NA,NA,NA,NA,NA,NA,NA,NA,NA,NA,NA,",ra"
1843-10-29 15:00:00,13.33,NA,NA,NA,NA,NA,1015.24,NA,NA,NA,NA,NA,8.33,NA,NA,NA,NA,",ra"
1843-10-29 21:00:00,NA,NA,NA,NA,NA,NA,NA,NA,NA,NA,NA,NA,NA,NA,NA,NA,NA,NA
1843-10-30,NA,NA,NA,NA,NA,NA,NA,NA,"empty","empty",NA,39.88,NA,NA,NA,NA,NA,NA
1843-10-30 06:00:00,NA,NA,NA,NA,NA,NA,NA,NA,NA,NA,NA,NA,7.78,NA,NA,NA,NA,NA
1843-10-30 09:00:00,NA,NA,NA,337.5,NA,NA,NA,NA,NA,NA,NA,NA,NA,NA,NA,NA,NA,",br"
1843-10-30 15:00:00,12.78,NA,NA,NA,NA,NA,1014.22,NA,NA,NA,NA,NA,10.56,NA,NA,NA,NA,",br"
1843-10-30 21:00:00,NA,NA,NA,NA,NA,NA,NA,NA,NA,NA,NA,NA,NA,NA,NA,NA,NA,NA
1843-10-31,NA,NA,NA,NA,NA,NA,NA,NA,"empty","empty",NA,0.25,NA,NA,NA,NA,NA,NA
1843-10-31 06:00:00,NA,NA,NA,NA,NA,NA,NA,NA,NA,NA,NA,NA,3.33,NA,NA,NA,NA,",ra"
1843-10-31 09:00:00,NA,NA,NA,NA,NA,NA,NA,NA,NA,NA,NA,NA,NA,NA,NA,NA,NA,",ra"
1843-10-31 15:00:00,10,NA,NA,NA,NA,NA,1009.14,NA,NA,NA,NA,NA,5.56,NA,NA,NA,NA,",skc"
1843-10-31 21:00:00,NA,NA,NA,NA,NA,NA,NA,NA,NA,NA,NA,NA,NA,NA,NA,NA,NA,",skc"
1843-11-01,NA,NA,NA,NA,NA,NA,NA,NA,NA,NA,NA,1.78,NA,NA,NA,NA,NA,",sn,"
1843-11-01 06:00:00,NA,NA,NA,NA,NA,NA,NA,NA,NA,NA,NA,NA,-1.11,NA,NA,NA,NA,NA
1843-11-01 09:00:00,NA,NA,NA,NA,NA,NA,NA,NA,NA,NA,NA,NA,NA,NA,NA,NA,NA,",skc"
1843-11-01 15:00:00,5.56,NA,NA,NA,NA,NA,1027.43,NA,NA,NA,NA,NA,1.67,NA,NA,NA,NA,",skc"
1843-11-01 21:00:00,NA,NA,NA,NA,NA,NA,1030.14,NA,NA,NA,NA,NA,NA,NA,NA,NA,NA,",skc"
1843-11-02,NA,NA,NA,NA,NA,NA,NA,NA,NA,NA,NA,NA,NA,NA,NA,NA,NA,NA
1843-11-02 06:00:00,NA,NA,NA,NA,NA,NA,NA,NA,NA,NA,NA,NA,-3.89,NA,NA,NA,NA,NA
1843-11-02 09:00:00,NA,NA,NA,NA,NA,NA,NA,NA,NA,NA,NA,NA,NA,NA,NA,NA,NA,",bkn"
1843-11-02 15:00:00,6.11,NA,NA,NA,NA,NA,1018.96,NA,NA,NA,NA,NA,7.22,NA,NA,NA,NA,",bkn"
1843-11-02 21:00:00,NA,NA,NA,NA,NA,NA,NA,NA,NA,NA,NA,NA,NA,NA,NA,NA,NA,NA
1843-11-03,NA,NA,NA,NA,NA,0,NA,NA,"empty","empty",NA,NA,NA,NA,NA,NA,NA,NA
1843-11-03 06:00:00,NA,NA,NA,NA,NA,NA,NA,NA,NA,NA,NA,NA,4.44,NA,NA,NA,NA,",ra"
1843-11-03 09:00:00,NA,NA,NA,NA,NA,NA,NA,NA,NA,NA,NA,NA,NA,NA,NA,NA,NA,",ra"
1843-11-03 15:00:00,9.44,NA,NA,NA,NA,NA,993.23,NA,NA,NA,NA,NA,8.33,NA,NA,NA,NA,",skc"
1843-11-03 21:00:00,NA,NA,NA,NA,NA,NA,NA,NA,NA,NA,NA,NA,NA,NA,NA,NA,NA,",skc"
1843-11-04,NA,NA,NA,NA,NA,NA,NA,NA,NA,NA,NA,12.45,NA,NA,NA,NA,NA,NA
1843-11-04 06:00:00,NA,NA,NA,NA,NA,NA,NA,NA,NA,NA,NA,NA,-0.56,NA,NA,NA,NA,",sn"
1843-11-04 09:00:00,NA,NA,NA,NA,NA,NA,NA,NA,NA,NA,NA,NA,NA,NA,NA,NA,NA,",sn"
1843-11-04 15:00:00,5.56,NA,NA,NA,NA,NA,1003.05,NA,NA,NA,NA,NA,4.44,NA,NA,NA,NA,",sn"
1843-11-04 21:00:00,NA,NA,NA,NA,NA,NA,NA,NA,NA,NA,NA,NA,NA,NA,NA,NA,NA,",bkn"
1843-11-05,NA,NA,NA,NA,NA,0,NA,NA,"empty","empty",NA,NA,NA,NA,NA,NA,NA,NA
1843-11-05 06:00:00,NA,NA,NA,NA,NA,NA,NA,NA,NA,NA,NA,NA,-1.67,NA,NA,NA,NA,NA
1843-11-05 09:00:00,NA,NA,NA,NA,NA,NA,NA,NA,NA,NA,NA,NA,NA,NA,NA,NA,NA,",sn"
1843-11-05 15:00:00,3.89,NA,NA,NA,NA,NA,1009.82,NA,NA,NA,NA,NA,2.22,NA,NA,NA,NA,",sn"
1843-11-05 21:00:00,NA,NA,NA,NA,NA,NA,NA,NA,NA,NA,NA,NA,NA,NA,NA,NA,NA,NA
1843-11-06,NA,NA,NA,NA,NA,0,NA,NA,"empty","empty",NA,3.56,NA,NA,NA,NA,NA,NA
1843-11-06 06:00:00,NA,NA,NA,NA,NA,NA,NA,NA,NA,NA,NA,NA,-2.22,NA,NA,NA,NA,",sn"
1843-11-06 09:00:00,NA,NA,NA,NA,NA,NA,NA,NA,NA,NA,NA,NA,NA,NA,NA,NA,NA,",sn"
1843-11-06 15:00:00,4.44,NA,NA,NA,NA,NA,1011.18,NA,NA,NA,NA,NA,3.89,NA,NA,NA,NA,",sn"
1843-11-06 21:00:00,NA,NA,NA,NA,NA,NA,NA,NA,NA,NA,NA,NA,NA,NA,NA,NA,NA,",sn"
1843-11-07,NA,NA,NA,NA,NA,NA,NA,NA,NA,NA,NA,3.56,NA,NA,NA,NA,NA,NA
1843-11-07 06:00:00,NA,NA,NA,NA,NA,NA,NA,NA,NA,NA,NA,NA,0,NA,NA,NA,NA,",bkn"
1843-11-07 09:00:00,NA,NA,NA,NA,NA,NA,NA,NA,NA,NA,NA,NA,NA,NA,NA,NA,NA,",bkn"
1843-11-07 15:00:00,5.56,NA,NA,NA,NA,NA,1006.43,NA,NA,NA,NA,NA,3.89,NA,NA,NA,NA,",rn +sn +ip"
1843-11-07 21:00:00,NA,NA,NA,NA,NA,NA,NA,NA,NA,NA,NA,NA,NA,NA,NA,NA,NA,",rn +sn +ip"
1843-11-08,NA,NA,NA,NA,NA,0,NA,NA,"empty","empty",NA,NA,NA,NA,NA,NA,NA,NA
1843-11-08 06:00:00,NA,NA,NA,NA,NA,NA,NA,NA,NA,NA,NA,NA,-0.56,NA,NA,NA,NA,NA
1843-11-08 09:00:00,NA,NA,NA,NA,NA,NA,NA,NA,NA,NA,NA,NA,NA,NA,NA,NA,NA,",sn"
1843-11-08 15:00:00,9.44,NA,NA,NA,NA,NA,1002.37,NA,NA,NA,NA,NA,0,NA,NA,NA,NA,",sn"
1843-11-08 21:00:00,NA,NA,NA,NA,NA,NA,NA,NA,NA,NA,NA,NA,NA,NA,NA,NA,NA,NA
1843-11-09,NA,NA,NA,NA,NA,NA,NA,NA,NA,NA,NA,28.19,NA,NA,NA,NA,NA,NA
1843-11-09 06:00:00,NA,NA,NA,NA,NA,NA,NA,NA,NA,NA,NA,NA,-2.22,NA,NA,NA,NA,NA
1843-11-09 09:00:00,NA,NA,NA,NA,NA,NA,NA,NA,NA,NA,NA,NA,NA,NA,NA,NA,NA,",bkn"
1843-11-09 15:00:00,14.44,NA,NA,NA,NA,NA,1001.69,NA,NA,NA,NA,NA,-2.22,NA,NA,NA,NA,",bkn"
1843-11-09 21:00:00,NA,NA,NA,NA,NA,NA,NA,NA,NA,NA,NA,NA,NA,NA,NA,NA,NA,NA
1843-11-10,NA,NA,NA,NA,NA,NA,NA,NA,NA,NA,NA,NA,NA,NA,NA,NA,NA,NA
1843-11-10 06:00:00,NA,NA,NA,NA,NA,NA,NA,NA,NA,NA,NA,NA,-5,NA,NA,NA,NA,NA
1843-11-10 09:00:00,NA,NA,NA,NA,NA,NA,NA,NA,NA,NA,NA,NA,NA,NA,NA,NA,NA,",bkn"
1843-11-10 15:00:00,7.22,NA,NA,NA,NA,NA,1013.55,NA,NA,NA,NA,NA,3.33,NA,NA,NA,NA,",bkn"
1843-11-10 21:00:00,NA,NA,NA,NA,NA,NA,1017.27,NA,NA,NA,NA,NA,NA,NA,NA,NA,NA,NA
1843-11-11,NA,NA,NA,NA,NA,NA,NA,NA,NA,NA,NA,NA,NA,NA,NA,NA,NA,NA
1843-11-11 06:00:00,NA,NA,NA,NA,NA,NA,NA,NA,NA,NA,NA,NA,-0.56,NA,NA,NA,NA,NA
1843-11-11 09:00:00,NA,NA,NA,NA,NA,NA,NA,NA,NA,NA,NA,NA,NA,NA,NA,NA,NA,",bkn"
1843-11-11 15:00:00,6.11,NA,NA,NA,NA,NA,1009.14,NA,NA,NA,NA,NA,7.78,NA,NA,NA,NA,",bkn"
1843-11-11 21:00:00,NA,NA,NA,NA,NA,NA,NA,NA,NA,NA,NA,NA,NA,NA,NA,NA,NA,NA
1843-11-12,NA,NA,NA,NA,NA,0,NA,NA,"empty","empty",NA,NA,NA,NA,NA,NA,NA,NA
1843-11-12 06:00:00,NA,NA,NA,NA,NA,NA,NA,NA,NA,NA,NA,NA,1.67,NA,NA,NA,NA,",ra"
1843-11-12 09:00:00,NA,NA,NA,NA,NA,NA,NA,NA,NA,NA,NA,NA,NA,NA,NA,NA,NA,",ra"
1843-11-12 15:00:00,8.33,NA,NA,NA,NA,NA,986.12,NA,NA,NA,NA,NA,7.78,NA,NA,NA,NA,",bkn"
1843-11-12 21:00:00,NA,NA,NA,NA,NA,NA,NA,NA,NA,NA,NA,NA,NA,NA,NA,NA,NA,",bkn"
1843-11-13,NA,NA,NA,NA,NA,NA,NA,NA,NA,NA,NA,10.16,NA,NA,NA,NA,NA,NA
1843-11-13 06:00:00,NA,NA,NA,NA,NA,NA,NA,NA,NA,NA,NA,NA,-1.67,NA,NA,NA,NA,NA
1843-11-13 09:00:00,NA,NA,NA,NA,NA,NA,NA,NA,NA,NA,NA,NA,NA,NA,NA,NA,NA,",bkn"
1843-11-13 15:00:00,8.33,NA,NA,NA,NA,NA,1010.16,NA,NA,NA,NA,NA,-0.56,NA,NA,NA,NA,",bkn"
1843-11-13 21:00:00,NA,NA,NA,NA,NA,NA,NA,NA,NA,NA,NA,NA,NA,NA,NA,NA,NA,NA
1843-11-14,NA,NA,NA,NA,NA,0,NA,NA,"empty","empty",NA,NA,NA,NA,NA,NA,NA,NA
1843-11-14 06:00:00,NA,NA,NA,NA,NA,NA,NA,NA,NA,NA,NA,NA,-2.78,NA,NA,NA,NA,NA
1843-11-14 09:00:00,NA,NA,NA,NA,NA,NA,NA,NA,NA,NA,NA,NA,NA,NA,NA,NA,NA,",sn"
1843-11-14 15:00:00,9.44,NA,NA,NA,NA,NA,1010.16,NA,NA,NA,NA,NA,1.11,NA,NA,NA,NA,",sn"
1843-11-14 21:00:00,NA,NA,NA,NA,NA,NA,NA,NA,NA,NA,NA,NA,NA,NA,NA,NA,NA,NA
1843-11-15,NA,NA,NA,NA,NA,NA,NA,NA,NA,NA,NA,3.3,NA,NA,NA,NA,NA,NA
1843-11-15 06:00:00,NA,NA,NA,NA,NA,NA,NA,NA,NA,NA,NA,NA,-3.89,NA,NA,NA,NA,",sn"
1843-11-15 09:00:00,NA,NA,NA,NA,NA,NA,NA,NA,NA,NA,NA,NA,NA,NA,NA,NA,NA,",sn"
1843-11-15 15:00:00,11.67,NA,NA,NA,NA,NA,1021,NA,NA,NA,NA,NA,0.56,NA,NA,NA,NA,",bkn"
1843-11-15 21:00:00,12.22,NA,NA,NA,NA,NA,1028.45,NA,NA,NA,NA,NA,-6.11,NA,NA,NA,NA,",bkn"
1843-11-16,NA,NA,NA,NA,NA,NA,NA,NA,NA,NA,NA,NA,NA,NA,NA,NA,NA,NA
1843-11-16 06:00:00,NA,NA,NA,NA,NA,NA,NA,NA,NA,NA,NA,NA,-12.78,NA,NA,NA,NA,",skc"
1843-11-16 09:00:00,NA,NA,NA,NA,NA,NA,NA,NA,NA,NA,NA,NA,NA,NA,NA,NA,NA,",skc"
1843-11-16 15:00:00,8.89,NA,NA,NA,NA,NA,1030.14,NA,NA,NA,NA,NA,2.78,NA,NA,NA,NA,",bkn"
1843-11-16 21:00:00,8.33,NA,NA,NA,NA,NA,1029.8,NA,NA,NA,NA,NA,NA,NA,NA,NA,NA,",bkn"
1843-11-17,NA,NA,NA,NA,NA,0,NA,NA,"empty","empty",NA,NA,NA,NA,NA,NA,NA,NA
1843-11-17 06:00:00,NA,NA,NA,NA,NA,NA,NA,NA,NA,NA,NA,NA,-2.78,NA,NA,NA,NA,NA
1843-11-17 09:00:00,NA,NA,NA,NA,NA,NA,NA,NA,NA,NA,NA,NA,NA,NA,NA,NA,NA,",ra"
1843-11-17 15:00:00,12.22,NA,NA,NA,NA,NA,1019.98,NA,NA,NA,NA,NA,6.67,NA,NA,NA,NA,",ra"
1843-11-17 21:00:00,NA,NA,NA,NA,NA,NA,NA,NA,NA,NA,NA,NA,NA,NA,NA,NA,NA,NA
1843-11-18,NA,NA,NA,NA,NA,0,NA,NA,"empty","empty",NA,7.62,NA,NA,NA,NA,NA,NA
1843-11-18 06:00:00,NA,NA,NA,NA,NA,NA,NA,NA,NA,NA,NA,NA,2.22,NA,NA,NA,NA,NA
1843-11-18 09:00:00,NA,NA,NA,NA,NA,NA,NA,NA,NA,NA,NA,NA,NA,NA,NA,NA,NA,",ra"
1843-11-18 15:00:00,8.89,NA,NA,NA,NA,NA,1007.79,NA,NA,NA,NA,NA,6.67,NA,NA,NA,NA,",ra"
1843-11-18 21:00:00,NA,NA,NA,NA,NA,NA,NA,NA,NA,NA,NA,NA,NA,NA,NA,NA,NA,NA
1843-11-19,NA,NA,NA,NA,NA,0,NA,NA,"empty","empty",NA,4.06,NA,NA,NA,NA,NA,NA
1843-11-19 06:00:00,NA,NA,NA,NA,NA,NA,NA,NA,NA,NA,NA,NA,3.89,NA,NA,NA,NA,NA
1843-11-19 09:00:00,NA,NA,NA,NA,NA,NA,NA,NA,NA,NA,NA,NA,NA,NA,NA,NA,NA,",ra"
1843-11-19 15:00:00,9.44,NA,NA,NA,NA,NA,1001.69,NA,NA,NA,NA,NA,5.56,NA,NA,NA,NA,",ra"
1843-11-19 21:00:00,NA,NA,NA,NA,NA,NA,NA,NA,NA,NA,NA,NA,NA,NA,NA,NA,NA,NA
1843-11-20,NA,NA,NA,NA,NA,NA,NA,NA,NA,NA,NA,1.78,NA,NA,NA,NA,NA,NA
1843-11-20 06:00:00,NA,NA,NA,NA,NA,NA,NA,NA,NA,NA,NA,NA,0,NA,NA,NA,NA,NA
1843-11-20 09:00:00,NA,NA,NA,NA,NA,NA,NA,NA,NA,NA,NA,NA,NA,NA,NA,NA,NA,",bkn"
1843-11-20 15:00:00,6.67,NA,NA,NA,NA,NA,1014.9,NA,NA,NA,NA,NA,4.44,NA,NA,NA,NA,",bkn"
1843-11-20 21:00:00,NA,NA,NA,NA,NA,NA,NA,NA,NA,NA,NA,NA,NA,NA,NA,NA,NA,NA
1843-11-21,NA,NA,NA,NA,NA,NA,NA,NA,NA,NA,NA,NA,NA,NA,NA,NA,NA,NA
1843-11-21 06:00:00,NA,NA,NA,NA,NA,NA,NA,NA,NA,NA,NA,NA,-6.11,NA,NA,NA,NA,NA
1843-11-21 09:00:00,NA,NA,NA,NA,NA,NA,NA,NA,NA,NA,NA,NA,NA,NA,NA,NA,NA,",skc"
1843-11-21 15:00:00,8.89,NA,NA,NA,NA,NA,1019.3,NA,NA,NA,NA,NA,3.33,NA,NA,NA,NA,",skc"
1843-11-21 21:00:00,NA,NA,NA,NA,NA,NA,NA,NA,NA,NA,NA,NA,NA,NA,NA,NA,NA,NA
1843-11-22,NA,NA,NA,NA,NA,0,NA,NA,"before light","empty",NA,NA,NA,NA,NA,NA,NA,NA
1843-11-22 06:00:00,NA,NA,NA,NA,NA,NA,NA,NA,NA,NA,NA,NA,0.56,NA,NA,NA,NA,",ra"
1843-11-22 09:00:00,NA,NA,NA,NA,NA,NA,NA,NA,NA,NA,NA,NA,NA,NA,NA,NA,NA,",ra"
1843-11-22 15:00:00,8.89,NA,NA,NA,NA,NA,988.83,NA,NA,NA,NA,NA,7.78,NA,NA,NA,NA,",ra"
1843-11-22 21:00:00,NA,NA,NA,NA,NA,NA,NA,NA,NA,NA,NA,NA,NA,NA,NA,NA,NA,",ra"
1843-11-23,NA,NA,NA,NA,NA,0,NA,NA,"empty","empty",NA,11.18,NA,NA,NA,NA,NA,NA
1843-11-23 06:00:00,NA,NA,NA,NA,NA,NA,NA,NA,NA,NA,NA,NA,-1.11,NA,NA,NA,NA,NA
1843-11-23 09:00:00,NA,NA,NA,NA,NA,NA,NA,NA,NA,NA,NA,NA,NA,NA,NA,NA,NA,",sn"
1843-11-23 15:00:00,6.67,NA,NA,NA,NA,NA,989.5,NA,NA,NA,NA,NA,3.33,NA,NA,NA,NA,",sn"
1843-11-23 21:00:00,NA,NA,NA,NA,NA,NA,NA,NA,NA,NA,NA,NA,NA,NA,NA,NA,NA,NA
1843-11-24,NA,NA,NA,NA,NA,0,NA,NA,"pm","at night",NA,0.64,NA,NA,NA,NA,NA,NA
1843-11-24 06:00:00,NA,NA,NA,NA,NA,NA,NA,NA,NA,NA,NA,NA,-1.67,NA,NA,NA,NA,",sn"
1843-11-24 09:00:00,NA,NA,NA,NA,NA,NA,NA,NA,NA,NA,NA,NA,NA,NA,NA,NA,NA,",sn"
1843-11-24 15:00:00,8.33,NA,NA,NA,NA,NA,1011.85,NA,NA,NA,NA,NA,3.33,NA,NA,NA,NA,",sn"
1843-11-24 21:00:00,NA,NA,NA,NA,NA,NA,NA,NA,NA,NA,NA,NA,NA,NA,NA,NA,NA,",sn"
1843-11-25,NA,NA,NA,NA,NA,0,NA,NA,"pm","at night",NA,6.48,NA,NA,NA,NA,NA,NA
1843-11-25 06:00:00,NA,NA,NA,NA,NA,NA,NA,NA,NA,NA,NA,NA,1.67,NA,NA,NA,NA,",ra"
1843-11-25 09:00:00,NA,NA,NA,NA,NA,NA,NA,NA,NA,NA,NA,NA,NA,NA,NA,NA,NA,",ra"
1843-11-25 15:00:00,7.78,NA,NA,NA,NA,NA,999.66,NA,NA,NA,NA,NA,3.33,NA,NA,NA,NA,",ra"
1843-11-25 21:00:00,NA,NA,NA,NA,NA,NA,NA,NA,NA,NA,NA,NA,NA,NA,NA,NA,NA,",ra"
1843-11-26,NA,NA,NA,NA,NA,NA,NA,NA,NA,NA,NA,3.68,NA,NA,NA,NA,NA,NA
1843-11-26 06:00:00,NA,NA,NA,NA,NA,NA,NA,NA,NA,NA,NA,NA,-4.44,NA,NA,NA,NA,NA
1843-11-26 09:00:00,NA,NA,NA,NA,NA,NA,NA,NA,NA,NA,NA,NA,NA,NA,NA,NA,NA,NA
1843-11-26 15:00:00,7.78,NA,NA,NA,NA,NA,1003.73,NA,NA,NA,NA,NA,-0.56,NA,NA,NA,NA,NA
1843-11-26 21:00:00,NA,NA,NA,NA,NA,NA,NA,NA,NA,NA,NA,NA,NA,NA,NA,NA,NA,NA
1843-11-27,NA,NA,NA,NA,NA,0,NA,NA,"empty","empty",NA,NA,NA,NA,NA,NA,NA,NA
1843-11-27 06:00:00,NA,NA,NA,NA,NA,NA,NA,NA,NA,NA,NA,NA,-8.61,NA,NA,NA,NA,",sn"
1843-11-27 09:00:00,NA,NA,NA,NA,NA,NA,NA,NA,NA,NA,NA,NA,NA,NA,NA,NA,NA,",sn"
1843-11-27 15:00:00,8.33,NA,NA,NA,NA,NA,1000.68,NA,NA,NA,NA,NA,-1.11,NA,NA,NA,NA,",sn"
1843-11-27 21:00:00,NA,NA,NA,NA,NA,NA,NA,NA,NA,NA,NA,NA,NA,NA,NA,NA,NA,",sn"
1843-11-28,NA,NA,NA,NA,NA,NA,NA,NA,NA,NA,NA,0.89,NA,NA,NA,NA,NA,NA
1843-11-28 06:00:00,NA,NA,NA,NA,NA,NA,NA,NA,NA,NA,NA,NA,-11.67,NA,NA,NA,NA,NA
1843-11-28 09:00:00,NA,NA,NA,NA,NA,NA,NA,NA,NA,NA,NA,NA,NA,NA,NA,NA,NA,",skc"
1843-11-28 15:00:00,5.56,NA,NA,NA,NA,NA,995.26,NA,NA,NA,NA,NA,-0.56,NA,NA,NA,NA,",skc"
1843-11-28 21:00:00,NA,NA,NA,NA,NA,NA,NA,NA,NA,NA,NA,NA,NA,NA,NA,NA,NA,",skc"
1843-11-29,NA,NA,NA,NA,NA,NA,NA,NA,NA,NA,NA,NA,NA,NA,NA,NA,NA,NA
1843-11-29 06:00:00,NA,NA,NA,NA,NA,NA,NA,NA,NA,NA,NA,NA,-6.11,NA,NA,NA,NA,NA
1843-11-29 09:00:00,NA,NA,NA,NA,NA,NA,NA,NA,NA,NA,NA,NA,NA,NA,NA,NA,NA,",skc"
1843-11-29 15:00:00,10,NA,NA,NA,NA,NA,1001.36,NA,NA,NA,NA,NA,0.56,NA,NA,NA,NA,",skc"
1843-11-29 21:00:00,NA,NA,NA,NA,NA,NA,NA,NA,NA,NA,NA,NA,NA,NA,NA,NA,NA,",skc"
1843-11-30,NA,NA,NA,NA,NA,0,NA,NA,"empty","empty",NA,NA,NA,NA,NA,NA,NA,NA
1843-11-30 06:00:00,NA,NA,NA,NA,NA,NA,NA,NA,NA,NA,NA,NA,-9.44,NA,NA,NA,NA,NA
1843-11-30 09:00:00,NA,NA,NA,NA,NA,NA,NA,NA,NA,NA,NA,NA,NA,NA,NA,NA,NA,",sn"
1843-11-30 15:00:00,8.89,NA,NA,NA,NA,NA,1013.21,NA,NA,NA,NA,NA,-7.22,NA,NA,NA,NA,",sn"
1843-11-30 21:00:00,NA,NA,NA,NA,NA,NA,NA,NA,NA,NA,NA,NA,NA,NA,NA,NA,NA,",sn"
1843-12-01,NA,NA,NA,NA,NA,NA,NA,NA,NA,NA,NA,0.38,NA,NA,NA,NA,NA,NA
1843-12-01 06:00:00,NA,NA,NA,NA,NA,NA,NA,NA,NA,NA,NA,NA,-12.22,NA,NA,NA,NA,NA
1843-12-01 09:00:00,NA,NA,NA,NA,NA,NA,NA,NA,NA,NA,NA,NA,NA,NA,NA,NA,NA,",skc"
1843-12-01 15:00:00,10,NA,NA,NA,NA,NA,1020.32,NA,NA,NA,NA,NA,-4.44,NA,NA,NA,NA,",skc"
1843-12-01 21:00:00,NA,NA,NA,NA,NA,NA,NA,NA,NA,NA,NA,NA,NA,NA,NA,NA,NA,NA
1843-12-02,NA,NA,NA,NA,NA,NA,NA,NA,NA,NA,NA,NA,NA,NA,NA,NA,NA,NA
1843-12-02 06:00:00,NA,NA,NA,NA,NA,NA,NA,NA,NA,NA,NA,NA,-11.11,NA,NA,NA,NA,NA
1843-12-02 09:00:00,NA,NA,NA,NA,NA,NA,NA,NA,NA,NA,NA,NA,NA,NA,NA,NA,NA,",ovc"
1843-12-02 15:00:00,8.89,NA,NA,NA,NA,NA,1002.71,NA,NA,NA,NA,NA,-1.11,NA,NA,NA,NA,",ovc"
1843-12-02 21:00:00,NA,NA,NA,NA,NA,NA,NA,NA,NA,NA,NA,NA,NA,NA,NA,NA,NA,NA
1843-12-03,NA,NA,NA,NA,NA,NA,NA,NA,NA,NA,NA,NA,NA,NA,NA,NA,NA,NA
1843-12-03 06:00:00,NA,NA,NA,NA,NA,NA,NA,NA,NA,NA,NA,NA,-10,NA,NA,NA,NA,NA
1843-12-03 09:00:00,NA,NA,NA,NA,NA,NA,NA,NA,NA,NA,NA,NA,NA,NA,NA,NA,NA,",skc"
1843-12-03 15:00:00,8.33,NA,NA,NA,NA,NA,1012.19,NA,NA,NA,NA,NA,-1.67,NA,NA,NA,NA,",skc"
1843-12-03 21:00:00,NA,NA,NA,NA,NA,NA,NA,NA,NA,NA,NA,NA,NA,NA,NA,NA,NA,",skc"
1843-12-04,NA,NA,NA,NA,NA,NA,NA,NA,NA,NA,NA,NA,NA,NA,NA,NA,NA,NA
1843-12-04 06:00:00,NA,NA,NA,NA,NA,NA,NA,NA,NA,NA,NA,NA,-8.33,NA,NA,NA,NA,NA
1843-12-04 09:00:00,NA,NA,NA,NA,NA,NA,NA,NA,NA,NA,NA,NA,NA,NA,NA,NA,NA,",skc"
1843-12-04 15:00:00,14.44,NA,NA,NA,NA,NA,1011.85,NA,NA,NA,NA,NA,3.89,NA,NA,NA,NA,",skc"
1843-12-04 21:00:00,NA,NA,NA,NA,NA,NA,NA,NA,NA,NA,NA,NA,NA,NA,NA,NA,NA,",skc"
1843-12-05,NA,NA,NA,NA,NA,NA,NA,NA,NA,NA,NA,NA,NA,NA,NA,NA,NA,NA
1843-12-05 06:00:00,NA,NA,NA,NA,NA,NA,NA,NA,NA,NA,NA,NA,2.22,NA,-8.33,NA,NA,NA
1843-12-05 09:00:00,NA,NA,NA,NA,NA,NA,NA,NA,NA,NA,NA,NA,NA,NA,NA,NA,NA,",ovc"
1843-12-05 15:00:00,15,NA,NA,NA,NA,NA,997.29,NA,NA,NA,NA,NA,4.44,NA,NA,NA,NA,",ovc"
1843-12-05 21:00:00,NA,NA,NA,NA,NA,NA,NA,NA,NA,NA,NA,NA,NA,NA,NA,NA,NA,NA
1843-12-06,NA,NA,NA,NA,NA,0,NA,NA,"empty","empty",NA,NA,NA,NA,NA,NA,NA,NA
1843-12-06 06:00:00,NA,NA,NA,NA,NA,NA,NA,NA,NA,NA,NA,NA,-7.22,NA,-16.11,NA,NA,NA
1843-12-06 09:00:00,NA,NA,NA,NA,NA,NA,NA,NA,NA,NA,NA,NA,NA,NA,NA,NA,NA,",sn"
1843-12-06 15:00:00,8.33,NA,NA,NA,NA,NA,1016.26,NA,NA,NA,NA,NA,-5,NA,-17.22,NA,NA,",sn"
1843-12-06 21:00:00,12.78,NA,NA,NA,NA,NA,1019.3,NA,NA,NA,NA,NA,NA,NA,NA,NA,NA,NA
1843-12-07,NA,NA,NA,NA,NA,NA,NA,NA,NA,NA,NA,0.25,NA,NA,NA,NA,NA,NA
1843-12-07 06:00:00,NA,NA,NA,NA,NA,NA,NA,NA,NA,NA,NA,NA,-12.78,NA,-13.89,NA,NA,NA
1843-12-07 09:00:00,NA,NA,NA,NA,NA,NA,NA,NA,NA,NA,NA,NA,NA,NA,NA,NA,NA,",ovc"
1843-12-07 15:00:00,9.44,NA,NA,NA,NA,NA,1012.53,NA,NA,NA,NA,NA,-0.56,NA,-12.22,NA,NA,",ovc"
1843-12-07 21:00:00,NA,NA,NA,NA,NA,NA,NA,NA,NA,NA,NA,NA,NA,NA,NA,NA,NA,NA
1843-12-08,NA,NA,NA,NA,NA,0,NA,NA,"all day","empty",NA,NA,NA,NA,NA,NA,NA,",sn,"
1843-12-08 06:00:00,7.78,NA,NA,NA,NA,NA,980.36,NA,NA,NA,NA,NA,-2.22,NA,15.56,NA,NA,NA
1843-12-08 09:00:00,NA,NA,NA,NA,NA,NA,NA,NA,NA,NA,NA,NA,NA,NA,NA,NA,NA,",sn"
1843-12-08 15:00:00,8.89,NA,NA,NA,NA,NA,988.83,NA,NA,NA,NA,NA,-1.11,NA,6.67,NA,NA,",sn"
1843-12-08 21:00:00,NA,NA,NA,NA,NA,NA,NA,NA,NA,NA,NA,NA,NA,NA,NA,NA,NA,NA
1843-12-09,NA,NA,NA,NA,NA,0,NA,NA,"empty","empty",NA,35.31,NA,NA,NA,NA,NA,NA
1843-12-09 06:00:00,NA,NA,NA,NA,NA,NA,NA,NA,NA,NA,NA,NA,-8.33,NA,6.11,NA,NA,NA
1843-12-09 09:00:00,NA,NA,NA,NA,NA,NA,NA,NA,NA,NA,NA,NA,NA,NA,NA,NA,NA,",sn"
1843-12-09 15:00:00,8.89,NA,NA,NA,NA,NA,1005.42,NA,NA,NA,NA,NA,-2.78,NA,-4.44,NA,NA,",sn"
1843-12-09 21:00:00,NA,NA,NA,NA,NA,NA,NA,NA,NA,NA,NA,NA,NA,NA,NA,NA,NA,NA
1843-12-10,NA,NA,NA,NA,NA,NA,NA,NA,NA,NA,NA,0.25,NA,NA,NA,NA,NA,NA
1843-12-10 06:00:00,NA,NA,NA,NA,NA,NA,NA,NA,NA,NA,NA,NA,-18.33,NA,6.67,NA,NA,NA
1843-12-10 09:00:00,NA,NA,NA,NA,NA,NA,NA,NA,NA,NA,NA,NA,NA,NA,NA,NA,NA,",ovc"
1843-12-10 15:00:00,8.89,NA,NA,NA,NA,NA,1002.03,NA,NA,NA,NA,NA,-4.44,NA,-1.11,NA,NA,",ovc"
1843-12-10 21:00:00,NA,NA,NA,NA,NA,NA,NA,NA,NA,NA,NA,NA,NA,NA,NA,NA,NA,NA
1843-12-11,NA,NA,NA,NA,NA,0,NA,NA,"empty","empty",NA,NA,NA,NA,NA,NA,NA,NA
1843-12-11 06:00:00,NA,NA,NA,NA,NA,NA,NA,NA,NA,NA,NA,NA,-9.44,NA,-2.22,NA,NA,",sn"
1843-12-11 09:00:00,NA,NA,NA,NA,NA,NA,NA,NA,NA,NA,NA,NA,NA,NA,NA,NA,NA,",sn"
1843-12-11 15:00:00,7.78,NA,NA,NA,NA,NA,1007.11,NA,NA,NA,NA,NA,-1.11,NA,12.22,NA,NA,",sn"
1843-12-11 21:00:00,11.11,NA,NA,NA,NA,NA,996.95,NA,NA,NA,NA,NA,NA,NA,NA,NA,NA,",sn"
1843-12-12,NA,NA,NA,NA,NA,0,NA,NA,"empty","empty",NA,0.13,NA,NA,NA,NA,NA,NA
1843-12-12 06:00:00,NA,NA,NA,NA,NA,NA,NA,NA,NA,NA,NA,NA,-2.78,NA,7.78,NA,NA,",ra"
1843-12-12 09:00:00,NA,NA,NA,NA,NA,NA,NA,NA,NA,NA,NA,NA,NA,NA,NA,NA,NA,",ra"
1843-12-12 15:00:00,10.56,NA,NA,NA,NA,NA,1006.1,NA,NA,NA,NA,NA,1.11,NA,0,NA,NA,",bkn"
1843-12-12 21:00:00,NA,NA,NA,NA,NA,NA,NA,NA,NA,NA,NA,NA,NA,NA,NA,NA,NA,",bkn"
1843-12-13,NA,NA,NA,NA,NA,0,NA,NA,"empty","empty",NA,5.33,NA,NA,NA,NA,NA,NA
1843-12-13 06:00:00,NA,NA,NA,NA,NA,NA,NA,NA,NA,NA,NA,NA,-6.39,NA,-2.22,NA,NA,",sn"
1843-12-13 09:00:00,NA,NA,NA,NA,NA,NA,NA,NA,NA,NA,NA,NA,NA,NA,NA,NA,NA,",sn"
1843-12-13 15:00:00,3.89,NA,NA,NA,NA,NA,1016.93,NA,NA,NA,NA,NA,-4.44,NA,-7.78,NA,NA,",sn"
1843-12-13 21:00:00,NA,NA,NA,NA,NA,NA,NA,NA,NA,NA,NA,NA,NA,NA,NA,NA,NA,",sn"
1843-12-14,NA,NA,NA,NA,NA,NA,NA,NA,NA,NA,NA,0.13,NA,NA,NA,NA,NA,NA
1843-12-14 06:00:00,NA,NA,NA,NA,NA,NA,1029.46,NA,NA,NA,NA,NA,-16.67,NA,-8.33,NA,NA,NA
1843-12-14 09:00:00,-1.11,NA,NA,NA,NA,NA,NA,NA,NA,NA,NA,NA,NA,NA,NA,NA,NA,",skc"
1843-12-14 15:00:00,5,NA,NA,NA,NA,NA,1026.75,NA,NA,NA,NA,NA,-5,NA,1.11,NA,NA,",skc"
1843-12-14 21:00:00,NA,NA,NA,NA,NA,NA,NA,NA,NA,NA,NA,NA,NA,NA,NA,NA,NA,NA
1843-12-15,NA,NA,NA,NA,NA,NA,NA,NA,NA,NA,NA,NA,NA,NA,NA,NA,NA,NA
1843-12-15 06:00:00,NA,NA,NA,NA,NA,NA,NA,NA,NA,NA,NA,NA,-3.89,NA,-7.22,NA,NA,",skc"
1843-12-15 09:00:00,NA,NA,NA,NA,NA,NA,NA,NA,NA,NA,NA,NA,NA,NA,NA,NA,NA,",skc"
1843-12-15 15:00:00,8.33,NA,NA,NA,NA,NA,1020.66,NA,NA,NA,NA,NA,2.22,NA,-17.78,NA,NA,",skc"
1843-12-15 21:00:00,NA,NA,NA,NA,NA,NA,NA,NA,NA,NA,NA,NA,NA,NA,NA,NA,NA,",skc"
1843-12-16,NA,NA,NA,NA,NA,NA,NA,NA,NA,NA,NA,NA,NA,NA,NA,NA,NA,NA
1843-12-16 06:00:00,NA,NA,NA,NA,NA,NA,NA,NA,NA,NA,NA,NA,-7.22,NA,-16.11,NA,NA,NA
1843-12-16 09:00:00,NA,NA,NA,NA,NA,NA,NA,NA,NA,NA,NA,NA,NA,NA,NA,NA,NA,",ovc"
1843-12-16 15:00:00,12.22,NA,NA,NA,NA,NA,1032.34,NA,NA,NA,NA,NA,-7.22,NA,NA,NA,NA,",ovc"
1843-12-16 21:00:00,NA,NA,NA,NA,NA,NA,NA,NA,NA,NA,NA,NA,NA,NA,NA,NA,NA,NA
1843-12-17,NA,NA,NA,NA,NA,0,NA,NA,"empty","empty",NA,NA,NA,NA,NA,NA,NA,NA
1843-12-17 06:00:00,NA,NA,NA,NA,NA,NA,NA,NA,NA,NA,NA,NA,-9.17,NA,-17.22,NA,NA,",bkn"
1843-12-17 09:00:00,NA,NA,NA,NA,NA,NA,NA,NA,NA,NA,NA,NA,NA,NA,NA,NA,NA,",bkn"
1843-12-17 15:00:00,9.44,NA,NA,NA,NA,NA,1020.32,NA,NA,NA,NA,NA,-6.11,NA,NA,NA,NA,",sn"
1843-12-17 21:00:00,NA,NA,NA,NA,NA,NA,NA,NA,NA,NA,NA,NA,NA,NA,NA,NA,NA,",sn"
1843-12-18,NA,NA,NA,NA,NA,NA,NA,NA,NA,NA,NA,2.79,NA,NA,NA,NA,NA,NA
1843-12-18 06:00:00,NA,NA,NA,NA,NA,NA,NA,NA,NA,NA,NA,NA,-8.33,NA,-11.67,NA,NA,NA
1843-12-18 09:00:00,NA,NA,NA,NA,NA,NA,NA,NA,NA,NA,NA,NA,NA,NA,NA,NA,NA,",ovc"
1843-12-18 15:00:00,11.11,NA,NA,NA,NA,NA,1018.29,NA,NA,NA,NA,NA,-3.33,NA,-16.11,NA,NA,",ovc"
1843-12-18 21:00:00,NA,NA,NA,NA,NA,NA,NA,NA,NA,NA,NA,NA,NA,NA,NA,NA,NA,NA
1843-12-19,NA,NA,NA,NA,NA,NA,NA,NA,NA,NA,NA,NA,NA,NA,NA,NA,NA,NA
1843-12-19 06:00:00,NA,NA,NA,NA,NA,NA,NA,NA,NA,NA,NA,NA,-8.89,NA,-16.67,NA,NA,NA
1843-12-19 09:00:00,NA,NA,NA,NA,NA,NA,NA,NA,NA,NA,NA,NA,NA,NA,NA,NA,NA,",ovc"
1843-12-19 15:00:00,10,NA,NA,NA,NA,NA,1015.58,NA,NA,NA,NA,NA,-1.67,NA,-16.67,NA,NA,",ovc"
1843-12-19 21:00:00,NA,NA,NA,NA,NA,NA,NA,NA,NA,NA,NA,NA,NA,NA,NA,NA,NA,NA
1843-12-20,NA,NA,NA,NA,NA,NA,NA,NA,NA,NA,NA,NA,NA,NA,NA,NA,NA,NA
1843-12-20 06:00:00,NA,NA,NA,NA,NA,NA,NA,NA,NA,NA,NA,NA,-8.61,NA,-7.22,NA,NA,NA
1843-12-20 09:00:00,NA,NA,NA,NA,NA,NA,NA,NA,NA,NA,NA,NA,NA,NA,NA,NA,NA,",ovc"
1843-12-20 15:00:00,8.33,NA,NA,NA,NA,NA,1005.42,NA,NA,NA,NA,NA,1.11,NA,-7.78,NA,NA,",ovc"
1843-12-20 21:00:00,NA,NA,NA,NA,NA,NA,NA,NA,NA,NA,NA,NA,NA,NA,NA,NA,NA,NA
1843-12-21,NA,NA,NA,NA,NA,0,NA,NA,"empty","empty",NA,NA,NA,NA,NA,NA,NA,NA
1843-12-21 06:00:00,NA,NA,NA,NA,NA,NA,NA,NA,NA,NA,NA,NA,-5.83,NA,-12.78,NA,NA,NA
1843-12-21 09:00:00,NA,NA,NA,NA,NA,NA,NA,NA,NA,NA,NA,NA,NA,NA,NA,NA,NA,",sn"
1843-12-21 15:00:00,8.33,NA,NA,NA,NA,NA,1010.5,NA,NA,NA,NA,NA,-3.89,NA,NA,NA,NA,",sn"
1843-12-21 21:00:00,NA,NA,NA,NA,NA,NA,NA,NA,NA,NA,NA,NA,NA,NA,NA,NA,NA,",sn"
1843-12-22,NA,NA,NA,NA,NA,0,NA,NA,"empty","empty",NA,0.2,NA,NA,NA,NA,NA,NA
1843-12-22 06:00:00,NA,NA,NA,NA,NA,NA,NA,NA,NA,NA,NA,NA,-13.33,NA,-16.67,NA,NA,",skc"
1843-12-22 09:00:00,NA,NA,NA,NA,NA,NA,NA,NA,NA,NA,NA,NA,NA,NA,NA,NA,NA,",skc"
1843-12-22 15:00:00,7.22,NA,NA,NA,NA,NA,1006.43,NA,NA,NA,NA,NA,-1.11,NA,NA,NA,NA,",rn +sn +ip"
1843-12-22 21:00:00,NA,NA,NA,NA,NA,NA,NA,NA,NA,NA,NA,NA,NA,NA,NA,NA,NA,NA
1843-12-23,NA,NA,NA,NA,NA,NA,NA,NA,NA,NA,NA,0.05,NA,NA,NA,NA,NA,NA
1843-12-23 06:00:00,NA,NA,NA,NA,NA,NA,NA,NA,NA,NA,NA,NA,-6.11,NA,-14.44,NA,NA,NA
1843-12-23 09:00:00,NA,NA,NA,NA,NA,NA,NA,NA,NA,NA,NA,NA,NA,NA,NA,NA,NA,",bkn"
1843-12-23 15:00:00,7.22,NA,NA,NA,NA,NA,1018.63,NA,NA,NA,NA,NA,-3.33,NA,-17.22,NA,NA,",bkn"
1843-12-23 21:00:00,NA,NA,NA,NA,NA,NA,NA,NA,NA,NA,NA,NA,NA,NA,NA,NA,NA,NA
1843-12-24,NA,NA,NA,NA,NA,0,NA,NA,"empty","empty",NA,NA,NA,NA,NA,NA,NA,NA
1843-12-24 06:00:00,NA,NA,NA,NA,NA,NA,NA,NA,NA,NA,NA,NA,-10.56,NA,-10.56,NA,NA,NA
1843-12-24 09:00:00,NA,NA,NA,NA,NA,NA,NA,NA,NA,NA,NA,NA,NA,NA,NA,NA,NA,",br"
1843-12-24 15:00:00,6.11,NA,NA,NA,NA,NA,1009.82,NA,NA,NA,NA,NA,0,NA,-6.67,NA,NA,",br"
1843-12-24 21:00:00,NA,NA,NA,NA,NA,NA,NA,NA,NA,NA,NA,NA,NA,NA,NA,NA,NA,NA
1843-12-25,NA,NA,NA,NA,NA,0,NA,NA,"empty","empty",NA,0.89,NA,NA,NA,NA,NA,NA
1843-12-25 06:00:00,NA,NA,NA,NA,NA,NA,NA,NA,NA,NA,NA,NA,-3.89,NA,-6.11,NA,NA,NA
1843-12-25 09:00:00,NA,NA,NA,NA,NA,NA,NA,NA,NA,NA,NA,NA,NA,NA,NA,NA,NA,NA
1843-12-25 15:00:00,8.33,NA,NA,NA,NA,NA,1009.14,NA,NA,NA,NA,NA,-1.11,NA,-2.22,NA,NA,",sn"
1843-12-25 21:00:00,NA,NA,NA,NA,NA,NA,NA,NA,NA,NA,NA,NA,NA,NA,NA,NA,NA,",sn"
1843-12-26,NA,NA,NA,NA,NA,0,NA,NA,"empty","empty",NA,2.03,NA,NA,NA,NA,NA,NA
1843-12-26 06:00:00,NA,NA,NA,NA,NA,NA,NA,NA,NA,NA,NA,NA,-6.11,NA,-5.56,NA,NA,",sn"
1843-12-26 09:00:00,NA,NA,NA,NA,NA,NA,NA,NA,NA,NA,NA,NA,NA,NA,NA,NA,NA,",ovc"
1843-12-26 15:00:00,8.89,NA,NA,NA,NA,NA,1019.98,NA,NA,NA,NA,NA,-3.33,NA,-10.56,NA,NA,",ovc"
1843-12-26 21:00:00,11.67,NA,NA,NA,NA,NA,1024.04,NA,NA,NA,NA,NA,NA,NA,NA,NA,NA,NA
1843-12-27,NA,NA,NA,NA,NA,NA,NA,NA,NA,NA,NA,3.05,NA,NA,NA,NA,NA,NA
1843-12-27 06:00:00,NA,NA,NA,NA,NA,NA,NA,NA,NA,NA,NA,NA,-7.78,NA,-11.11,NA,NA,",sn"
1843-12-27 09:00:00,NA,NA,NA,NA,NA,NA,NA,NA,NA,NA,NA,NA,NA,NA,NA,NA,NA,",ovc"
1843-12-27 15:00:00,6.11,NA,NA,NA,NA,NA,1017.61,NA,NA,NA,NA,NA,-2.22,NA,-10.56,NA,NA,",ovc"
1843-12-27 21:00:00,NA,NA,NA,NA,NA,NA,NA,NA,NA,NA,NA,NA,NA,NA,NA,NA,NA,NA
1843-12-28,NA,NA,NA,NA,NA,0,NA,NA,"empty","empty",NA,NA,NA,NA,NA,NA,NA,NA
1843-12-28 06:00:00,NA,NA,NA,NA,NA,NA,NA,NA,NA,NA,NA,NA,-3.33,NA,-3.89,NA,NA,",sn"
1843-12-28 09:00:00,NA,NA,NA,NA,NA,NA,NA,NA,NA,NA,NA,NA,NA,NA,NA,NA,NA,",sn"
1843-12-28 15:00:00,6.11,NA,NA,NA,NA,NA,1005.42,NA,NA,NA,NA,NA,1.67,NA,-1.67,NA,NA,",sn"
1843-12-28 21:00:00,NA,NA,NA,NA,NA,NA,NA,NA,NA,NA,NA,NA,NA,NA,NA,NA,NA,",sn"
1843-12-29,NA,NA,NA,NA,NA,NA,NA,NA,NA,NA,NA,9.04,NA,NA,NA,NA,NA,NA
1843-12-29 06:00:00,NA,NA,NA,NA,NA,NA,NA,NA,NA,NA,NA,NA,0,NA,1.67,NA,NA,NA
1843-12-29 09:00:00,NA,NA,NA,NA,NA,NA,NA,NA,NA,NA,NA,NA,NA,NA,NA,NA,NA,",ovc"
1843-12-29 15:00:00,11.11,NA,NA,NA,NA,NA,988.83,NA,NA,NA,NA,NA,4.44,NA,8.89,NA,NA,",ovc"
1843-12-29 21:00:00,NA,NA,NA,NA,NA,NA,NA,NA,NA,NA,NA,NA,NA,NA,NA,NA,NA,NA
1843-12-30,NA,NA,NA,NA,NA,0,NA,NA,"empty","empty",NA,NA,NA,NA,NA,NA,NA,NA
1843-12-30 06:00:00,10,NA,NA,NA,NA,NA,977.65,NA,NA,NA,NA,NA,0.56,NA,1.67,NA,NA,",ra"
1843-12-30 09:00:00,NA,NA,NA,NA,NA,NA,NA,NA,NA,NA,NA,NA,NA,NA,NA,NA,NA,",ra"
1843-12-30 15:00:00,10,NA,NA,NA,NA,NA,984.76,NA,NA,NA,NA,NA,4.44,NA,-4.44,NA,NA,",sn"
1843-12-30 21:00:00,NA,NA,NA,NA,NA,NA,NA,NA,NA,NA,NA,NA,NA,NA,NA,NA,NA,NA
1843-12-31,NA,NA,NA,NA,NA,0,NA,NA,"empty","empty",NA,3.43,NA,NA,NA,NA,NA,NA
1843-12-31 06:00:00,NA,NA,NA,NA,NA,NA,NA,NA,NA,NA,NA,NA,-1.11,NA,-0.56,NA,NA,",sn"
1843-12-31 09:00:00,NA,NA,NA,NA,NA,NA,NA,NA,NA,NA,NA,NA,NA,NA,NA,NA,NA,",sn"
1843-12-31 15:00:00,7.22,NA,NA,NA,NA,NA,1026.75,NA,NA,NA,NA,NA,2.78,NA,-0.56,NA,NA,",ra"
1843-12-31 21:00:00,NA,NA,NA,NA,NA,NA,NA,NA,NA,NA,NA,NA,NA,NA,NA,NA,NA,",ra"
1844-01-01,NA,NA,NA,NA,NA,NA,NA,NA,NA,NA,NA,4.95,NA,NA,NA,NA,NA,NA
1844-04-01,NA,NA,NA,NA,NA,NA,NA,NA,NA,NA,NA,NA,NA,-10.97,NA,NA,NA,NA
1844-04-01 06:00:00,2.22,NA,NA,NA,NA,NA,1034.2,NA,NA,NA,NA,NA,-19.44,NA,-11.11,NA,NA,NA
1844-04-01 09:00:00,5,NA,NA,NA,NA,NA,1036.57,NA,NA,NA,NA,NA,-6.67,NA,NA,NA,NA,NA
1844-04-01 15:00:00,10.56,NA,NA,NA,NA,NA,1039.28,NA,NA,NA,NA,NA,-5.56,NA,0,NA,NA,NA
1844-04-01 21:00:00,10,NA,NA,NA,NA,NA,1040.98,NA,NA,NA,NA,NA,-12.22,NA,NA,NA,NA,NA
1844-04-02,NA,NA,NA,NA,NA,NA,NA,NA,NA,NA,NA,NA,NA,-8.19,NA,NA,NA,",halo,"
1844-04-02 06:00:00,1.11,NA,NA,NA,NA,NA,1041.31,NA,NA,NA,NA,NA,-18.89,NA,-8.33,NA,NA,NA
1844-04-02 09:00:00,5.56,NA,NA,NA,NA,NA,1042.67,NA,NA,NA,NA,NA,-6.67,NA,NA,NA,NA,NA
1844-04-02 15:00:00,9.44,NA,NA,NA,NA,NA,1038.94,NA,NA,NA,NA,NA,-0.56,NA,-3.33,NA,NA,NA
1844-04-02 21:00:00,7.78,NA,NA,NA,NA,NA,1042.67,NA,NA,NA,NA,NA,-6.67,NA,NA,NA,NA,NA
1844-04-03,NA,NA,NA,NA,NA,NA,NA,NA,"8 am","4 pm",NA,NA,NA,-2.22,NA,NA,NA,",sn,"
1844-04-03 06:00:00,5,NA,NA,NA,NA,NA,1025.4,NA,NA,NA,NA,NA,-7.78,NA,-17.22,NA,NA,NA
1844-04-03 09:00:00,7.22,NA,NA,NA,NA,NA,1022.35,NA,NA,NA,NA,NA,-2.78,NA,NA,NA,NA,NA
1844-04-03 15:00:00,9.44,NA,NA,NA,NA,NA,1014.9,NA,NA,NA,NA,NA,1.67,NA,-15.56,NA,NA,NA
1844-04-03 21:00:00,11.11,NA,NA,NA,NA,NA,1007.79,NA,NA,NA,NA,NA,0,NA,NA,NA,NA,NA
1844-04-04,NA,NA,NA,NA,NA,NA,NA,NA,NA,NA,NA,0.05,NA,4.44,NA,NA,NA,NA
1844-04-04 06:00:00,7.78,NA,NA,NA,NA,NA,1000,NA,NA,NA,NA,NA,-3.33,NA,-15.56,NA,NA,NA
1844-04-04 09:00:00,9.44,NA,NA,NA,NA,NA,998.65,NA,NA,NA,NA,NA,6.67,NA,NA,NA,NA,NA
1844-04-04 15:00:00,12.22,NA,NA,NA,NA,NA,995.6,NA,NA,NA,NA,NA,12.22,NA,-2.22,NA,NA,NA
1844-04-04 21:00:00,11.11,NA,NA,NA,NA,NA,998.98,NA,NA,NA,NA,NA,2.22,NA,NA,NA,NA,NA
1844-04-05,NA,NA,NA,NA,NA,NA,NA,NA,"4 pm","12 pm",NA,NA,NA,2.5,NA,NA,NA,",sn,"
1844-04-05 06:00:00,10,NA,NA,NA,NA,NA,1000.68,NA,NA,NA,NA,NA,1.11,NA,-7.22,NA,NA,NA
1844-04-05 09:00:00,9.44,NA,NA,NA,NA,NA,1003.73,NA,NA,NA,NA,NA,4.44,NA,NA,NA,NA,NA
1844-04-05 15:00:00,10.56,NA,NA,NA,NA,NA,1008.81,NA,NA,NA,NA,NA,4.44,NA,-15.56,NA,NA,NA
1844-04-05 21:00:00,11.67,NA,NA,NA,NA,NA,1014.22,NA,NA,NA,NA,NA,0,NA,NA,NA,NA,NA
1844-04-06,NA,NA,NA,NA,NA,NA,NA,NA,NA,NA,NA,0.03,NA,0.14,NA,NA,NA,",au,"
1844-04-06 06:00:00,8.33,NA,NA,NA,NA,NA,1020.66,NA,NA,NA,NA,NA,-1.67,NA,-15,NA,NA,NA
1844-04-06 09:00:00,12.22,NA,NA,NA,NA,NA,1024.04,NA,NA,NA,NA,NA,1.11,NA,NA,NA,NA,NA
1844-04-06 15:00:00,12.22,NA,NA,NA,NA,NA,1027.09,NA,NA,NA,NA,NA,5,NA,-16.67,NA,NA,NA
1844-04-06 21:00:00,10,NA,NA,NA,NA,NA,1026.08,NA,NA,NA,NA,NA,-3.89,NA,NA,NA,NA,NA
1844-04-07,NA,NA,NA,NA,NA,NA,NA,NA,NA,NA,NA,NA,NA,3.19,NA,NA,NA,NA
1844-04-07 06:00:00,5,NA,NA,NA,NA,NA,1025.06,NA,NA,NA,NA,NA,-5,NA,-15.56,NA,NA,NA
1844-04-07 09:00:00,5.56,NA,NA,NA,NA,NA,1025.4,NA,NA,NA,NA,NA,9.44,NA,NA,NA,NA,NA
1844-04-07 15:00:00,12.22,NA,NA,NA,NA,NA,1024.04,NA,NA,NA,NA,NA,9.44,NA,6.67,NA,NA,NA
1844-04-07 21:00:00,11.67,NA,NA,NA,NA,NA,1022.01,NA,NA,NA,NA,NA,-1.11,NA,NA,NA,NA,NA
1844-04-08,NA,NA,NA,NA,NA,NA,NA,NA,"9 pm","midnight",NA,NA,NA,6.39,NA,NA,NA,",ra,"
1844-04-08 06:00:00,7.78,NA,NA,NA,NA,NA,1017.95,NA,NA,NA,NA,NA,-1.11,NA,1.11,NA,NA,NA
1844-04-08 09:00:00,13.33,NA,NA,NA,NA,NA,1017.61,NA,NA,NA,NA,NA,6.11,NA,NA,NA,NA,NA
1844-04-08 15:00:00,14.44,NA,NA,NA,NA,NA,1012.87,NA,NA,NA,NA,NA,13.33,NA,-5,NA,NA,NA
1844-04-08 21:00:00,13.89,NA,NA,NA,NA,NA,1006.1,NA,NA,NA,NA,NA,7.22,NA,NA,NA,NA,NA
1844-04-09,NA,NA,NA,NA,NA,NA,NA,NA,NA,NA,NA,0.69,NA,8.89,NA,NA,NA,NA
1844-04-09 06:00:00,12.22,NA,NA,NA,NA,NA,1000.34,NA,NA,NA,NA,NA,5.56,NA,-3.33,NA,NA,NA
1844-04-09 09:00:00,12.22,NA,NA,NA,NA,NA,1001.36,NA,NA,NA,NA,NA,9.44,NA,NA,NA,NA,NA
1844-04-09 15:00:00,14.44,NA,NA,NA,NA,NA,1001.36,NA,NA,NA,NA,NA,13.33,NA,-13.33,NA,NA,NA
1844-04-09 21:00:00,15,NA,NA,NA,NA,NA,1004.74,NA,NA,NA,NA,NA,7.22,NA,NA,NA,NA,NA
1844-04-10,NA,NA,NA,NA,NA,NA,NA,NA,NA,NA,NA,NA,NA,6.39,NA,NA,NA,NA
1844-04-10 06:00:00,11.67,NA,NA,NA,NA,NA,1008.13,NA,NA,NA,NA,NA,1.67,NA,-10.56,NA,NA,NA
1844-04-10 09:00:00,11.67,NA,NA,NA,NA,NA,1008.81,NA,NA,NA,NA,NA,11.67,NA,NA,NA,NA,NA
1844-04-10 15:00:00,14.44,NA,NA,NA,NA,NA,1007.45,NA,NA,NA,NA,NA,10.56,NA,-3.33,NA,NA,NA
1844-04-10 21:00:00,13.33,NA,NA,NA,NA,NA,1011.18,NA,NA,NA,NA,NA,1.67,NA,NA,NA,NA,NA
1844-04-11,NA,NA,NA,NA,NA,NA,NA,NA,NA,NA,NA,NA,NA,0.69,NA,NA,NA,",frst,"
1844-04-11 06:00:00,8.33,NA,NA,NA,NA,NA,1014.9,NA,NA,NA,NA,NA,-4.44,NA,-9.44,NA,NA,NA
1844-04-11 09:00:00,7.78,NA,NA,NA,NA,NA,1015.92,NA,NA,NA,NA,NA,5.56,NA,NA,NA,NA,NA
1844-04-11 15:00:00,11.67,NA,NA,NA,NA,NA,1018.63,NA,NA,NA,NA,NA,5,NA,-6.11,NA,NA,NA
1844-04-11 21:00:00,10.56,NA,NA,NA,NA,NA,1020.32,NA,NA,NA,NA,NA,-3.33,NA,NA,NA,NA,NA
1844-04-12,NA,NA,NA,NA,NA,NA,NA,NA,NA,NA,NA,NA,NA,2.78,NA,NA,NA,NA
1844-04-12 06:00:00,4.44,NA,NA,NA,NA,NA,1021.67,NA,NA,NA,NA,NA,-7.22,NA,-9.44,NA,NA,NA
1844-04-12 09:00:00,5.56,NA,NA,NA,NA,NA,1022.01,NA,NA,NA,NA,NA,4.44,NA,NA,NA,NA,NA
1844-04-12 15:00:00,11.11,NA,NA,NA,NA,NA,1021.33,NA,NA,NA,NA,NA,10.56,NA,5,NA,NA,NA
1844-04-12 21:00:00,12.78,NA,NA,NA,NA,NA,1018.63,NA,NA,NA,NA,NA,3.33,NA,NA,NA,NA,NA
1844-04-13,NA,NA,NA,NA,NA,NA,NA,NA,NA,NA,NA,NA,NA,7.08,NA,NA,NA,NA
1844-04-13 06:00:00,8.33,NA,NA,NA,NA,NA,1012.87,NA,NA,NA,NA,NA,0,NA,-3.33,NA,NA,NA
1844-04-13 09:00:00,8.89,NA,NA,NA,NA,NA,1012.19,NA,NA,NA,NA,NA,10.56,NA,NA,NA,NA,NA
1844-04-13 15:00:00,14.44,NA,NA,NA,NA,NA,1013.55,NA,NA,NA,NA,NA,16.11,NA,3.33,NA,NA,NA
1844-04-13 21:00:00,13.89,NA,NA,NA,NA,NA,1016.93,NA,NA,NA,NA,NA,1.67,NA,NA,NA,NA,NA
1844-04-14,NA,NA,NA,NA,NA,NA,NA,NA,NA,NA,NA,NA,NA,10.83,NA,NA,NA,NA
1844-04-14 06:00:00,8.89,NA,NA,NA,NA,NA,1013.88,NA,NA,NA,NA,NA,-2.22,NA,-7.22,NA,NA,NA
1844-04-14 09:00:00,10,NA,NA,NA,NA,NA,1013.55,NA,NA,NA,NA,NA,14.44,NA,NA,NA,NA,NA
1844-04-14 15:00:00,16.11,NA,NA,NA,NA,NA,1008.81,NA,NA,NA,NA,NA,21.11,NA,6.67,NA,NA,NA
1844-04-14 21:00:00,16.67,NA,NA,NA,NA,NA,1006.43,NA,NA,NA,NA,NA,10,NA,NA,NA,NA,NA
1844-04-15,NA,NA,NA,NA,NA,NA,NA,NA,"2 am","5 am",NA,NA,NA,3.19,NA,NA,NA,",ra,"
1844-04-15 06:00:00,15,NA,NA,NA,NA,NA,1011.85,NA,NA,NA,NA,NA,5.56,NA,-1.67,NA,NA,NA
1844-04-15 09:00:00,13.33,NA,NA,NA,NA,NA,1014.9,NA,NA,NA,NA,NA,6.67,NA,NA,NA,NA,NA
1844-04-15 15:00:00,12.22,NA,NA,NA,NA,NA,1018.63,NA,NA,NA,NA,NA,2.78,NA,-2.22,NA,NA,NA
1844-04-15 21:00:00,8.89,NA,NA,NA,NA,NA,1020.66,NA,NA,NA,NA,NA,-2.22,NA,NA,NA,NA,NA
1844-04-16,NA,NA,NA,NA,NA,NA,NA,NA,NA,NA,NA,0.25,NA,3.75,NA,NA,NA,",fg,"
1844-04-16 06:00:00,5.56,NA,NA,NA,NA,NA,1018.29,NA,NA,NA,NA,NA,-4.44,NA,-9.44,NA,NA,NA
1844-04-16 09:00:00,6.11,NA,NA,NA,NA,NA,1017.27,NA,NA,NA,NA,NA,6.11,NA,NA,NA,NA,NA
1844-04-16 15:00:00,10.56,NA,NA,NA,NA,NA,1012.53,NA,NA,NA,NA,NA,10.56,NA,0,NA,NA,NA
1844-04-16 21:00:00,11.11,NA,NA,NA,NA,NA,1009.14,NA,NA,NA,NA,NA,2.78,NA,NA,NA,NA,NA
1844-04-17,NA,NA,NA,NA,NA,NA,NA,NA,"10 am","9 am",NA,NA,NA,5,NA,NA,NA,",ra,"
1844-04-17 06:00:00,9.44,NA,NA,NA,NA,NA,1002.37,NA,NA,NA,NA,NA,3.33,NA,2.22,NA,NA,NA
1844-04-17 09:00:00,8.89,NA,NA,NA,NA,NA,1001.69,NA,NA,NA,NA,NA,5.56,NA,NA,NA,NA,NA
1844-04-17 15:00:00,11.11,NA,NA,NA,NA,NA,1000,NA,NA,NA,NA,NA,11.11,NA,-1.67,NA,NA,NA
1844-04-17 21:00:00,9.44,NA,NA,NA,NA,NA,1008.13,NA,NA,NA,NA,NA,0,NA,NA,NA,NA,NA
1844-04-18,NA,NA,NA,NA,NA,NA,NA,NA,"4 pm","7  pm",NA,7.8,NA,-0.69,NA,NA,NA,",frst,"
1844-04-18 06:00:00,5.56,NA,NA,NA,NA,NA,1014.56,NA,NA,NA,NA,NA,-4.44,NA,-17.22,NA,NA,NA
1844-04-18 09:00:00,5.56,NA,NA,NA,NA,NA,1018.63,NA,NA,NA,NA,NA,3.33,NA,NA,NA,NA,NA
1844-04-18 15:00:00,8.89,NA,NA,NA,NA,NA,1019.64,NA,NA,NA,NA,NA,2.22,NA,5.56,NA,NA,NA
1844-04-18 21:00:00,8.33,NA,NA,NA,NA,NA,1021,NA,NA,NA,NA,NA,-3.89,NA,NA,NA,NA,NA
1844-04-19,NA,NA,NA,NA,NA,NA,NA,NA,NA,NA,NA,3,NA,3.89,NA,NA,NA,NA
1844-04-19 06:00:00,3.89,NA,NA,NA,NA,NA,1022.01,NA,NA,NA,NA,NA,-5.56,NA,-6.67,NA,NA,NA
1844-04-19 09:00:00,5.56,NA,NA,NA,NA,NA,1022.69,NA,NA,NA,NA,NA,10,NA,NA,NA,NA,NA
1844-04-19 15:00:00,11.11,NA,NA,NA,NA,NA,1021,NA,NA,NA,NA,NA,12.22,NA,18.33,NA,NA,NA
1844-04-19 21:00:00,11.11,NA,NA,NA,NA,NA,1024.38,NA,NA,NA,NA,NA,-1.11,NA,NA,NA,NA,NA
1844-04-20,NA,NA,NA,NA,NA,NA,NA,NA,NA,NA,NA,NA,NA,6.53,NA,NA,NA,",halo,"
1844-04-20 06:00:00,7.22,NA,NA,NA,NA,NA,1024.04,NA,NA,NA,NA,NA,-2.78,NA,2.22,NA,NA,NA
1844-04-20 09:00:00,7.78,NA,NA,NA,NA,NA,1024.72,NA,NA,NA,NA,NA,9.44,NA,NA,NA,NA,NA
1844-04-20 15:00:00,12.78,NA,NA,NA,NA,NA,1021.33,NA,NA,NA,NA,NA,14.44,NA,-16.67,NA,NA,NA
1844-04-20 21:00:00,13.33,NA,NA,NA,NA,NA,1021.67,NA,NA,NA,NA,NA,5,NA,NA,NA,NA,NA
1844-04-21,NA,NA,NA,NA,NA,NA,NA,NA,"midnight","4 am",NA,NA,NA,10.83,NA,NA,NA,",ra,"
1844-04-21 06:00:00,11.11,NA,NA,NA,NA,NA,1014.9,NA,NA,NA,NA,NA,4.44,NA,-13.89,NA,NA,NA
1844-04-21 09:00:00,11.67,NA,NA,NA,NA,NA,1013.55,NA,NA,NA,NA,NA,10,NA,NA,NA,NA,NA
1844-04-21 15:00:00,13.89,NA,NA,NA,NA,NA,1013.21,NA,NA,NA,NA,NA,17.78,NA,-16.67,NA,NA,NA
1844-04-21 21:00:00,16.11,NA,NA,NA,NA,NA,1014.56,NA,NA,NA,NA,NA,11.11,NA,NA,NA,NA,NA
1844-04-22,NA,NA,NA,NA,NA,NA,NA,NA,"10 pm","6 pm",NA,2.03,NA,8.4,NA,NA,NA,",br,"
1844-04-22 06:00:00,14.44,NA,NA,NA,NA,NA,1013.55,NA,NA,NA,NA,NA,9.17,NA,-5.56,NA,NA,NA
1844-04-22 09:00:00,14.44,NA,NA,NA,NA,NA,1014.22,NA,NA,NA,NA,NA,11.11,NA,NA,NA,NA,NA
1844-04-22 15:00:00,15,NA,NA,NA,NA,NA,1013.88,NA,NA,NA,NA,NA,10,NA,17.78,NA,NA,NA
1844-04-22 21:00:00,13.33,NA,NA,NA,NA,NA,1016.59,NA,NA,NA,NA,NA,3.33,NA,NA,NA,NA,NA
1844-04-23,NA,NA,NA,NA,NA,NA,NA,NA,NA,"daylight",NA,57.15,NA,4.17,NA,NA,NA,NA
1844-04-23 06:00:00,10.56,NA,NA,NA,NA,NA,1021,NA,NA,NA,NA,NA,1.11,NA,12.78,NA,NA,NA
1844-04-23 09:00:00,10,NA,NA,NA,NA,NA,1023.03,NA,NA,NA,NA,NA,2.78,NA,NA,NA,NA,NA
1844-04-23 15:00:00,12.78,NA,NA,NA,NA,NA,1022.35,NA,NA,NA,NA,NA,8.89,NA,-8.89,NA,NA,NA
1844-04-23 21:00:00,11.11,NA,NA,NA,NA,NA,1021.33,NA,NA,NA,NA,NA,3.89,NA,NA,NA,NA,NA
1844-04-24,NA,NA,NA,NA,NA,NA,NA,NA,"2 am","10 am",NA,0.89,NA,3.89,NA,NA,NA,",sn,"
1844-04-24 06:00:00,10.56,NA,NA,NA,NA,NA,1019.98,NA,NA,NA,NA,NA,1.11,NA,-5.56,NA,NA,NA
1844-04-24 09:00:00,9.44,NA,NA,NA,NA,NA,1019.64,NA,NA,NA,NA,NA,2.22,NA,NA,NA,NA,NA
1844-04-24 15:00:00,9.44,NA,NA,NA,NA,NA,1013.21,NA,NA,NA,NA,NA,7.78,NA,-6.11,NA,NA,NA
1844-04-24 21:00:00,9.44,NA,NA,NA,NA,NA,1007.79,NA,NA,NA,NA,NA,4.44,NA,NA,NA,NA,NA
1844-04-25,NA,NA,NA,NA,NA,NA,NA,NA,"7 pm","10 am",NA,11.81,NA,4.93,NA,NA,NA,",ts,"
1844-04-25 06:00:00,10,NA,NA,NA,NA,NA,991.53,NA,NA,NA,NA,NA,4.17,NA,26.11,NA,NA,NA
1844-04-25 09:00:00,10,NA,NA,NA,NA,NA,992.89,NA,NA,NA,NA,NA,10.56,NA,NA,NA,NA,NA
1844-04-25 15:00:00,10,NA,NA,NA,NA,NA,997.63,NA,NA,NA,NA,NA,6.67,NA,-2.78,NA,NA,NA
1844-04-25 21:00:00,8.89,NA,NA,NA,NA,NA,1002.37,NA,NA,NA,NA,NA,-1.67,NA,NA,NA,NA,NA
1844-04-26,NA,NA,NA,NA,NA,NA,NA,NA,"1 pm","6 pm",NA,17.27,NA,2.08,NA,NA,NA,",sn,"
1844-04-26 06:00:00,6.67,NA,NA,NA,NA,NA,1001.36,NA,NA,NA,NA,NA,-3.89,NA,9.44,NA,NA,NA
1844-04-26 09:00:00,8.33,NA,NA,NA,NA,NA,1001.36,NA,NA,NA,NA,NA,16.11,NA,NA,NA,NA,NA
1844-04-26 15:00:00,9.44,NA,NA,NA,NA,NA,1005.08,NA,NA,NA,NA,NA,0,NA,-13.33,NA,NA,NA
1844-04-26 21:00:00,6.11,NA,NA,NA,NA,NA,1009.48,NA,NA,NA,NA,NA,-3.89,NA,NA,NA,NA,NA
1844-04-27,NA,NA,NA,NA,NA,NA,NA,NA,NA,NA,NA,0.76,NA,0.28,NA,NA,NA,NA
1844-04-27 06:00:00,2.22,NA,NA,NA,NA,NA,1013.21,NA,NA,NA,NA,NA,-6.67,NA,-9.44,NA,NA,NA
1844-04-27 09:00:00,3.89,NA,NA,NA,NA,NA,1016.26,NA,NA,NA,NA,NA,2.78,NA,NA,NA,NA,NA
1844-04-27 15:00:00,8.33,NA,NA,NA,NA,NA,1015.58,NA,NA,NA,NA,NA,5.56,NA,10,NA,NA,NA
1844-04-27 21:00:00,9.44,NA,NA,NA,NA,NA,1013.88,NA,NA,NA,NA,NA,-0.56,NA,NA,NA,NA,NA
1844-04-28,NA,NA,NA,NA,NA,NA,NA,NA,NA,NA,NA,NA,NA,7.22,NA,NA,NA,NA
1844-04-28 06:00:00,5.56,NA,NA,NA,NA,NA,1010.5,NA,NA,NA,NA,NA,-2.78,NA,-0.56,NA,NA,NA
1844-04-28 09:00:00,6.67,NA,NA,NA,NA,NA,1008.81,NA,NA,NA,NA,NA,11.11,NA,NA,NA,NA,NA
1844-04-28 15:00:00,12.22,NA,NA,NA,NA,NA,1002.37,NA,NA,NA,NA,NA,14.44,NA,13.89,NA,NA,NA
1844-04-28 21:00:00,7.22,NA,NA,NA,NA,NA,1000.34,NA,NA,NA,NA,NA,6.11,NA,NA,NA,NA,NA
1844-04-29,NA,NA,NA,NA,NA,NA,NA,NA,"6 am","1 pm",NA,NA,NA,0.42,NA,NA,NA,",sn,"
1844-04-29 06:00:00,9.44,NA,NA,NA,NA,NA,997.97,NA,NA,NA,NA,NA,-0.56,NA,7.22,NA,NA,NA
1844-04-29 09:00:00,8.33,NA,NA,NA,NA,NA,1002.37,NA,NA,NA,NA,NA,4.44,NA,NA,NA,NA,NA
1844-04-29 15:00:00,9.44,NA,NA,NA,NA,NA,1006.77,NA,NA,NA,NA,NA,1.67,NA,9.44,NA,NA,NA
1844-04-29 21:00:00,7.22,NA,NA,NA,NA,NA,1013.55,NA,NA,NA,NA,NA,-3.89,NA,NA,NA,NA,NA
1844-04-30,NA,NA,NA,NA,NA,NA,NA,NA,NA,NA,NA,0.05,NA,0.83,NA,NA,NA,",halo,"
1844-04-30 06:00:00,3.33,NA,NA,NA,NA,NA,1017.27,NA,NA,NA,NA,NA,-7.22,NA,6.67,NA,NA,NA
1844-04-30 09:00:00,3.89,NA,NA,NA,NA,NA,1019.3,NA,NA,NA,NA,NA,6.67,NA,NA,NA,NA,NA
1844-04-30 15:00:00,10,NA,NA,NA,NA,NA,1020.32,NA,NA,NA,NA,NA,5,NA,4.44,NA,NA,NA
1844-04-30 21:00:00,10,NA,NA,NA,NA,NA,1020.32,NA,NA,NA,NA,NA,-1.11,NA,NA,NA,NA,NA
1849-03-01,NA,NA,NA,NA,NA,NA,NA,NA,"11 pm","11:15 pm",NA,NA,NA,0.69,NA,NA,NA,",sn,"
1849-03-01 06:00:00,12.78,NA,NA,NA,NA,NA,1031.16,NA,NA,NA,NA,NA,-10,NA,NA,NA,NA,NA
1849-03-01 09:00:00,18.33,NA,NA,NA,NA,NA,1024.38,NA,NA,NA,NA,NA,1.67,NA,NA,NA,NA,NA
1849-03-01 15:00:00,17.78,NA,NA,NA,NA,NA,1017.61,NA,NA,NA,NA,NA,9.44,NA,NA,NA,NA,NA
1849-03-01 21:00:00,16.11,NA,NA,NA,NA,NA,1013.21,NA,NA,NA,NA,NA,1.67,NA,NA,NA,NA,NA
1849-03-02,NA,NA,NA,NA,NA,NA,NA,NA,NA,NA,NA,0.05,NA,-8.19,NA,NA,NA,",halo,"
1849-03-02 06:00:00,11.67,NA,NA,NA,NA,NA,1018.96,NA,NA,NA,NA,NA,-8.33,NA,NA,NA,NA,NA
1849-03-02 09:00:00,17.22,NA,NA,NA,NA,NA,1022.01,NA,NA,NA,NA,NA,-5,NA,NA,NA,NA,NA
1849-03-02 15:00:00,13.89,NA,NA,NA,NA,NA,1022.35,NA,NA,NA,NA,NA,-3.89,NA,NA,NA,NA,NA
1849-03-02 21:00:00,11.67,NA,NA,NA,NA,NA,1024.38,NA,NA,NA,NA,NA,-15.56,NA,NA,NA,NA,NA
1849-03-03,NA,NA,NA,NA,NA,NA,NA,NA,NA,NA,NA,NA,NA,-16.67,NA,NA,NA,NA
1849-03-03 06:00:00,1.67,NA,NA,NA,NA,NA,1024.38,NA,NA,NA,NA,NA,-25.56,NA,NA,NA,NA,NA
1849-03-03 09:00:00,5.56,NA,NA,NA,NA,NA,1026.08,NA,NA,NA,NA,NA,-16.11,NA,NA,NA,NA,NA
1849-03-03 15:00:00,8.89,NA,NA,NA,NA,NA,1026.08,NA,NA,NA,NA,NA,-8.33,NA,NA,NA,NA,NA
1849-03-03 21:00:00,3.89,NA,NA,NA,NA,NA,1027.77,NA,NA,NA,NA,NA,-16.67,NA,NA,NA,NA,NA
1849-03-04,NA,NA,NA,NA,NA,NA,NA,NA,NA,NA,NA,NA,NA,-18.75,NA,NA,NA,",fg,"
1849-03-04 06:00:00,1.67,NA,NA,NA,NA,NA,1027.43,NA,NA,NA,NA,NA,-26.11,NA,NA,NA,NA,NA
1849-03-04 09:00:00,2.78,NA,NA,NA,NA,NA,1028.78,NA,NA,NA,NA,NA,-19.44,NA,NA,NA,NA,NA
1849-03-04 15:00:00,8.89,NA,NA,NA,NA,NA,1027.09,NA,NA,NA,NA,NA,-10.56,NA,NA,NA,NA,NA
1849-03-04 21:00:00,8.89,NA,NA,NA,NA,NA,1026.75,NA,NA,NA,NA,NA,-18.89,NA,NA,NA,NA,NA
1849-03-05,NA,NA,NA,NA,NA,NA,NA,NA,NA,NA,NA,NA,NA,-14.31,NA,NA,NA,",skc,"
1849-03-05 06:00:00,-2.22,NA,NA,NA,NA,NA,1022.35,NA,NA,NA,NA,NA,-24.44,NA,NA,NA,NA,NA
1849-03-05 09:00:00,8.89,NA,NA,NA,NA,NA,1024.72,NA,NA,NA,NA,NA,-12.78,NA,NA,NA,NA,NA
1849-03-05 15:00:00,11.11,NA,NA,NA,NA,NA,1029.46,NA,NA,NA,NA,NA,-7.78,NA,NA,NA,NA,NA
1849-03-05 21:00:00,10.56,NA,NA,NA,NA,NA,1030.48,NA,NA,NA,NA,NA,-12.22,NA,NA,NA,NA,NA
1849-03-06,NA,NA,NA,NA,NA,NA,NA,NA,NA,NA,NA,NA,NA,-14.44,NA,NA,NA,",fg,"
1849-03-06 06:00:00,5.56,NA,NA,NA,NA,NA,1031.83,NA,NA,NA,NA,NA,-21.67,NA,NA,NA,NA,NA
1849-03-06 09:00:00,10,NA,NA,NA,NA,NA,1033.86,NA,NA,NA,NA,NA,-12.78,NA,NA,NA,NA,NA
1849-03-06 15:00:00,13.33,NA,NA,NA,NA,NA,1032.85,NA,NA,NA,NA,NA,-8.89,NA,NA,NA,NA,NA
1849-03-06 21:00:00,12.78,NA,NA,NA,NA,NA,1030.82,NA,NA,NA,NA,NA,-14.44,NA,NA,NA,NA,NA
1849-03-07,NA,NA,NA,NA,NA,NA,NA,NA,NA,NA,NA,NA,NA,-12.92,NA,NA,NA,",halo,"
1849-03-07 06:00:00,0.56,NA,NA,NA,NA,NA,1021.67,NA,NA,NA,NA,NA,-20.56,NA,NA,NA,NA,NA
1849-03-07 09:00:00,8.89,NA,NA,NA,NA,NA,1021.33,NA,NA,NA,NA,NA,-12.22,NA,NA,NA,NA,NA
1849-03-07 15:00:00,11.11,NA,NA,NA,NA,NA,1016.59,NA,NA,NA,NA,NA,-8.89,NA,NA,NA,NA,NA
1849-03-07 21:00:00,12.78,NA,NA,NA,NA,NA,1009.48,NA,NA,NA,NA,NA,-10,NA,NA,NA,NA,NA
1849-03-08,NA,NA,NA,NA,NA,NA,NA,NA,"6 pm",NA,NA,NA,NA,-5,NA,NA,NA,",sn,"
1849-03-08 06:00:00,10.56,NA,NA,NA,NA,NA,1000,NA,NA,NA,NA,NA,-10.56,NA,NA,NA,NA,NA
1849-03-08 09:00:00,11.11,NA,NA,NA,NA,NA,998.65,NA,NA,NA,NA,NA,-5,NA,NA,NA,NA,NA
1849-03-08 15:00:00,15,NA,NA,NA,NA,NA,995.6,NA,NA,NA,NA,NA,-1.11,NA,NA,NA,NA,NA
1849-03-08 21:00:00,13.89,NA,NA,NA,NA,NA,993.91,NA,NA,NA,NA,NA,-3.33,NA,NA,NA,NA,NA
1849-03-09,NA,NA,NA,NA,NA,NA,NA,NA,NA,"12 pm",NA,NA,NA,-1.81,NA,NA,NA,",sn,"
1849-03-09 06:00:00,12.78,NA,NA,NA,NA,NA,991.2,NA,NA,NA,NA,NA,-5,NA,NA,NA,NA,NA
1849-03-09 09:00:00,15.56,NA,NA,NA,NA,NA,990.86,NA,NA,NA,NA,NA,-1.67,NA,NA,NA,NA,NA
1849-03-09 15:00:00,19.44,NA,NA,NA,NA,NA,989.84,NA,NA,NA,NA,NA,1.67,NA,NA,NA,NA,NA
1849-03-09 21:00:00,17.22,NA,NA,NA,NA,NA,987.47,NA,NA,NA,NA,NA,-2.22,NA,NA,NA,NA,NA
1849-03-10,NA,NA,NA,NA,NA,NA,NA,NA,NA,NA,NA,9.75,NA,-1.67,NA,NA,NA,NA
1849-03-10 06:00:00,12.78,NA,NA,NA,NA,NA,985.78,NA,NA,NA,NA,NA,-3.89,NA,NA,NA,NA,NA
1849-03-10 09:00:00,16.11,NA,NA,NA,NA,NA,986.12,NA,NA,NA,NA,NA,0,NA,NA,NA,NA,NA
1849-03-10 15:00:00,17.22,NA,NA,NA,NA,NA,985.1,NA,NA,NA,NA,NA,1.67,NA,NA,NA,NA,NA
1849-03-10 21:00:00,15,NA,NA,NA,NA,NA,985.1,NA,NA,NA,NA,NA,-3.33,NA,NA,NA,NA,NA
1849-03-11,NA,NA,NA,NA,NA,NA,NA,NA,"all day",NA,NA,NA,NA,-1.11,NA,NA,NA,",sn,"
1849-03-11 06:00:00,10,NA,NA,NA,NA,NA,984.76,NA,NA,NA,NA,NA,-5.56,NA,NA,NA,NA,NA
1849-03-11 09:00:00,10.56,NA,NA,NA,NA,NA,984.76,NA,NA,NA,NA,NA,1.11,NA,NA,NA,NA,NA
1849-03-11 15:00:00,11.11,NA,NA,NA,NA,NA,985.44,NA,NA,NA,NA,NA,4.44,NA,NA,NA,NA,NA
1849-03-11 21:00:00,12.22,NA,NA,NA,NA,NA,991.2,NA,NA,NA,NA,NA,-4.44,NA,NA,NA,NA,NA
1849-03-12,NA,NA,NA,NA,NA,NA,NA,NA,NA,NA,NA,0.25,NA,-5.14,NA,NA,NA,",skc,"
1849-03-12 06:00:00,11.11,NA,NA,NA,NA,NA,998.98,NA,NA,NA,NA,NA,-7.22,NA,NA,NA,NA,NA
1849-03-12 09:00:00,11.11,NA,NA,NA,NA,NA,1000.34,NA,NA,NA,NA,NA,-1.11,NA,NA,NA,NA,NA
1849-03-12 15:00:00,14.44,NA,NA,NA,NA,NA,999.32,NA,NA,NA,NA,NA,-1.11,NA,NA,NA,NA,NA
1849-03-12 21:00:00,17.78,NA,NA,NA,NA,NA,1004.06,NA,NA,NA,NA,NA,-11.11,NA,NA,NA,NA,NA
1849-03-13,NA,NA,NA,NA,NA,NA,NA,NA,NA,NA,NA,NA,NA,-7.64,NA,NA,NA,NA
1849-03-13 06:00:00,10,NA,NA,NA,NA,NA,1004.74,NA,NA,NA,NA,NA,-15,NA,NA,NA,NA,NA
1849-03-13 09:00:00,12.78,NA,NA,NA,NA,NA,1007.11,NA,NA,NA,NA,NA,-4.44,NA,NA,NA,NA,NA
1849-03-13 15:00:00,14.44,NA,NA,NA,NA,NA,1009.82,NA,NA,NA,NA,NA,-1.67,NA,NA,NA,NA,NA
1849-03-13 21:00:00,15.56,NA,NA,NA,NA,NA,1008.13,NA,NA,NA,NA,NA,-9.44,NA,NA,NA,NA,NA
1849-03-14,NA,NA,NA,NA,NA,NA,NA,NA,NA,NA,NA,NA,NA,-11.53,NA,NA,NA,NA
1849-03-14 06:00:00,5.56,NA,NA,NA,NA,NA,1012.53,NA,NA,NA,NA,NA,-16.11,NA,NA,NA,NA,NA
1849-03-14 09:00:00,10.56,NA,NA,NA,NA,NA,1016.59,NA,NA,NA,NA,NA,-6.67,NA,NA,NA,NA,NA
1849-03-14 15:00:00,15.56,NA,NA,NA,NA,NA,1018.29,NA,NA,NA,NA,NA,-7.22,NA,NA,NA,NA,NA
1849-03-14 21:00:00,13.89,NA,NA,NA,NA,NA,1022.35,NA,NA,NA,NA,NA,-16.11,NA,NA,NA,NA,NA
1849-03-15,NA,NA,NA,NA,NA,NA,NA,NA,NA,NA,NA,NA,NA,-12.78,NA,NA,NA,",halo,"
1849-03-15 06:00:00,2.22,NA,NA,NA,NA,NA,1022.69,NA,NA,NA,NA,NA,-24.44,NA,NA,NA,NA,NA
1849-03-15 09:00:00,6.11,NA,NA,NA,NA,NA,1025.06,NA,NA,NA,NA,NA,-12.78,NA,NA,NA,NA,NA
1849-03-15 15:00:00,11.67,NA,NA,NA,NA,NA,1023.71,NA,NA,NA,NA,NA,-5.56,NA,NA,NA,NA,NA
1849-03-15 21:00:00,12.78,NA,NA,NA,NA,NA,1024.38,NA,NA,NA,NA,NA,-8.33,NA,NA,NA,NA,NA
1849-03-16,NA,NA,NA,NA,NA,NA,NA,NA,"6 am","4 pm",NA,NA,NA,-2.92,NA,NA,NA,",sn,"
1849-03-16 06:00:00,7.22,NA,NA,NA,NA,NA,1015.92,NA,NA,NA,NA,NA,-8.33,NA,NA,NA,NA,NA
1849-03-16 09:00:00,12.78,NA,NA,NA,NA,NA,1014.9,NA,NA,NA,NA,NA,-3.33,NA,NA,NA,NA,NA
1849-03-16 15:00:00,13.33,NA,NA,NA,NA,NA,1009.14,NA,NA,NA,NA,NA,2.22,NA,NA,NA,NA,NA
1849-03-16 21:00:00,17.22,NA,NA,NA,NA,NA,1007.79,NA,NA,NA,NA,NA,-2.22,NA,NA,NA,NA,NA
1849-03-17,NA,NA,NA,NA,NA,NA,NA,NA,NA,NA,NA,9.4,NA,0.83,NA,NA,NA,",halo,"
1849-03-17 06:00:00,16.11,NA,NA,NA,NA,NA,1002.71,NA,NA,NA,NA,NA,-7.78,NA,NA,NA,NA,NA
1849-03-17 09:00:00,18.33,NA,NA,NA,NA,NA,1004.06,NA,NA,NA,NA,NA,2.22,NA,NA,NA,NA,NA
1849-03-17 15:00:00,16.67,NA,NA,NA,NA,NA,1001.02,NA,NA,NA,NA,NA,10,NA,NA,NA,NA,NA
1849-03-17 21:00:00,18.89,NA,NA,NA,NA,NA,1003.39,NA,NA,NA,NA,NA,-1.11,NA,NA,NA,NA,NA
1849-03-18,NA,NA,NA,NA,NA,NA,NA,NA,NA,NA,NA,NA,NA,-4.58,NA,NA,NA,",halo,"
1849-03-18 06:00:00,11.11,NA,NA,NA,NA,NA,1008.13,NA,NA,NA,NA,NA,-10.56,NA,NA,NA,NA,NA
1849-03-18 09:00:00,13.89,NA,NA,NA,NA,NA,1010.16,NA,NA,NA,NA,NA,0,NA,NA,NA,NA,NA
1849-03-18 15:00:00,15.56,NA,NA,NA,NA,NA,1007.79,NA,NA,NA,NA,NA,-0.56,NA,NA,NA,NA,NA
1849-03-18 21:00:00,11.11,NA,NA,NA,NA,NA,1007.11,NA,NA,NA,NA,NA,-7.22,NA,NA,NA,NA,NA
1849-03-19,NA,NA,NA,NA,NA,NA,NA,NA,NA,NA,NA,NA,NA,-8.61,NA,NA,NA,NA
1849-03-19 06:00:00,7.22,NA,NA,NA,NA,NA,1006.43,NA,NA,NA,NA,NA,-15,NA,NA,NA,NA,NA
1849-03-19 09:00:00,11.11,NA,NA,NA,NA,NA,1008.81,NA,NA,NA,NA,NA,-7.22,NA,NA,NA,NA,NA
1849-03-19 15:00:00,15,NA,NA,NA,NA,NA,1010.84,NA,NA,NA,NA,NA,1.11,NA,NA,NA,NA,NA
1849-03-19 21:00:00,13.89,NA,NA,NA,NA,NA,1015.24,NA,NA,NA,NA,NA,-13.33,NA,NA,NA,NA,NA
1849-03-20,NA,NA,NA,NA,NA,NA,NA,NA,NA,NA,NA,NA,NA,-4.03,NA,NA,NA,NA
1849-03-20 06:00:00,5.56,NA,NA,NA,NA,NA,1019.3,NA,NA,NA,NA,NA,-17.78,NA,NA,NA,NA,NA
1849-03-20 09:00:00,7.78,NA,NA,NA,NA,NA,1021.33,NA,NA,NA,NA,NA,-4.44,NA,NA,NA,NA,NA
1849-03-20 15:00:00,14.44,NA,NA,NA,NA,NA,1020.66,NA,NA,NA,NA,NA,6.11,NA,NA,NA,NA,NA
1849-03-20 21:00:00,16.67,NA,NA,NA,NA,NA,1021,NA,NA,NA,NA,NA,0,NA,NA,NA,NA,NA
1849-03-21,NA,NA,NA,NA,NA,NA,NA,NA,NA,NA,NA,NA,NA,6.53,NA,NA,NA,",frst,"
1849-03-21 06:00:00,5,NA,NA,NA,NA,NA,1016.26,NA,NA,NA,NA,NA,-1.11,NA,NA,NA,NA,NA
1849-03-21 09:00:00,17.78,NA,NA,NA,NA,NA,1015.24,NA,NA,NA,NA,NA,6.11,NA,NA,NA,NA,NA
1849-03-21 15:00:00,19.44,NA,NA,NA,NA,NA,1011.85,NA,NA,NA,NA,NA,12.78,NA,NA,NA,NA,NA
1849-03-21 21:00:00,19.44,NA,NA,NA,NA,NA,1011.18,NA,NA,NA,NA,NA,8.33,NA,NA,NA,NA,NA
1849-03-22,NA,NA,NA,NA,NA,NA,NA,NA,"dawn","3 pm",NA,NA,NA,2.78,NA,NA,NA,",sn,"
1849-03-22 06:00:00,16.67,NA,NA,NA,NA,NA,1000,NA,NA,NA,NA,NA,6.67,NA,NA,NA,NA,NA
1849-03-22 09:00:00,20.56,NA,NA,NA,NA,NA,999.32,NA,NA,NA,NA,NA,8.33,NA,NA,NA,NA,NA
1849-03-22 15:00:00,22.78,NA,NA,NA,NA,NA,998.31,NA,NA,NA,NA,NA,0,NA,NA,NA,NA,NA
1849-03-22 21:00:00,20,NA,NA,NA,NA,NA,1010.84,NA,NA,NA,NA,NA,-3.89,NA,NA,NA,NA,NA
1849-03-23,NA,NA,NA,NA,NA,NA,NA,NA,NA,"8 am",NA,43.81,NA,-4.86,NA,NA,NA,",sn,"
1849-03-23 06:00:00,11.11,NA,NA,NA,NA,NA,1021.33,NA,NA,NA,NA,NA,-6.67,NA,NA,NA,NA,NA
1849-03-23 09:00:00,15.56,NA,NA,NA,NA,NA,1026.08,NA,NA,NA,NA,NA,-3.89,NA,NA,NA,NA,NA
1849-03-23 15:00:00,16.67,NA,NA,NA,NA,NA,1028.11,NA,NA,NA,NA,NA,-2.78,NA,NA,NA,NA,NA
1849-03-23 21:00:00,15.56,NA,NA,NA,NA,NA,1029.46,NA,NA,NA,NA,NA,-6.11,NA,NA,NA,NA,NA
1849-03-24,NA,NA,NA,NA,NA,NA,NA,NA,NA,NA,NA,7.62,NA,0.69,NA,NA,NA,",halo,"
1849-03-24 06:00:00,6.67,NA,NA,NA,NA,NA,1028.11,NA,NA,NA,NA,NA,-8.89,NA,NA,NA,NA,NA
1849-03-24 09:00:00,12.22,NA,NA,NA,NA,NA,1028.45,NA,NA,NA,NA,NA,2.22,NA,NA,NA,NA,NA
1849-03-24 15:00:00,16.67,NA,NA,NA,NA,NA,1026.75,NA,NA,NA,NA,NA,8.33,NA,NA,NA,NA,NA
1849-03-24 21:00:00,17.22,NA,NA,NA,NA,NA,1026.75,NA,NA,NA,NA,NA,1.11,NA,NA,NA,NA,NA
1849-03-25,NA,NA,NA,NA,NA,NA,NA,NA,"8 am","noon",NA,NA,NA,0.14,NA,NA,NA,",sn,"
1849-03-25 06:00:00,10.56,NA,NA,NA,NA,NA,1028.11,NA,NA,NA,NA,NA,-4.44,NA,NA,NA,NA,NA
1849-03-25 09:00:00,14.44,NA,NA,NA,NA,NA,1028.78,NA,NA,NA,NA,NA,1.67,NA,NA,NA,NA,NA
1849-03-25 15:00:00,12.22,NA,NA,NA,NA,NA,1027.77,NA,NA,NA,NA,NA,2.22,NA,NA,NA,NA,NA
1849-03-25 21:00:00,11.11,NA,NA,NA,NA,NA,1026.75,NA,NA,NA,NA,NA,-1.11,NA,NA,NA,NA,NA
1849-03-26,NA,NA,NA,NA,NA,NA,NA,NA,"8 am",NA,NA,NA,NA,3.19,NA,NA,NA,",ra,"
1849-03-26 06:00:00,11.11,NA,NA,NA,NA,NA,1019.98,NA,NA,NA,NA,NA,-3.89,NA,NA,NA,NA,NA
1849-03-26 09:00:00,13.89,NA,NA,NA,NA,NA,1019.98,NA,NA,NA,NA,NA,5,NA,NA,NA,NA,NA
1849-03-26 15:00:00,16.67,NA,NA,NA,NA,NA,1015.58,NA,NA,NA,NA,NA,5,NA,NA,NA,NA,NA
1849-03-26 21:00:00,18.33,NA,NA,NA,NA,NA,1014.22,NA,NA,NA,NA,NA,6.67,NA,NA,NA,NA,NA
1849-03-27,NA,NA,NA,NA,NA,NA,NA,NA,NA,"noon",NA,NA,NA,9.72,NA,NA,NA,",ra,"
1849-03-27 06:00:00,16.67,NA,NA,NA,NA,NA,1013.21,NA,NA,NA,NA,NA,6.11,NA,NA,NA,NA,NA
1849-03-27 09:00:00,19.44,NA,NA,NA,NA,NA,1015.58,NA,NA,NA,NA,NA,10.56,NA,NA,NA,NA,NA
1849-03-27 15:00:00,18.89,NA,NA,NA,NA,NA,1015.92,NA,NA,NA,NA,NA,13.89,NA,NA,NA,NA,NA
1849-03-27 21:00:00,21.11,NA,NA,NA,NA,NA,1017.27,NA,NA,NA,NA,NA,8.33,NA,NA,NA,NA,NA
1849-03-28,NA,NA,NA,NA,NA,NA,NA,NA,NA,NA,NA,18.03,NA,10.14,NA,NA,NA,",fg,"
1849-03-28 06:00:00,17.22,NA,NA,NA,NA,NA,1018.96,NA,NA,NA,NA,NA,4.44,NA,NA,NA,NA,NA
1849-03-28 09:00:00,17.22,NA,NA,NA,NA,NA,1020.32,NA,NA,NA,NA,NA,10.56,NA,NA,NA,NA,NA
1849-03-28 15:00:00,18.33,NA,NA,NA,NA,NA,1022.35,NA,NA,NA,NA,NA,16.11,NA,NA,NA,NA,NA
1849-03-28 21:00:00,18.33,NA,NA,NA,NA,NA,1025.06,NA,NA,NA,NA,NA,9.44,NA,NA,NA,NA,NA
1849-03-29,NA,NA,NA,NA,NA,NA,NA,NA,"[forenoon]",NA,NA,NA,NA,9.72,NA,NA,NA,",fg,"
1849-03-29 06:00:00,15,NA,NA,NA,NA,NA,1025.4,NA,NA,NA,NA,NA,4.44,NA,NA,NA,NA,NA
1849-03-29 09:00:00,15,NA,NA,NA,NA,NA,1025.74,NA,NA,NA,NA,NA,5.56,NA,NA,NA,NA,NA
1849-03-29 15:00:00,17.22,NA,NA,NA,NA,NA,1025.4,NA,NA,NA,NA,NA,18.33,NA,NA,NA,NA,NA
1849-03-29 21:00:00,18.33,NA,NA,NA,NA,NA,1026.08,NA,NA,NA,NA,NA,10,NA,NA,NA,NA,NA
1849-03-30,NA,NA,NA,NA,NA,NA,NA,NA,"2 pm","9 pm",NA,0.38,NA,10.14,NA,NA,NA,",fg,"
1849-03-30 06:00:00,15.56,NA,NA,NA,NA,NA,1023.37,NA,NA,NA,NA,NA,4.44,NA,NA,NA,NA,NA
1849-03-30 09:00:00,15.56,NA,NA,NA,NA,NA,1022.69,NA,NA,NA,NA,NA,10,NA,NA,NA,NA,NA
1849-03-30 15:00:00,16.67,NA,NA,NA,NA,NA,1021,NA,NA,NA,NA,NA,16.67,NA,NA,NA,NA,NA
1849-03-30 21:00:00,17.22,NA,NA,180,NA,NA,1018.63,NA,NA,NA,NA,NA,9.44,NA,NA,NA,NA,NA
1849-03-31,NA,NA,NA,NA,NA,NA,NA,NA,"2 pm","7 pm",NA,0.84,NA,11.53,NA,NA,NA,NA
1849-03-31 06:00:00,15.56,NA,NA,NA,NA,NA,1012.87,NA,NA,NA,NA,NA,5.56,NA,NA,NA,NA,NA
1849-03-31 09:00:00,15.56,NA,NA,NA,NA,NA,1009.14,NA,NA,NA,NA,NA,13.89,NA,NA,NA,NA,NA
1849-03-31 15:00:00,16.11,NA,NA,NA,NA,NA,1006.43,NA,NA,NA,NA,NA,17.22,NA,NA,NA,NA,NA
1849-03-31 21:00:00,17.22,NA,NA,NA,NA,NA,999.66,NA,NA,NA,NA,NA,9.44,NA,NA,NA,NA,NA
1849-04-01,NA,NA,NA,NA,NA,NA,NA,NA,"all night","2 pm",NA,5.08,NA,5.42,NA,NA,NA,NA
1849-04-01 06:00:00,NA,NA,NA,NA,NA,NA,NA,NA,NA,NA,NA,NA,5.56,NA,NA,NA,NA,NA
1849-04-01 09:00:00,15,NA,NA,NA,NA,NA,994.24,NA,NA,NA,NA,NA,10,NA,NA,NA,NA,NA
1849-04-01 15:00:00,15,NA,NA,NA,NA,NA,996.28,NA,NA,NA,NA,NA,6.11,NA,NA,NA,NA,NA
1849-04-01 21:00:00,13.89,NA,NA,NA,NA,NA,1000.68,NA,NA,NA,NA,NA,0,NA,NA,NA,NA,NA
1849-04-02,NA,NA,NA,NA,NA,NA,NA,NA,NA,NA,NA,9.86,NA,-1.11,NA,NA,NA,NA
1849-04-02 06:00:00,NA,NA,NA,NA,NA,NA,NA,NA,NA,NA,NA,NA,-6.11,NA,NA,NA,NA,NA
1849-04-02 09:00:00,8.89,NA,NA,NA,NA,NA,1004.06,NA,NA,NA,NA,NA,1.11,NA,NA,NA,NA,NA
1849-04-02 15:00:00,11.67,NA,NA,NA,NA,NA,1003.73,NA,NA,NA,NA,NA,2.78,NA,NA,NA,NA,NA
1849-04-02 21:00:00,11.11,NA,NA,NA,NA,NA,1003.39,NA,NA,NA,NA,NA,-2.22,NA,NA,NA,NA,NA
1849-04-03,NA,NA,NA,NA,NA,NA,NA,NA,"11 am","3 pm",NA,NA,NA,-0.69,NA,NA,NA,",sh,"
1849-04-03 06:00:00,NA,NA,NA,NA,NA,NA,NA,NA,NA,NA,NA,NA,-5.56,NA,NA,NA,NA,NA
1849-04-03 09:00:00,8.33,NA,NA,NA,NA,NA,1001.69,NA,NA,NA,NA,NA,0,NA,NA,NA,NA,NA
1849-04-03 15:00:00,8.89,NA,NA,NA,NA,NA,1003.73,NA,NA,NA,NA,NA,3.89,NA,NA,NA,NA,NA
1849-04-03 21:00:00,12.22,NA,NA,NA,NA,NA,1007.11,NA,NA,NA,NA,NA,-1.11,NA,NA,NA,NA,NA
1849-04-04,NA,NA,NA,NA,NA,NA,NA,NA,NA,NA,NA,0.03,NA,5.42,NA,NA,NA,NA
1849-04-04 06:00:00,NA,NA,NA,NA,NA,NA,NA,NA,NA,NA,NA,NA,-3.33,NA,NA,NA,NA,NA
1849-04-04 09:00:00,10,NA,NA,NA,NA,NA,1008.13,NA,NA,NA,NA,NA,6.67,NA,NA,NA,NA,NA
1849-04-04 15:00:00,12.22,NA,NA,NA,NA,NA,1007.45,NA,NA,NA,NA,NA,15.56,NA,NA,NA,NA,NA
1849-04-04 21:00:00,14.44,NA,NA,NA,NA,NA,1011.51,NA,NA,NA,NA,NA,2.78,NA,NA,NA,NA,NA
1849-04-05,NA,NA,NA,NA,NA,NA,NA,NA,NA,NA,NA,NA,NA,9.17,NA,NA,NA,",frst,"
1849-04-05 06:00:00,NA,NA,NA,NA,NA,NA,NA,NA,NA,NA,NA,NA,-2.22,NA,NA,NA,NA,NA
1849-04-05 09:00:00,12.78,NA,NA,NA,NA,NA,1011.85,NA,NA,NA,NA,NA,12.22,NA,NA,NA,NA,NA
1849-04-05 15:00:00,16.11,NA,NA,NA,NA,NA,1010.16,NA,NA,NA,NA,NA,17.78,NA,NA,NA,NA,NA
1849-04-05 21:00:00,16.11,NA,NA,NA,NA,NA,1007.79,NA,NA,NA,NA,NA,8.89,NA,NA,NA,NA,NA
1849-04-06,NA,NA,NA,NA,NA,NA,NA,NA,"1 am","9 am",NA,NA,NA,6.25,NA,NA,NA,NA
1849-04-06 06:00:00,15,NA,NA,NA,NA,NA,1002.03,NA,NA,NA,NA,NA,8.33,NA,NA,NA,NA,NA
1849-04-06 09:00:00,15,NA,NA,NA,NA,NA,1002.71,NA,NA,NA,NA,NA,6.67,NA,NA,NA,NA,NA
1849-04-06 15:00:00,15,NA,NA,NA,NA,NA,1003.05,NA,NA,NA,NA,NA,8.33,NA,NA,NA,NA,NA
1849-04-06 21:00:00,13.89,NA,NA,NA,NA,NA,1006.1,NA,NA,NA,NA,NA,1.67,NA,NA,NA,NA,NA
1849-04-07,NA,NA,NA,NA,NA,NA,NA,NA,"11 pm","6 am",NA,1.27,NA,1.67,NA,NA,NA,",sn,"
1849-04-07 06:00:00,9.44,NA,NA,NA,NA,NA,1012.53,NA,NA,NA,NA,NA,-0.56,NA,NA,NA,NA,NA
1849-04-07 09:00:00,9.44,NA,NA,NA,NA,NA,1014.9,NA,NA,NA,NA,NA,2.78,NA,NA,NA,NA,NA
1849-04-07 15:00:00,12.22,NA,NA,NA,NA,NA,1013.88,NA,NA,NA,NA,NA,3.89,NA,NA,NA,NA,NA
1849-04-07 21:00:00,11.67,NA,NA,NA,NA,NA,1011.85,NA,NA,NA,NA,NA,0.56,NA,NA,NA,NA,NA
1849-04-08,NA,NA,NA,NA,NA,NA,NA,NA,"11 am","1 pm",NA,0.86,NA,4.58,NA,NA,NA,",ra,"
1849-04-08 06:00:00,9.44,NA,NA,NA,NA,NA,1005.76,NA,NA,NA,NA,NA,-2.78,NA,NA,NA,NA,NA
1849-04-08 09:00:00,10,NA,NA,NA,NA,NA,1001.69,NA,NA,NA,NA,NA,6.67,NA,NA,NA,NA,NA
1849-04-08 15:00:00,11.11,NA,NA,NA,NA,NA,997.97,NA,NA,NA,NA,NA,11.67,NA,NA,NA,NA,NA
1849-04-08 21:00:00,12.78,NA,NA,NA,NA,NA,1000.34,NA,NA,NA,NA,NA,2.78,NA,NA,NA,NA,NA
1849-04-09,NA,NA,NA,NA,NA,NA,NA,NA,"empty","1 pm",NA,0.51,NA,0.28,NA,NA,NA,",sn,"
1849-04-09 06:00:00,8.89,NA,NA,NA,NA,NA,1001.36,NA,NA,NA,NA,NA,-1.67,NA,NA,NA,NA,NA
1849-04-09 09:00:00,9.44,NA,NA,NA,NA,NA,1003.39,NA,NA,NA,NA,NA,1.11,NA,NA,NA,NA,NA
1849-04-09 15:00:00,9.44,NA,NA,NA,NA,NA,1004.4,NA,NA,NA,NA,NA,0.56,NA,NA,NA,NA,NA
1849-04-09 21:00:00,9.44,NA,NA,NA,NA,NA,1006.43,NA,NA,NA,NA,NA,1.11,NA,NA,NA,NA,NA
1849-04-10,NA,NA,NA,NA,NA,NA,NA,NA,NA,NA,NA,6.22,NA,3.33,NA,NA,NA,NA
1849-04-10 06:00:00,7.22,NA,NA,NA,NA,NA,1009.14,NA,NA,NA,NA,NA,-0.56,NA,NA,NA,NA,NA
1849-04-10 09:00:00,8.33,NA,NA,NA,NA,NA,1010.16,NA,NA,NA,NA,NA,2.78,NA,NA,NA,NA,NA
1849-04-10 15:00:00,9.44,NA,NA,NA,NA,NA,1008.81,NA,NA,NA,NA,NA,5.56,NA,NA,NA,NA,NA
1849-04-10 21:00:00,11.11,NA,NA,NA,NA,NA,1006.77,NA,NA,NA,NA,NA,1.11,NA,NA,NA,NA,NA
1849-04-11,NA,NA,NA,NA,NA,NA,NA,NA,"all day",NA,NA,NA,NA,2.92,NA,NA,NA,",ra,"
1849-04-11 06:00:00,9.44,NA,NA,NA,NA,NA,1003.05,NA,NA,NA,NA,NA,0,NA,NA,NA,NA,NA
1849-04-11 09:00:00,10,NA,NA,NA,NA,NA,1002.03,NA,NA,NA,NA,NA,5,NA,NA,NA,NA,NA
1849-04-11 15:00:00,12.22,NA,NA,NA,NA,NA,999.66,NA,NA,NA,NA,NA,4.44,NA,NA,NA,NA,NA
1849-04-11 21:00:00,11.67,NA,NA,NA,NA,NA,997.29,NA,NA,NA,NA,NA,2.22,NA,NA,NA,NA,NA
1849-04-12,NA,NA,NA,NA,NA,NA,NA,NA,"all day",NA,NA,1.78,NA,3.19,NA,NA,NA,NA
1849-04-12 06:00:00,10,NA,NA,NA,NA,NA,996.95,NA,NA,NA,NA,NA,1.11,NA,NA,NA,NA,NA
1849-04-12 09:00:00,11.11,NA,NA,NA,NA,NA,998.31,NA,NA,NA,NA,NA,4.44,NA,NA,NA,NA,NA
1849-04-12 15:00:00,11.67,NA,NA,NA,NA,NA,1001.36,NA,NA,NA,NA,NA,3.89,NA,NA,NA,NA,NA
1849-04-12 21:00:00,12.22,NA,NA,NA,NA,NA,1004.06,NA,NA,NA,NA,NA,3.33,NA,NA,NA,NA,NA
1849-04-13,NA,NA,NA,NA,NA,NA,NA,NA,"all day",NA,NA,3.12,NA,2.36,NA,NA,NA,NA
1849-04-13 06:00:00,10,NA,NA,NA,NA,NA,1003.39,NA,NA,NA,NA,NA,-0.56,NA,NA,NA,NA,NA
1849-04-13 09:00:00,10.56,NA,NA,NA,NA,NA,1003.05,NA,NA,NA,NA,NA,3.33,NA,NA,NA,NA,NA
1849-04-13 15:00:00,10.56,NA,NA,NA,NA,NA,1000.68,NA,NA,NA,NA,NA,3.33,NA,NA,NA,NA,NA
1849-04-13 21:00:00,11.67,NA,NA,NA,NA,NA,997.29,NA,NA,NA,NA,NA,3.33,NA,NA,NA,NA,NA
1849-04-14,NA,NA,NA,NA,NA,NA,NA,NA,"9 am","noon",NA,0.89,NA,5.56,NA,NA,NA,",sh,"
1849-04-14 06:00:00,11.11,NA,NA,NA,NA,NA,991.2,NA,NA,NA,NA,NA,1.11,NA,NA,NA,NA,NA
1849-04-14 09:00:00,11.11,NA,NA,NA,NA,NA,989.5,NA,NA,NA,NA,NA,6.11,NA,NA,NA,NA,NA
1849-04-14 15:00:00,12.78,NA,NA,NA,NA,NA,985.44,NA,NA,NA,NA,NA,10.56,NA,NA,NA,NA,NA
1849-04-14 21:00:00,15,NA,NA,NA,NA,NA,983.75,NA,NA,NA,NA,NA,4.44,NA,NA,NA,NA,NA
1849-04-15,NA,NA,NA,NA,NA,NA,NA,NA,"all day",NA,NA,0.1,NA,-3.33,NA,NA,NA,",sn,"
1849-04-15 06:00:00,11.11,NA,NA,NA,NA,NA,982.73,NA,NA,NA,NA,NA,-6.11,NA,NA,NA,NA,NA
1849-04-15 09:00:00,10.56,NA,NA,NA,NA,NA,985.78,NA,NA,NA,NA,NA,-0.56,NA,NA,NA,NA,NA
1849-04-15 15:00:00,9.44,NA,NA,NA,NA,NA,987.13,NA,NA,NA,NA,NA,0,NA,NA,NA,NA,NA
1849-04-15 21:00:00,8.89,NA,NA,NA,NA,NA,992.55,NA,NA,NA,NA,NA,-6.67,NA,NA,NA,NA,NA
1849-04-16,NA,NA,NA,NA,NA,NA,NA,NA,"empty","empty",NA,0,NA,-2.22,NA,NA,NA,",sn,"
1849-04-16 06:00:00,5.56,NA,NA,NA,NA,NA,992.21,NA,NA,NA,NA,NA,-8.89,NA,NA,NA,NA,NA
1849-04-16 09:00:00,5,NA,NA,NA,NA,NA,990.86,NA,NA,NA,NA,NA,1.11,NA,NA,NA,NA,NA
1849-04-16 15:00:00,7.78,NA,NA,NA,NA,NA,987.81,NA,NA,NA,NA,NA,3.89,NA,NA,NA,NA,NA
1849-04-16 21:00:00,9.44,NA,NA,NA,NA,NA,991.2,NA,NA,NA,NA,NA,-5,NA,NA,NA,NA,NA
1849-04-17,NA,NA,NA,NA,NA,NA,NA,NA,"at night",NA,NA,3.05,NA,-1.11,NA,NA,NA,",sn,"
1849-04-17 06:00:00,7.22,NA,NA,NA,NA,NA,997.97,NA,NA,NA,NA,NA,-8.89,NA,NA,NA,NA,NA
1849-04-17 09:00:00,7.22,NA,NA,NA,NA,NA,998.98,NA,NA,NA,NA,NA,2.22,NA,NA,NA,NA,NA
1849-04-17 15:00:00,9.44,NA,NA,NA,NA,NA,997.97,NA,NA,NA,NA,NA,4.44,NA,NA,NA,NA,NA
1849-04-17 21:00:00,10,NA,NA,NA,NA,NA,1002.37,NA,NA,NA,NA,NA,-2.22,NA,NA,NA,NA,NA
1849-04-18,NA,NA,NA,NA,NA,NA,NA,NA,"pm","empty",NA,5.84,NA,3.06,NA,NA,NA,NA
1849-04-18 06:00:00,8.33,NA,NA,NA,NA,NA,1005.76,NA,NA,NA,NA,NA,-5.56,NA,NA,NA,NA,NA
1849-04-18 09:00:00,8.89,NA,NA,NA,NA,NA,1007.45,NA,NA,NA,NA,NA,4.44,NA,NA,NA,NA,NA
1849-04-18 15:00:00,13.89,NA,NA,NA,NA,NA,1008.13,NA,NA,NA,NA,NA,11.67,NA,NA,NA,NA,NA
1849-04-18 21:00:00,15,NA,NA,NA,NA,NA,1009.82,NA,NA,NA,NA,NA,1.67,NA,NA,NA,NA,NA
1849-04-19,NA,NA,NA,NA,NA,NA,NA,NA,"empty","7 am",NA,0,NA,5.14,NA,NA,NA,",sn,"
1849-04-19 06:00:00,11.11,NA,NA,NA,NA,NA,993.91,NA,NA,NA,NA,NA,-1.11,NA,NA,NA,NA,NA
1849-04-19 09:00:00,11.67,NA,NA,NA,NA,NA,989.84,NA,NA,NA,NA,NA,4.44,NA,NA,NA,NA,NA
1849-04-19 15:00:00,15,NA,NA,NA,NA,NA,992.89,NA,NA,NA,NA,NA,12.78,NA,NA,NA,NA,NA
1849-04-19 21:00:00,17.22,NA,NA,NA,NA,NA,994.58,NA,NA,NA,NA,NA,4.44,NA,NA,NA,NA,NA
1849-04-20,NA,NA,NA,NA,NA,NA,NA,NA,"7 pm","8 am",NA,11.68,NA,4.03,NA,NA,NA,",sn,"
1849-04-20 06:00:00,13.89,NA,NA,NA,NA,NA,986.79,NA,NA,NA,NA,NA,0.56,NA,NA,NA,NA,NA
1849-04-20 09:00:00,12.22,NA,NA,NA,NA,NA,991.2,NA,NA,NA,NA,NA,4.44,NA,NA,NA,NA,NA
1849-04-20 15:00:00,12.78,NA,NA,NA,NA,NA,997.63,NA,NA,NA,NA,NA,8.33,NA,NA,NA,NA,NA
1849-04-20 21:00:00,12.22,NA,NA,NA,NA,NA,1005.08,NA,NA,NA,NA,NA,2.78,NA,NA,NA,NA,NA
1849-04-21,NA,NA,NA,NA,NA,NA,NA,NA,"6 pm","8 pm",NA,7.62,NA,6.39,NA,NA,NA,NA
1849-04-21 06:00:00,10,NA,NA,NA,NA,NA,1007.11,NA,NA,NA,NA,NA,-2.22,NA,NA,NA,NA,NA
1849-04-21 09:00:00,10,NA,NA,NA,NA,NA,1007.45,NA,NA,NA,NA,NA,11.67,NA,NA,NA,NA,NA
1849-04-21 15:00:00,13.33,NA,NA,NA,NA,NA,1005.76,NA,NA,NA,NA,NA,13.33,NA,NA,NA,NA,NA
1849-04-21 21:00:00,13.89,NA,NA,NA,NA,NA,1005.42,NA,NA,NA,NA,NA,2.78,NA,NA,NA,NA,NA
1849-04-22,NA,NA,NA,NA,NA,NA,NA,NA,NA,NA,NA,2.29,NA,1.11,NA,NA,NA,NA
1849-04-22 06:00:00,11.67,NA,NA,NA,NA,NA,1005.76,NA,NA,NA,NA,NA,-0.56,NA,NA,NA,NA,NA
1849-04-22 09:00:00,11.11,NA,NA,NA,NA,NA,1008.47,NA,NA,NA,NA,NA,1.11,NA,NA,NA,NA,NA
1849-04-22 15:00:00,11.11,NA,NA,NA,NA,NA,1011.85,NA,NA,NA,NA,NA,4.44,NA,NA,NA,NA,NA
1849-04-22 21:00:00,11.11,NA,NA,NA,NA,NA,1014.9,NA,NA,NA,NA,NA,-0.56,NA,NA,NA,NA,NA
1849-04-23,NA,NA,NA,NA,NA,NA,NA,NA,NA,NA,NA,NA,NA,3.33,NA,NA,NA,NA
1849-04-23 06:00:00,8.89,NA,NA,NA,NA,NA,1015.92,NA,NA,NA,NA,NA,-2.78,NA,NA,NA,NA,NA
1849-04-23 09:00:00,9.44,NA,NA,NA,NA,NA,1017.27,NA,NA,NA,NA,NA,6.67,NA,NA,NA,NA,NA
1849-04-23 15:00:00,10.56,NA,NA,NA,NA,NA,1017.61,NA,NA,NA,NA,NA,6.67,NA,NA,NA,NA,NA
1849-04-23 21:00:00,13.89,NA,NA,NA,NA,NA,1019.98,NA,NA,NA,NA,NA,2.78,NA,NA,NA,NA,NA
1849-04-24,NA,NA,NA,NA,NA,NA,NA,NA,"7 am","3 pm",NA,NA,NA,4.03,NA,NA,NA,NA
1849-04-24 06:00:00,10.56,NA,NA,NA,NA,NA,1011.85,NA,NA,NA,NA,NA,-0.56,NA,NA,NA,NA,NA
1849-04-24 09:00:00,10,NA,NA,NA,NA,NA,1006.43,NA,NA,NA,NA,NA,3.33,NA,NA,NA,NA,NA
1849-04-24 15:00:00,10,NA,NA,NA,NA,NA,1002.03,NA,NA,NA,NA,NA,6.67,NA,NA,NA,NA,NA
1849-04-24 21:00:00,13.33,NA,NA,NA,NA,NA,1009.82,NA,NA,NA,NA,NA,6.67,NA,NA,NA,NA,NA
1849-04-25,NA,NA,NA,NA,NA,NA,NA,NA,NA,NA,NA,9.02,NA,5.56,NA,NA,NA,",frst,"
1849-04-25 06:00:00,11.11,NA,NA,NA,NA,NA,1015.24,NA,NA,NA,NA,NA,-2.22,NA,NA,NA,NA,NA
1849-04-25 09:00:00,11.11,NA,NA,NA,NA,NA,1016.59,NA,NA,NA,NA,NA,7.78,NA,NA,NA,NA,NA
1849-04-25 15:00:00,15.56,NA,NA,NA,NA,NA,1014.56,NA,NA,NA,NA,NA,13.89,NA,NA,NA,NA,NA
1849-04-25 21:00:00,16.67,NA,NA,NA,NA,NA,1015.24,NA,NA,NA,NA,NA,2.78,NA,NA,NA,NA,NA
1849-04-26,NA,NA,NA,NA,NA,NA,NA,NA,NA,NA,NA,NA,NA,3.33,NA,NA,NA,",halo,"
1849-04-26 06:00:00,11.11,NA,NA,NA,NA,NA,1014.22,NA,NA,NA,NA,NA,-1.11,NA,NA,NA,NA,NA
1849-04-26 09:00:00,12.22,NA,NA,NA,NA,NA,1014.9,NA,NA,NA,NA,NA,11.11,NA,NA,NA,NA,NA
1849-04-26 15:00:00,10,NA,NA,NA,NA,NA,1019.3,NA,NA,NA,NA,NA,6.67,NA,NA,NA,NA,NA
1849-04-26 21:00:00,11.67,NA,NA,315,NA,NA,1022.69,NA,NA,NA,NA,NA,-3.33,NA,NA,NA,NA,NA
1849-04-27,NA,NA,NA,NA,NA,NA,NA,NA,NA,NA,NA,NA,NA,-0.83,NA,NA,NA,",halo,"
1849-04-27 06:00:00,6.67,NA,NA,NA,NA,NA,1025.06,NA,NA,NA,NA,NA,-7.22,NA,NA,NA,NA,NA
1849-04-27 09:00:00,6.11,NA,NA,NA,NA,NA,1025.4,NA,NA,NA,NA,NA,0,NA,NA,NA,NA,NA
1849-04-27 15:00:00,10,NA,NA,NA,NA,NA,1025.06,NA,NA,NA,NA,NA,6.11,NA,NA,NA,NA,NA
1849-04-27 21:00:00,11.11,NA,NA,225,NA,NA,1026.75,NA,NA,NA,NA,NA,-2.22,NA,NA,NA,NA,NA
1849-04-28,NA,NA,NA,NA,NA,NA,NA,NA,NA,NA,NA,NA,NA,2.92,NA,NA,NA,",halo,"
1849-04-28 06:00:00,6.67,NA,NA,NA,NA,NA,1027.77,NA,NA,NA,NA,NA,-6.67,NA,NA,NA,NA,NA
1849-04-28 09:00:00,7.22,NA,NA,NA,NA,NA,1026.75,NA,NA,NA,NA,NA,6.67,NA,NA,NA,NA,NA
1849-04-28 15:00:00,11.11,NA,NA,NA,NA,NA,1023.03,NA,NA,NA,NA,NA,11.11,NA,NA,NA,NA,NA
1849-04-28 21:00:00,12.22,NA,NA,NA,NA,NA,1019.64,NA,NA,NA,NA,NA,0.56,NA,NA,NA,NA,NA
1849-04-29,NA,NA,NA,NA,NA,NA,NA,NA,"4 am","4 pm",NA,NA,NA,8.06,NA,NA,NA,",hz,"
1849-04-29 06:00:00,12.22,NA,NA,NA,NA,NA,1005.76,NA,NA,NA,NA,NA,-0.56,NA,NA,NA,NA,NA
1849-04-29 09:00:00,13.33,NA,NA,NA,NA,NA,1004.74,NA,NA,NA,NA,NA,11.11,NA,NA,NA,NA,NA
1849-04-29 15:00:00,16.11,NA,NA,NA,NA,NA,1000,NA,NA,NA,NA,NA,12.78,NA,NA,NA,NA,NA
1849-04-29 21:00:00,17.22,NA,NA,NA,NA,NA,1006.43,NA,NA,NA,NA,NA,8.89,NA,NA,NA,NA,NA
1849-04-30,NA,NA,NA,NA,NA,NA,NA,NA,NA,NA,NA,7.87,NA,4.31,NA,NA,NA,NA
1849-04-30 06:00:00,12.22,NA,NA,NA,NA,NA,1014.56,NA,NA,NA,NA,NA,-1.11,NA,NA,NA,NA,NA
1849-04-30 09:00:00,13.33,NA,NA,NA,NA,NA,1019.3,NA,NA,NA,NA,NA,4.44,NA,NA,NA,NA,NA
1849-04-30 15:00:00,13.89,NA,NA,NA,NA,NA,1021,NA,NA,NA,NA,NA,9.44,NA,NA,NA,NA,NA
1849-04-30 21:00:00,16.11,NA,NA,NA,NA,NA,1019.3,NA,NA,NA,NA,NA,4.44,NA,NA,NA,NA,NA
1849-05-01,NA,NA,NA,NA,NA,NA,NA,NA,NA,NA,NA,NA,NA,11.81,NA,NA,NA,NA
1849-05-01 06:00:00,12.22,NA,NA,NA,NA,NA,1017.61,NA,NA,NA,NA,NA,0,NA,NA,NA,NA,NA
1849-05-01 09:00:00,12.78,NA,NA,NA,NA,NA,1013.21,NA,NA,NA,NA,NA,12.78,NA,NA,NA,NA,NA
1849-05-01 15:00:00,16.11,NA,NA,NA,NA,NA,1010.84,NA,NA,NA,NA,NA,19.44,NA,NA,NA,NA,NA
1849-05-01 21:00:00,20,NA,NA,NA,NA,NA,1007.79,NA,NA,NA,NA,NA,15,NA,NA,NA,NA,NA
1849-05-02,NA,NA,NA,NA,NA,NA,NA,NA,NA,NA,NA,NA,NA,5.83,NA,NA,NA,NA
1849-05-02 06:00:00,16.67,NA,NA,NA,NA,NA,1012.53,NA,NA,NA,NA,NA,4.44,NA,NA,NA,NA,NA
1849-05-02 09:00:00,16.11,NA,NA,NA,NA,NA,1013.55,NA,NA,NA,NA,NA,8.89,NA,NA,NA,NA,NA
1849-05-02 15:00:00,16.67,NA,NA,NA,NA,NA,1013.21,NA,NA,NA,NA,NA,9.44,NA,NA,NA,NA,NA
1849-05-02 21:00:00,15,NA,NA,NA,NA,NA,1017.61,NA,NA,NA,NA,NA,0.56,NA,NA,NA,NA,NA
1849-05-03,NA,NA,NA,NA,NA,NA,NA,NA,NA,NA,NA,NA,NA,1.94,NA,NA,NA,",frst,"
1849-05-03 06:00:00,15,NA,NA,NA,NA,NA,1018.29,NA,NA,NA,NA,NA,-3.89,NA,NA,NA,NA,NA
1849-05-03 09:00:00,14.44,NA,NA,NA,NA,NA,1019.98,NA,NA,NA,NA,NA,3.33,NA,NA,NA,NA,NA
1849-05-03 15:00:00,11.67,NA,NA,NA,NA,NA,1020.32,NA,NA,NA,NA,NA,6.11,NA,NA,NA,NA,NA
1849-05-03 21:00:00,12.78,NA,NA,NA,NA,NA,1019.3,NA,NA,NA,NA,NA,2.22,NA,NA,NA,NA,NA
1849-05-04,NA,NA,NA,NA,NA,NA,NA,NA,"4pm","5pm",NA,NA,NA,6.53,NA,NA,NA,",sh,"
1849-05-04 06:00:00,15,NA,NA,NA,NA,NA,1017.61,NA,NA,NA,NA,NA,-2.22,NA,NA,NA,NA,NA
1849-05-04 09:00:00,16.11,NA,NA,NA,NA,NA,1015.92,NA,NA,NA,NA,NA,12.78,NA,NA,NA,NA,NA
1849-05-04 15:00:00,11.67,NA,NA,NA,NA,NA,1011.18,NA,NA,NA,NA,NA,10,NA,NA,NA,NA,NA
1849-05-04 21:00:00,11.67,NA,NA,NA,NA,NA,1005.08,NA,NA,NA,NA,NA,5.56,NA,NA,NA,NA,NA
1849-05-05,NA,NA,NA,NA,NA,NA,NA,NA,NA,NA,NA,0.05,NA,3.06,NA,NA,NA,NA
1849-05-05 06:00:00,11.11,NA,NA,NA,NA,NA,1008.47,NA,NA,NA,NA,NA,2.22,NA,NA,NA,NA,NA
1849-05-05 09:00:00,11.11,NA,NA,NA,NA,NA,1011.18,NA,NA,NA,NA,NA,6.11,NA,NA,NA,NA,NA
1849-05-05 15:00:00,10.56,NA,NA,NA,NA,NA,1014.56,NA,NA,NA,NA,NA,5,NA,NA,NA,NA,NA
1849-05-05 21:00:00,10,NA,NA,NA,NA,NA,1019.98,NA,NA,NA,NA,NA,-1.11,NA,NA,NA,NA,NA
1849-05-06,NA,NA,NA,NA,NA,NA,NA,NA,NA,NA,NA,NA,NA,0.83,NA,NA,NA,",frst,"
1849-05-06 06:00:00,7.22,NA,NA,NA,NA,NA,1019.64,NA,NA,NA,NA,NA,-6.11,NA,NA,NA,NA,NA
1849-05-06 09:00:00,7.78,NA,NA,NA,NA,NA,1019.98,NA,NA,NA,NA,NA,4.44,NA,NA,NA,NA,NA
1849-05-06 15:00:00,11.11,NA,NA,NA,NA,NA,1018.96,NA,NA,NA,NA,NA,5.56,NA,NA,NA,NA,NA
1849-05-06 21:00:00,13.89,NA,NA,NA,NA,NA,1017.61,NA,NA,NA,NA,NA,-0.56,NA,NA,NA,NA,NA
1849-05-07,NA,NA,NA,NA,NA,NA,NA,NA,NA,NA,NA,NA,NA,2.64,NA,NA,NA,NA
1849-05-07 06:00:00,10.56,NA,NA,NA,NA,NA,1012.87,NA,NA,NA,NA,NA,-3.33,NA,NA,NA,NA,NA
1849-05-07 09:00:00,10.56,NA,NA,NA,NA,NA,1012.53,NA,NA,NA,NA,NA,5,NA,NA,NA,NA,NA
1849-05-07 15:00:00,13.89,NA,NA,NA,NA,NA,1010.16,NA,NA,NA,NA,NA,7.22,NA,NA,NA,NA,NA
1849-05-07 21:00:00,15,NA,NA,NA,NA,NA,1009.48,NA,NA,NA,NA,NA,1.67,NA,NA,NA,NA,NA
1849-05-08,NA,NA,NA,NA,NA,NA,NA,NA,"noon","6pm",NA,NA,NA,3.33,NA,NA,NA,NA
1849-05-08 06:00:00,11.11,NA,NA,NA,NA,NA,1008.13,NA,NA,NA,NA,NA,-1.67,NA,NA,NA,NA,NA
1849-05-08 09:00:00,11.11,NA,NA,NA,NA,NA,1007.45,NA,NA,NA,NA,NA,8.33,NA,NA,NA,NA,NA
1849-05-08 15:00:00,13.89,NA,NA,NA,NA,NA,1007.45,NA,NA,NA,NA,NA,4.44,NA,NA,NA,NA,NA
1849-05-08 21:00:00,11.67,NA,NA,NA,NA,NA,1009.14,NA,NA,NA,NA,NA,2.22,NA,NA,NA,NA,NA
1849-05-09,NA,NA,NA,NA,NA,NA,NA,NA,"8am","noon",NA,1.27,NA,3.47,NA,NA,NA,NA
1849-05-09 06:00:00,11.11,NA,NA,NA,NA,NA,1008.47,NA,NA,NA,NA,NA,0.56,NA,NA,NA,NA,NA
1849-05-09 09:00:00,12.22,NA,NA,NA,NA,NA,1009.48,NA,NA,NA,NA,NA,5,NA,NA,NA,NA,NA
1849-05-09 15:00:00,10,NA,NA,NA,NA,NA,1010.16,NA,NA,NA,NA,NA,4.44,NA,NA,NA,NA,NA
1849-05-09 21:00:00,11.11,NA,NA,NA,NA,NA,1011.51,NA,NA,NA,NA,NA,3.89,NA,NA,NA,NA,NA
1849-05-10,NA,NA,NA,NA,NA,NA,NA,NA,NA,NA,NA,0.13,NA,4.72,NA,NA,NA,NA
1849-05-10 06:00:00,10.56,NA,NA,NA,NA,NA,1012.87,NA,NA,NA,NA,NA,-1.11,NA,NA,NA,NA,NA
1849-05-10 09:00:00,10.56,NA,NA,NA,NA,NA,1013.55,NA,NA,NA,NA,NA,7.22,NA,NA,NA,NA,NA
1849-05-10 15:00:00,11.67,NA,NA,NA,NA,NA,1014.56,NA,NA,NA,NA,NA,9.44,NA,NA,NA,NA,NA
1849-05-10 21:00:00,11.11,NA,NA,NA,NA,NA,1014.9,NA,NA,NA,NA,NA,3.33,NA,NA,NA,NA,NA
1849-05-11,NA,NA,NA,NA,NA,NA,NA,NA,"6pm","empty",NA,NA,NA,5.97,NA,NA,NA,NA
1849-05-11 06:00:00,11.67,NA,NA,NA,NA,NA,1014.56,NA,NA,NA,NA,NA,2.22,NA,NA,NA,NA,NA
1849-05-11 09:00:00,11.67,NA,NA,NA,NA,NA,1014.56,NA,NA,NA,NA,NA,8.89,NA,NA,NA,NA,NA
1849-05-11 15:00:00,10.56,NA,NA,NA,NA,NA,1012.87,NA,NA,NA,NA,NA,9.44,NA,NA,NA,NA,NA
1849-05-11 21:00:00,11.11,NA,NA,NA,NA,NA,1012.19,NA,NA,NA,NA,NA,3.33,NA,NA,NA,NA,NA
1849-05-12,NA,NA,NA,NA,NA,NA,NA,NA,NA,NA,NA,0.03,NA,3.89,NA,NA,NA,",halo,"
1849-05-12 06:00:00,11.67,NA,NA,NA,NA,NA,1007.79,NA,NA,NA,NA,NA,0.56,NA,NA,NA,NA,NA
1849-05-12 09:00:00,10,NA,NA,NA,NA,NA,1006.1,NA,NA,NA,NA,NA,4.44,NA,NA,NA,NA,NA
1849-05-12 15:00:00,11.11,NA,NA,NA,NA,NA,1004.4,NA,NA,NA,NA,NA,8.33,NA,NA,NA,NA,NA
1849-05-12 21:00:00,12.22,NA,NA,NA,NA,NA,1003.73,NA,NA,NA,NA,NA,2.22,NA,NA,NA,NA,NA
1849-05-13,NA,NA,NA,NA,NA,NA,NA,NA,NA,NA,NA,NA,NA,5.69,NA,NA,NA,NA
1849-05-13 06:00:00,11.67,NA,NA,NA,NA,NA,1005.42,NA,NA,NA,NA,NA,-0.56,NA,NA,NA,NA,NA
1849-05-13 09:00:00,11.67,NA,NA,NA,NA,NA,1007.11,NA,NA,NA,NA,NA,8.33,NA,NA,NA,NA,NA
1849-05-13 15:00:00,11.11,NA,NA,NA,NA,NA,1009.14,NA,NA,NA,NA,NA,10,NA,NA,NA,NA,NA
1849-05-13 21:00:00,12.78,NA,NA,NA,NA,NA,1011.18,NA,NA,NA,NA,NA,5,NA,NA,NA,NA,NA
1849-05-14,NA,NA,NA,NA,NA,NA,NA,NA,"7pm","empty",NA,NA,NA,6.11,NA,NA,NA,",halo,"
1849-05-14 06:00:00,12.22,NA,NA,NA,NA,NA,1009.82,NA,NA,NA,NA,NA,2.78,NA,NA,NA,NA,NA
1849-05-14 09:00:00,12.22,NA,NA,NA,NA,NA,1010.16,NA,NA,NA,NA,NA,11.67,NA,NA,NA,NA,NA
1849-05-14 15:00:00,11.67,NA,NA,NA,NA,NA,1007.79,NA,NA,NA,NA,NA,4.44,NA,NA,NA,NA,NA
1849-05-14 21:00:00,12.22,NA,NA,NA,NA,NA,1004.06,NA,NA,NA,NA,NA,5.56,NA,NA,NA,NA,NA
1849-05-15,NA,NA,NA,NA,NA,NA,NA,NA,"5pm","6am",NA,0,NA,7.92,NA,NA,NA,NA
1849-05-15 06:00:00,11.11,NA,NA,NA,NA,NA,994.58,NA,NA,NA,NA,NA,2.78,NA,NA,NA,NA,NA
1849-05-15 09:00:00,11.11,NA,NA,NA,NA,NA,992.89,NA,NA,NA,NA,NA,7.22,NA,NA,NA,NA,NA
1849-05-15 15:00:00,11.67,NA,NA,NA,NA,NA,992.21,NA,NA,NA,NA,NA,13.89,NA,NA,NA,NA,NA
1849-05-15 21:00:00,11.67,NA,NA,NA,NA,NA,993.91,NA,NA,NA,NA,NA,7.78,NA,NA,NA,NA,NA
1849-05-16,NA,NA,NA,NA,NA,NA,NA,NA,"empty","7pm",NA,4.06,NA,2.22,NA,NA,NA,",sn,"
1849-05-16 06:00:00,12.22,NA,NA,NA,NA,NA,995.26,NA,NA,NA,NA,NA,2.78,NA,NA,NA,NA,NA
1849-05-16 09:00:00,12.22,NA,NA,NA,NA,NA,996.95,NA,NA,NA,NA,NA,6.11,NA,NA,NA,NA,NA
1849-05-16 15:00:00,11.67,NA,NA,NA,NA,NA,1001.36,NA,NA,NA,NA,NA,4.44,NA,NA,NA,NA,NA
1849-05-16 21:00:00,12.22,NA,NA,NA,NA,NA,1005.76,NA,NA,NA,NA,NA,2.22,NA,NA,NA,NA,NA
1849-05-17,NA,NA,NA,NA,NA,NA,NA,NA,NA,NA,NA,4.65,NA,4.44,NA,NA,NA,",frst,"
1849-05-17 06:00:00,11.11,NA,NA,NA,NA,NA,1011.51,NA,NA,NA,NA,NA,-1.11,NA,NA,NA,NA,NA
1849-05-17 09:00:00,11.11,NA,NA,NA,NA,NA,1012.53,NA,NA,NA,NA,NA,7.22,NA,NA,NA,NA,NA
1849-05-17 15:00:00,12.22,NA,NA,NA,NA,NA,1012.53,NA,NA,NA,NA,NA,11.11,NA,NA,NA,NA,NA
1849-05-17 21:00:00,12.22,NA,NA,NA,NA,NA,1014.56,NA,NA,NA,NA,NA,0.56,NA,NA,NA,NA,NA
1849-05-18,NA,NA,NA,NA,NA,NA,NA,NA,"1pm","3pm",NA,NA,NA,6.81,NA,NA,NA,",ra,"
1849-05-18 06:00:00,11.11,NA,NA,NA,NA,NA,1014.9,NA,NA,NA,NA,NA,-3.33,NA,NA,NA,NA,NA
1849-05-18 09:00:00,11.11,NA,NA,NA,NA,NA,1014.9,NA,NA,NA,NA,NA,10,NA,NA,NA,NA,NA
1849-05-18 15:00:00,12.22,NA,NA,NA,NA,NA,1013.21,NA,NA,NA,NA,NA,12.78,NA,-17.72,NA,NA,NA
1849-05-18 21:00:00,13.33,NA,NA,NA,NA,NA,1012.87,NA,NA,NA,NA,NA,7.78,NA,NA,NA,NA,NA
1849-05-19,NA,NA,NA,NA,NA,NA,NA,NA,NA,NA,NA,0.64,NA,7.78,NA,NA,NA,NA
1849-05-19 06:00:00,12.22,NA,NA,NA,NA,NA,1009.82,NA,NA,NA,NA,NA,1.11,NA,NA,NA,NA,NA
1849-05-19 09:00:00,12.78,NA,NA,NA,NA,NA,1009.48,NA,NA,NA,NA,NA,7.78,NA,NA,NA,NA,NA
1849-05-19 15:00:00,12.78,NA,NA,NA,NA,NA,1014.56,NA,NA,NA,NA,NA,15.56,NA,-17.72,NA,NA,NA
1849-05-19 21:00:00,13.33,NA,NA,NA,NA,NA,1010.5,NA,NA,NA,NA,NA,6.67,NA,NA,NA,NA,NA
1849-05-20,NA,NA,NA,NA,NA,NA,NA,NA,NA,NA,NA,NA,NA,13.19,NA,NA,NA,",hz,"
1849-05-20 06:00:00,13.33,NA,NA,NA,NA,NA,1011.18,NA,NA,NA,NA,NA,1.11,NA,NA,NA,NA,NA
1849-05-20 09:00:00,15,NA,NA,NA,NA,NA,1012.19,NA,NA,NA,NA,NA,17.78,NA,NA,NA,NA,NA
1849-05-20 15:00:00,18.33,NA,NA,NA,NA,NA,1009.14,NA,NA,NA,NA,NA,22.22,NA,-17.66,NA,NA,NA
1849-05-20 21:00:00,17.78,NA,NA,NA,NA,NA,1008.81,NA,NA,NA,NA,NA,11.67,NA,NA,NA,NA,NA
1849-05-21,NA,NA,NA,NA,NA,NA,NA,NA,"8am","2pm",NA,NA,NA,6.25,NA,NA,NA,",sn,"
1849-05-21 06:00:00,16.11,NA,NA,NA,NA,NA,1003.73,NA,NA,NA,NA,NA,10,NA,NA,NA,NA,NA
1849-05-21 09:00:00,16.67,NA,NA,NA,NA,NA,1003.39,NA,NA,NA,NA,NA,13.33,NA,NA,NA,NA,NA
1849-05-21 15:00:00,16.11,NA,NA,NA,NA,NA,1009.82,NA,NA,NA,NA,NA,1.67,NA,-17.61,NA,NA,NA
1849-05-21 21:00:00,14.44,NA,NA,NA,NA,NA,1016.93,NA,NA,NA,NA,NA,0,NA,NA,NA,NA,NA
1849-05-22,NA,NA,NA,NA,NA,NA,NA,NA,NA,NA,NA,5.97,NA,8.19,NA,NA,NA,NA
1849-05-22 06:00:00,12.22,NA,NA,NA,NA,NA,1017.61,NA,NA,NA,NA,NA,-1.67,NA,NA,NA,NA,NA
1849-05-22 09:00:00,12.22,NA,NA,NA,NA,NA,1018.96,NA,NA,NA,NA,NA,10.56,NA,NA,NA,NA,NA
1849-05-22 15:00:00,13.33,NA,NA,NA,NA,NA,1015.92,NA,NA,NA,NA,NA,15.56,NA,-17.74,NA,NA,NA
1849-05-22 21:00:00,13.33,NA,NA,NA,NA,NA,1013.88,NA,NA,NA,NA,NA,8.33,NA,NA,NA,NA,NA
1849-05-23,NA,NA,NA,NA,NA,NA,NA,NA,"8am","7pm",NA,NA,NA,8.89,NA,NA,NA,",lt,"
1849-05-23 06:00:00,13.33,NA,NA,NA,NA,NA,1007.11,NA,NA,NA,NA,NA,5.56,NA,NA,NA,NA,NA
1849-05-23 09:00:00,13.33,NA,NA,NA,NA,NA,1004.74,NA,NA,NA,NA,NA,12.78,NA,NA,NA,NA,NA
1849-05-23 15:00:00,12.22,NA,NA,NA,NA,NA,1002.37,NA,NA,NA,NA,NA,10.56,NA,-17.72,NA,NA,NA
1849-05-23 21:00:00,13.33,NA,NA,NA,NA,NA,1002.71,NA,NA,NA,NA,NA,6.67,NA,NA,NA,NA,NA
1849-05-24,NA,NA,NA,NA,NA,NA,NA,NA,"empty","7am",NA,2.11,NA,3.33,NA,NA,NA,NA
1849-05-24 06:00:00,12.78,NA,NA,NA,NA,NA,1007.45,NA,NA,NA,NA,NA,1.11,NA,NA,NA,NA,NA
1849-05-24 09:00:00,12.22,NA,NA,NA,NA,NA,1009.82,NA,NA,NA,NA,NA,2.78,NA,NA,NA,NA,NA
1849-05-24 15:00:00,10,NA,NA,NA,NA,NA,1012.19,NA,NA,NA,NA,NA,6.11,NA,-17.78,NA,NA,NA
1849-05-24 21:00:00,11.67,NA,NA,NA,NA,NA,1015.58,NA,NA,NA,NA,NA,3.33,NA,NA,NA,NA,NA
1849-05-25,NA,NA,NA,NA,NA,NA,NA,NA,NA,NA,NA,4.24,NA,5.28,NA,NA,NA,NA
1849-05-25 06:00:00,11.11,NA,NA,NA,NA,NA,1017.95,NA,NA,NA,NA,NA,-2.78,NA,NA,NA,NA,NA
1849-05-25 09:00:00,10.56,NA,NA,NA,NA,NA,1018.63,NA,NA,NA,NA,NA,8.89,NA,NA,NA,NA,NA
1849-05-25 15:00:00,11.67,NA,NA,NA,NA,NA,1017.95,NA,NA,NA,NA,NA,10,NA,-17.72,NA,NA,NA
1849-05-25 21:00:00,11.11,NA,NA,NA,NA,NA,1017.27,NA,NA,NA,NA,NA,5,NA,NA,NA,NA,NA
1849-05-26,NA,NA,NA,NA,NA,NA,NA,NA,NA,NA,NA,NA,NA,6.81,NA,NA,NA,NA
1849-05-26 06:00:00,11.67,NA,NA,NA,NA,NA,1014.22,NA,NA,NA,NA,NA,-1.67,NA,NA,NA,NA,NA
1849-05-26 09:00:00,11.67,NA,NA,NA,NA,NA,1012.53,NA,NA,NA,NA,NA,9.44,NA,NA,NA,NA,NA
1849-05-26 15:00:00,11.67,NA,NA,NA,NA,NA,1010.16,NA,NA,NA,NA,NA,13.89,NA,-17.73,NA,NA,NA
1849-05-26 21:00:00,12.22,NA,NA,NA,NA,NA,1009.14,NA,NA,NA,NA,NA,5.56,NA,NA,NA,NA,NA
1849-05-27,NA,NA,NA,NA,NA,NA,NA,NA,NA,NA,NA,NA,NA,10.42,NA,NA,NA,NA
1849-05-27 06:00:00,12.78,NA,NA,NA,NA,NA,1009.14,NA,NA,NA,NA,NA,2.78,NA,NA,NA,NA,NA
1849-05-27 09:00:00,13.89,NA,NA,NA,NA,NA,1010.16,NA,NA,NA,NA,NA,17.22,NA,NA,NA,NA,NA
1849-05-27 15:00:00,18.33,NA,NA,NA,NA,NA,1012.19,NA,NA,NA,NA,NA,16.67,NA,-17.7,NA,NA,NA
1849-05-27 21:00:00,15.56,NA,NA,NA,NA,NA,1018.29,NA,NA,NA,NA,NA,5,NA,NA,NA,NA,NA
1849-05-28,NA,NA,NA,NA,NA,NA,NA,NA,NA,NA,NA,NA,NA,10.14,NA,NA,NA,NA
1849-05-28 06:00:00,13.33,NA,NA,NA,NA,NA,1020.32,NA,NA,NA,NA,NA,-1.11,NA,NA,NA,NA,NA
1849-05-28 09:00:00,13.33,NA,NA,NA,NA,NA,1020.66,NA,NA,NA,NA,NA,16.11,NA,NA,NA,NA,NA
1849-05-28 15:00:00,15.56,NA,NA,NA,NA,NA,1020.32,NA,NA,NA,NA,NA,16.67,NA,-17.75,NA,NA,NA
1849-05-28 21:00:00,15.56,NA,NA,NA,NA,NA,1021.67,NA,NA,NA,NA,NA,8.89,NA,NA,NA,NA,NA
1849-05-29,NA,NA,NA,NA,NA,NA,NA,NA,NA,NA,NA,NA,NA,11.81,NA,NA,NA,NA
1849-05-29 06:00:00,13.33,NA,NA,NA,NA,NA,1022.01,NA,NA,NA,NA,NA,1.67,NA,NA,NA,NA,NA
1849-05-29 09:00:00,15,NA,NA,NA,NA,NA,1022.01,NA,NA,NA,NA,NA,18.89,NA,NA,NA,NA,NA
1849-05-29 15:00:00,18.33,NA,NA,NA,NA,NA,1022.69,NA,NA,NA,NA,NA,20.56,NA,-17.66,NA,NA,NA
1849-05-29 21:00:00,16.67,NA,NA,NA,NA,NA,1024.38,NA,NA,NA,NA,NA,6.11,NA,NA,NA,NA,NA
1849-05-30,NA,NA,NA,NA,NA,NA,NA,NA,NA,NA,NA,NA,NA,14.44,NA,NA,NA,",frst,"
1849-05-30 06:00:00,15.56,NA,NA,NA,NA,NA,1024.38,NA,NA,NA,NA,NA,2.22,NA,NA,NA,NA,NA
1849-05-30 09:00:00,16.11,NA,NA,NA,NA,NA,1024.72,NA,NA,NA,NA,NA,18.89,NA,NA,NA,NA,NA
1849-05-30 15:00:00,18.33,NA,NA,NA,NA,NA,1024.72,NA,NA,NA,NA,NA,23.89,NA,-17.65,NA,NA,NA
1849-05-30 21:00:00,18.33,NA,NA,NA,NA,NA,1026.08,NA,NA,NA,NA,NA,12.78,NA,NA,NA,NA,NA
1849-05-31,NA,NA,NA,NA,NA,NA,NA,NA,NA,NA,NA,NA,NA,13.61,NA,NA,NA,",fg,"
1849-05-31 06:00:00,16.67,NA,NA,NA,NA,NA,1026.08,NA,NA,NA,NA,NA,3.33,NA,NA,NA,NA,NA
1849-05-31 09:00:00,16.67,NA,NA,NA,NA,NA,1026.08,NA,NA,NA,NA,NA,20,NA,NA,NA,NA,NA
1849-05-31 15:00:00,20.56,NA,NA,NA,NA,NA,1025.4,NA,NA,NA,NA,NA,24.44,NA,-17.68,NA,NA,NA
1849-05-31 21:00:00,20,NA,NA,NA,NA,NA,1024.38,NA,NA,NA,NA,NA,6.67,NA,NA,NA,NA,NA
1849-06-01,NA,NA,NA,NA,NA,NA,NA,NA,"10 am","empty",NA,NA,NA,9.31,NA,NA,NA,",missing"
1849-06-01 06:00:00,18.89,NA,NA,NA,NA,NA,1019.64,NA,NA,NA,NA,NA,7.22,NA,NA,NA,NA,NA
1849-06-01 09:00:00,18.33,NA,NA,NA,NA,NA,1017.61,NA,NA,NA,NA,NA,10,NA,NA,NA,NA,NA
1849-06-01 15:00:00,17.78,NA,NA,NA,NA,NA,1012.53,NA,NA,NA,NA,NA,11.11,NA,NA,NA,NA,NA
1849-06-01 21:00:00,17.22,NA,NA,NA,NA,NA,1009.48,NA,NA,NA,NA,NA,8.89,NA,NA,NA,NA,NA
1849-06-02,NA,NA,NA,NA,NA,NA,NA,NA,"empty","8 am",NA,0,NA,10.28,NA,NA,NA,NA
1849-06-02 06:00:00,16.11,NA,NA,NA,NA,NA,1009.82,NA,NA,NA,NA,NA,7.22,NA,NA,NA,NA,NA
1849-06-02 09:00:00,17.22,NA,NA,NA,NA,NA,1012.19,NA,NA,NA,NA,NA,10,NA,NA,NA,NA,NA
1849-06-02 15:00:00,15.56,NA,NA,NA,NA,NA,1012.19,NA,NA,NA,NA,NA,15,NA,-17.71,NA,NA,NA
1849-06-02 21:00:00,15.56,NA,NA,NA,NA,NA,1014.56,NA,NA,NA,NA,NA,8.89,NA,NA,NA,NA,NA
1849-06-03,NA,NA,NA,NA,NA,NA,NA,NA,NA,NA,NA,14.3,NA,13.61,NA,NA,NA,",halo,"
1849-06-03 06:00:00,15,NA,NA,NA,NA,NA,1015.24,NA,NA,NA,NA,NA,3.33,NA,NA,NA,NA,NA
1849-06-03 09:00:00,15.56,NA,NA,NA,NA,NA,1016.26,NA,NA,NA,NA,NA,16.67,NA,NA,NA,NA,NA
1849-06-03 15:00:00,18.33,NA,NA,NA,NA,NA,1013.88,NA,NA,NA,NA,NA,22.22,NA,-17.68,NA,NA,NA
1849-06-03 21:00:00,17.78,NA,NA,NA,NA,NA,1014.22,NA,NA,NA,NA,NA,12.22,NA,NA,NA,NA,NA
1849-06-04,NA,NA,NA,NA,NA,NA,NA,NA,NA,NA,NA,NA,NA,13.89,NA,NA,NA,NA
1849-06-04 06:00:00,16.11,NA,NA,NA,NA,NA,1012.19,NA,NA,NA,NA,NA,4.44,NA,NA,NA,NA,NA
1849-06-04 09:00:00,16.11,NA,NA,NA,NA,NA,1011.51,NA,NA,NA,NA,NA,16.67,NA,NA,NA,NA,NA
1849-06-04 15:00:00,18.89,NA,NA,NA,NA,NA,1006.77,NA,NA,NA,NA,NA,21.67,NA,-17.75,NA,NA,NA
1849-06-04 21:00:00,18.33,NA,NA,NA,NA,NA,1005.42,NA,NA,NA,NA,NA,11.11,NA,NA,NA,NA,NA
1849-06-05,NA,NA,NA,NA,NA,NA,NA,NA,NA,NA,NA,NA,NA,12.08,NA,NA,NA,NA
1849-06-05 06:00:00,17.22,NA,NA,NA,NA,NA,993.91,NA,NA,NA,NA,NA,8.33,NA,NA,NA,NA,NA
1849-06-05 09:00:00,17.22,NA,NA,NA,NA,NA,1000.34,NA,NA,NA,NA,NA,16.67,NA,NA,NA,NA,NA
1849-06-05 15:00:00,17.22,NA,NA,NA,NA,NA,998.98,NA,NA,NA,NA,NA,15.56,NA,-17.71,NA,NA,NA
1849-06-05 21:00:00,16.11,NA,NA,NA,NA,NA,1001.02,NA,NA,NA,NA,NA,7.78,NA,NA,NA,NA,NA
1849-06-06,NA,NA,NA,NA,NA,NA,NA,NA,NA,NA,NA,NA,NA,9.17,NA,NA,NA,",frst,"
1849-06-06 06:00:00,15,NA,NA,NA,NA,NA,1002.03,NA,NA,NA,NA,NA,2.78,NA,NA,NA,NA,NA
1849-06-06 09:00:00,15,NA,NA,NA,NA,NA,1002.03,NA,NA,NA,NA,NA,11.67,NA,NA,NA,NA,NA
1849-06-06 15:00:00,14.44,NA,NA,NA,NA,NA,1001.69,NA,NA,NA,NA,NA,15.56,NA,-17.75,NA,NA,NA
1849-06-06 21:00:00,13.89,NA,NA,NA,NA,NA,1002.37,NA,NA,NA,NA,NA,6.67,NA,NA,NA,NA,NA
1849-06-07,NA,NA,NA,NA,NA,NA,NA,NA,NA,NA,NA,NA,NA,9.31,NA,NA,NA,",sh,"
1849-06-07 06:00:00,13.33,NA,NA,NA,NA,NA,1002.71,NA,NA,NA,NA,NA,-1.11,NA,NA,NA,NA,NA
1849-06-07 09:00:00,13.33,NA,NA,NA,NA,NA,1001.69,NA,NA,NA,NA,NA,17.78,NA,NA,NA,NA,NA
1849-06-07 15:00:00,13.89,NA,NA,NA,NA,NA,1000.68,NA,NA,NA,NA,NA,15.56,NA,-17.71,NA,NA,NA
1849-06-07 21:00:00,14.44,NA,NA,NA,NA,NA,1001.69,NA,NA,NA,NA,NA,5,NA,NA,NA,NA,NA
1849-06-08,NA,NA,NA,NA,NA,NA,NA,NA,NA,NA,NA,NA,NA,9.44,NA,NA,NA,",halo,"
1849-06-08 06:00:00,13.33,NA,NA,NA,NA,NA,1002.03,NA,NA,NA,NA,NA,-1.11,NA,NA,NA,NA,NA
1849-06-08 09:00:00,13.33,NA,NA,NA,NA,NA,1002.71,NA,NA,NA,NA,NA,13.89,NA,NA,NA,NA,NA
1849-06-08 15:00:00,16.67,NA,NA,NA,NA,NA,1002.37,NA,NA,NA,NA,NA,16.11,NA,-17.72,NA,NA,NA
1849-06-08 21:00:00,15.56,NA,NA,NA,NA,NA,1004.4,NA,NA,NA,NA,NA,8.89,NA,NA,NA,NA,NA
1849-06-09,NA,NA,NA,NA,NA,NA,NA,NA,NA,NA,NA,NA,NA,9.72,NA,NA,NA,NA
1849-06-09 06:00:00,14.44,NA,NA,NA,NA,NA,1007.45,NA,NA,NA,NA,NA,2.22,NA,NA,NA,NA,NA
1849-06-09 09:00:00,15,NA,NA,NA,NA,NA,1008.47,NA,NA,NA,NA,NA,13.89,NA,NA,NA,NA,NA
1849-06-09 15:00:00,15.56,NA,NA,NA,NA,NA,1008.81,NA,NA,NA,NA,NA,16.11,NA,-17.67,NA,NA,NA
1849-06-09 21:00:00,15,NA,NA,NA,NA,NA,1011.18,NA,NA,NA,NA,NA,6.67,NA,NA,NA,NA,NA
1849-06-10,NA,NA,NA,NA,NA,NA,NA,NA,NA,NA,NA,NA,NA,10.69,NA,NA,NA,",halo,"
1849-06-10 06:00:00,14.44,NA,NA,NA,NA,NA,1012.87,NA,NA,NA,NA,NA,1.11,NA,NA,NA,NA,NA
1849-06-10 09:00:00,14.44,NA,NA,NA,NA,NA,1013.88,NA,NA,NA,NA,NA,15.56,NA,NA,NA,NA,NA
1849-06-10 15:00:00,16.11,NA,NA,NA,NA,NA,1014.9,NA,NA,NA,NA,NA,17.78,NA,-17.67,NA,NA,NA
1849-06-10 21:00:00,16.11,NA,NA,NA,NA,NA,1018.29,NA,NA,NA,NA,NA,8.33,NA,NA,NA,NA,NA
1849-06-11,NA,NA,NA,NA,NA,NA,NA,NA,NA,NA,NA,NA,NA,9.17,NA,NA,NA,NA
1849-06-11 06:00:00,15,NA,NA,NA,NA,NA,1020.32,NA,NA,NA,NA,NA,3.89,NA,NA,NA,NA,NA
1849-06-11 09:00:00,15.56,NA,NA,NA,NA,NA,1021,NA,NA,NA,NA,NA,11.11,NA,NA,NA,NA,NA
1849-06-11 15:00:00,15.56,NA,NA,NA,NA,NA,1020.66,NA,NA,NA,NA,NA,14.44,NA,-17.71,NA,NA,NA
1849-06-11 21:00:00,15.56,NA,NA,NA,NA,NA,1021.67,NA,NA,NA,NA,NA,7.22,NA,NA,NA,NA,NA
1849-06-12,NA,NA,NA,NA,NA,NA,NA,NA,NA,NA,NA,NA,NA,10,NA,NA,NA,",frst,"
1849-06-12 06:00:00,14.44,NA,NA,NA,NA,NA,1022.69,NA,NA,NA,NA,NA,2.78,NA,NA,NA,NA,NA
1849-06-12 09:00:00,14.44,NA,NA,NA,NA,NA,1024.04,NA,NA,NA,NA,NA,13.33,NA,NA,NA,NA,NA
1849-06-12 15:00:00,16.11,NA,NA,NA,NA,NA,1021.67,NA,NA,NA,NA,NA,16.11,NA,-17.67,NA,NA,NA
1849-06-12 21:00:00,15.56,NA,NA,NA,NA,NA,1021.67,NA,NA,NA,NA,NA,7.78,NA,NA,NA,NA,NA
1849-06-13,NA,NA,NA,NA,NA,NA,NA,NA,NA,NA,NA,NA,NA,11.11,NA,NA,NA,",frst,"
1849-06-13 06:00:00,12.78,NA,NA,NA,NA,NA,1021.33,NA,NA,NA,NA,NA,0,NA,NA,NA,NA,NA
1849-06-13 09:00:00,14.44,NA,NA,NA,NA,NA,1021.67,NA,NA,NA,NA,NA,15,NA,NA,NA,NA,NA
1849-06-13 15:00:00,16.11,NA,NA,NA,NA,NA,1019.3,NA,NA,NA,NA,NA,20.56,NA,-17.67,NA,NA,NA
1849-06-13 21:00:00,16.11,NA,NA,NA,NA,NA,1019.3,NA,NA,NA,NA,NA,8.89,NA,NA,NA,NA,NA
1849-06-14,NA,NA,NA,NA,NA,NA,NA,NA,NA,NA,NA,NA,NA,11.81,NA,NA,NA,",hz,"
1849-06-14 06:00:00,15,NA,NA,NA,NA,NA,1019.3,NA,NA,NA,NA,NA,0,NA,NA,NA,NA,NA
1849-06-14 09:00:00,15,NA,NA,NA,NA,NA,1019.3,NA,NA,NA,NA,NA,16.67,NA,NA,NA,NA,NA
1849-06-14 15:00:00,18.33,NA,NA,NA,NA,NA,1018.96,NA,NA,NA,NA,NA,22.78,NA,-17.67,NA,NA,NA
1849-06-14 21:00:00,17.78,NA,NA,NA,NA,NA,1018.63,NA,NA,NA,NA,NA,7.78,NA,NA,NA,NA,NA
1849-06-15,NA,NA,NA,NA,NA,NA,NA,NA,NA,NA,NA,NA,NA,14.03,NA,NA,NA,",ts,"
1849-06-15 06:00:00,16.11,NA,NA,NA,NA,NA,1017.27,NA,NA,NA,NA,NA,1.11,NA,NA,NA,NA,NA
1849-06-15 09:00:00,15.56,NA,NA,NA,NA,NA,1016.93,NA,NA,NA,NA,NA,17.22,NA,NA,NA,NA,NA
1849-06-15 15:00:00,17.78,NA,NA,NA,NA,NA,1013.21,NA,NA,NA,NA,NA,26.67,NA,-17.68,NA,NA,NA
1849-06-15 21:00:00,17.78,NA,NA,NA,NA,NA,1012.87,NA,NA,NA,NA,NA,11.11,NA,NA,NA,NA,NA
1849-06-16,NA,NA,NA,NA,NA,NA,NA,NA,NA,NA,NA,NA,NA,15.83,NA,NA,NA,NA
1849-06-16 06:00:00,16.67,NA,NA,NA,NA,NA,1010.84,NA,NA,NA,NA,NA,6.11,NA,NA,NA,NA,NA
1849-06-16 09:00:00,16.67,NA,NA,NA,NA,NA,1010.5,NA,NA,NA,NA,NA,15.56,NA,NA,NA,NA,NA
1849-06-16 15:00:00,18.89,NA,NA,NA,NA,NA,1008.81,NA,NA,NA,NA,NA,26.11,NA,-17.67,NA,NA,NA
1849-06-16 21:00:00,18.89,NA,NA,NA,NA,NA,1008.13,NA,NA,NA,NA,NA,15.56,NA,NA,NA,NA,NA
1849-06-17,NA,NA,NA,NA,NA,NA,NA,NA,"am","8 am",NA,NA,NA,12.78,NA,NA,NA,NA
1849-06-17 06:00:00,17.78,NA,NA,NA,NA,NA,1010.16,NA,NA,NA,NA,NA,11.11,NA,NA,NA,NA,NA
1849-06-17 09:00:00,17.78,NA,NA,NA,NA,NA,1012.19,NA,NA,NA,NA,NA,12.78,NA,NA,NA,NA,NA
1849-06-17 15:00:00,17.78,NA,NA,NA,NA,NA,1013.55,NA,NA,NA,NA,NA,18.33,NA,-17.69,NA,NA,NA
1849-06-17 21:00:00,17.78,NA,NA,NA,NA,NA,1016.59,NA,NA,NA,NA,NA,8.89,NA,NA,NA,NA,NA
1849-06-18,NA,NA,NA,NA,NA,NA,NA,NA,NA,NA,NA,3.94,NA,17.36,NA,NA,NA,",ts,"
1849-06-18 06:00:00,16.67,NA,NA,NA,NA,NA,1017.95,NA,NA,NA,NA,NA,2.78,NA,NA,NA,NA,NA
1849-06-18 09:00:00,16.67,NA,NA,NA,NA,NA,1018.63,NA,NA,NA,NA,NA,20,NA,NA,NA,NA,NA
1849-06-18 15:00:00,20,NA,NA,NA,NA,NA,1017.27,NA,NA,NA,NA,NA,28.33,NA,-17.66,NA,NA,NA
1849-06-18 21:00:00,20,NA,NA,NA,NA,NA,1016.26,NA,NA,NA,NA,NA,18.33,NA,NA,NA,NA,NA
1849-06-19,NA,NA,NA,NA,NA,NA,NA,NA,"6 am","empty",NA,NA,NA,22.78,NA,NA,NA,NA
1849-06-19 06:00:00,19.44,NA,NA,NA,NA,NA,1012.87,NA,NA,NA,NA,NA,15.56,NA,NA,NA,NA,NA
1849-06-19 09:00:00,20,NA,NA,NA,NA,NA,1012.53,NA,NA,NA,NA,NA,23.33,NA,NA,NA,NA,NA
1849-06-19 15:00:00,23.33,NA,NA,NA,NA,NA,1010.84,NA,NA,NA,NA,NA,32.22,NA,-17.58,NA,NA,NA
1849-06-19 21:00:00,23.33,NA,NA,NA,NA,NA,1013.21,NA,NA,NA,NA,NA,20,NA,NA,NA,NA,NA
1849-06-20,NA,NA,NA,NA,NA,NA,NA,NA,NA,NA,NA,0.13,NA,16.53,NA,NA,NA,NA
1849-06-20 06:00:00,20,NA,NA,NA,NA,NA,1013.88,NA,NA,NA,NA,NA,12.22,NA,NA,NA,NA,NA
1849-06-20 09:00:00,20,NA,NA,NA,NA,NA,1014.9,NA,NA,NA,NA,NA,20,NA,NA,NA,NA,NA
1849-06-20 15:00:00,20,NA,NA,NA,NA,NA,1015.58,NA,NA,NA,NA,NA,21.11,NA,-17.68,NA,NA,NA
1849-06-20 21:00:00,19.44,NA,NA,NA,NA,NA,1015.92,NA,NA,NA,NA,NA,12.78,NA,NA,NA,NA,NA
1849-06-21,NA,NA,NA,NA,NA,NA,NA,NA,"am","noon",NA,NA,NA,10.69,NA,NA,NA,NA
1849-06-21 06:00:00,17.78,NA,NA,NA,NA,NA,1015.92,NA,NA,NA,NA,NA,8.33,NA,NA,NA,NA,NA
1849-06-21 09:00:00,17.78,NA,NA,NA,NA,NA,1016.59,NA,NA,NA,NA,NA,10,NA,NA,NA,NA,NA
1849-06-21 15:00:00,17.22,NA,NA,NA,NA,NA,1014.56,NA,NA,NA,NA,NA,13.89,NA,-17.72,NA,NA,NA
1849-06-21 21:00:00,16.67,NA,NA,NA,NA,NA,1012.87,NA,NA,NA,NA,NA,10.56,NA,NA,NA,NA,NA
1849-06-22,NA,NA,NA,NA,NA,NA,NA,NA,NA,NA,NA,2.16,NA,21.81,NA,NA,NA,NA
1849-06-22 06:00:00,16.67,NA,NA,NA,NA,NA,1010.5,NA,NA,NA,NA,NA,10,NA,NA,NA,NA,NA
1849-06-22 09:00:00,17.78,NA,NA,NA,NA,NA,1009.82,NA,NA,NA,NA,NA,22.22,NA,NA,NA,NA,NA
1849-06-22 15:00:00,23.89,NA,NA,NA,NA,NA,1008.13,NA,NA,NA,NA,NA,32.22,NA,-17.69,NA,NA,NA
1849-06-22 21:00:00,24.44,NA,NA,NA,NA,NA,1006.43,NA,NA,NA,NA,NA,22.78,NA,NA,NA,NA,NA
1849-06-23,NA,NA,NA,NA,NA,NA,NA,NA,"4 pm","5 pm",NA,NA,NA,24.17,NA,NA,NA,",ra,"
1849-06-23 06:00:00,24.44,NA,NA,NA,NA,NA,1004.74,NA,NA,NA,NA,NA,17.78,NA,NA,NA,NA,NA
1849-06-23 09:00:00,24.44,NA,NA,NA,NA,NA,1003.39,NA,NA,NA,NA,NA,30,NA,NA,NA,NA,NA
1849-06-23 15:00:00,28.89,NA,NA,NA,NA,NA,1000,NA,NA,NA,NA,NA,28.89,NA,-17.56,NA,NA,NA
1849-06-23 21:00:00,24.44,NA,NA,NA,NA,NA,1002.03,NA,NA,NA,NA,NA,20,NA,NA,NA,NA,NA
1849-06-24,NA,NA,NA,NA,NA,NA,NA,NA,"empty","midnight",NA,0.71,NA,16.11,NA,NA,NA,NA
1849-06-24 06:00:00,20,NA,NA,NA,NA,NA,1004.06,NA,NA,NA,NA,NA,14.44,NA,NA,NA,NA,NA
1849-06-24 09:00:00,21.67,NA,NA,NA,NA,NA,1006.43,NA,NA,NA,NA,NA,20,NA,NA,NA,NA,NA
1849-06-24 15:00:00,21.67,NA,NA,NA,NA,NA,1008.81,NA,NA,NA,NA,NA,18.33,NA,-17.68,NA,NA,NA
1849-06-24 21:00:00,20.56,NA,NA,NA,NA,NA,1008.13,NA,NA,NA,NA,NA,11.67,NA,NA,NA,NA,NA
1849-06-25,NA,NA,NA,NA,NA,NA,NA,NA,"7 pm","empty",NA,0.56,NA,14.72,NA,NA,NA,NA
1849-06-25 06:00:00,19.44,NA,NA,NA,NA,NA,1004.06,NA,NA,NA,NA,NA,11.11,NA,NA,NA,NA,NA
1849-06-25 09:00:00,18.89,NA,NA,NA,NA,NA,1004.4,NA,NA,NA,NA,NA,13.33,NA,NA,NA,NA,NA
1849-06-25 15:00:00,18.89,NA,NA,NA,NA,NA,999.66,NA,NA,NA,NA,NA,21.67,NA,-17.69,NA,NA,NA
1849-06-25 21:00:00,18.33,NA,NA,NA,NA,NA,1000.34,NA,NA,NA,NA,NA,12.78,NA,NA,NA,NA,NA
1849-06-26,NA,NA,NA,NA,NA,NA,NA,NA,"empty","noon",NA,0,NA,12.78,NA,NA,NA,NA
1849-06-26 06:00:00,17.78,NA,NA,NA,NA,NA,998.31,NA,NA,NA,NA,NA,7.78,NA,NA,NA,NA,NA
1849-06-26 09:00:00,17.78,NA,NA,NA,NA,NA,997.97,NA,NA,NA,NA,NA,18.33,NA,NA,NA,NA,NA
1849-06-26 15:00:00,17.78,NA,NA,NA,NA,NA,998.31,NA,NA,NA,NA,NA,16.11,NA,-17.72,NA,NA,NA
1849-06-26 21:00:00,17.22,NA,NA,NA,NA,NA,1000,NA,NA,NA,NA,NA,8.89,NA,NA,NA,NA,NA
1849-06-27,NA,NA,NA,NA,NA,NA,NA,NA,"all day","empty",NA,3.68,NA,12.36,NA,NA,NA,NA
1849-06-27 06:00:00,17.22,NA,NA,NA,NA,NA,1001.02,NA,NA,NA,NA,NA,6.67,NA,NA,NA,NA,NA
1849-06-27 09:00:00,17.22,NA,NA,NA,NA,NA,998.31,NA,NA,NA,NA,NA,15.56,NA,NA,NA,NA,NA
1849-06-27 15:00:00,17.22,NA,NA,NA,NA,NA,1001.69,NA,NA,NA,NA,NA,17.22,NA,-17.72,NA,NA,NA
1849-06-27 21:00:00,16.67,NA,NA,NA,NA,NA,1003.39,NA,NA,NA,NA,NA,10,NA,NA,NA,NA,NA
1849-06-28,NA,NA,NA,NA,NA,NA,NA,NA,NA,NA,NA,0.89,NA,10.42,NA,NA,NA,NA
1849-06-28 06:00:00,16.11,NA,NA,NA,NA,NA,1008.47,NA,NA,NA,NA,NA,7.22,NA,NA,NA,NA,NA
1849-06-28 09:00:00,16.67,NA,NA,NA,NA,NA,1009.82,NA,NA,NA,NA,NA,12.78,NA,NA,NA,NA,NA
1849-06-28 15:00:00,16.11,NA,NA,NA,NA,NA,1011.85,NA,NA,NA,NA,NA,15,NA,-17.74,NA,NA,NA
1849-06-28 21:00:00,15.56,NA,NA,NA,NA,NA,1012.87,NA,NA,NA,NA,NA,6.67,NA,NA,NA,NA,NA
1849-06-29,NA,NA,NA,NA,NA,NA,NA,NA,NA,NA,NA,NA,NA,12.08,NA,NA,NA,",sh,"
1849-06-29 06:00:00,15,NA,NA,NA,NA,NA,1012.19,NA,NA,NA,NA,NA,1.11,NA,NA,NA,NA,NA
1849-06-29 09:00:00,15,NA,NA,NA,NA,NA,1011.85,NA,NA,NA,NA,NA,16.67,NA,NA,NA,NA,NA
1849-06-29 15:00:00,15.56,NA,NA,NA,NA,NA,1010.16,NA,NA,NA,NA,NA,20.56,NA,-17.69,NA,NA,NA
1849-06-29 21:00:00,15.56,NA,NA,NA,NA,NA,1008.81,NA,NA,NA,NA,NA,10,NA,NA,NA,NA,NA
1849-06-30,NA,NA,NA,NA,NA,NA,NA,NA,"sunrise","empty",NA,NA,NA,13.89,NA,NA,NA,NA
1849-06-30 06:00:00,15,NA,NA,NA,NA,NA,1006.1,NA,NA,NA,NA,NA,2.22,NA,NA,NA,NA,NA
1849-06-30 09:00:00,15,NA,NA,NA,NA,NA,1004.74,NA,NA,NA,NA,NA,17.22,NA,NA,NA,NA,NA
1849-06-30 15:00:00,17.22,NA,270,NA,NA,NA,1000.68,NA,NA,NA,NA,NA,22.78,NA,-17.71,NA,NA,NA
1849-06-30 21:00:00,16.67,NA,NA,NA,NA,NA,1001.69,NA,NA,NA,NA,NA,13.33,NA,NA,NA,NA,NA
1849-07-01,NA,NA,NA,NA,NA,3.3,NA,NA,"noon","2 pm",NA,0.05,NA,15.14,NA,NA,NA,",sh,"
1849-07-01 06:00:00,16.67,NA,NA,NA,NA,NA,998.65,NA,NA,NA,NA,NA,10.56,NA,NA,NA,NA,NA
1849-07-01 09:00:00,16.67,NA,NA,NA,NA,NA,998.31,NA,NA,NA,NA,NA,16.67,NA,NA,NA,NA,NA
1849-07-01 15:00:00,17.22,NA,NA,NA,NA,NA,999.66,NA,NA,NA,NA,NA,21.11,NA,NA,NA,NA,NA
1849-07-01 21:00:00,17.22,NA,NA,NA,NA,NA,1003.05,NA,NA,NA,NA,NA,12.22,NA,NA,NA,NA,NA
1849-07-02,NA,NA,NA,NA,NA,2.03,NA,NA,"empty","empty",NA,1.4,NA,15.28,NA,NA,NA,NA
1849-07-02 06:00:00,16.67,NA,NA,NA,NA,NA,1004.06,NA,NA,NA,NA,NA,9.44,NA,NA,NA,NA,NA
1849-07-02 09:00:00,16.67,NA,NA,NA,NA,NA,1004.06,NA,NA,NA,NA,NA,18.33,NA,NA,NA,NA,NA
1849-07-02 15:00:00,16.67,NA,NA,NA,NA,NA,1007.45,NA,NA,NA,NA,NA,21.11,NA,NA,NA,NA,NA
1849-07-02 21:00:00,16.67,NA,NA,NA,NA,NA,1009.14,NA,NA,NA,NA,NA,12.22,NA,NA,NA,NA,NA
1849-07-03,NA,NA,NA,NA,NA,0.51,NA,NA,"noon","noon",NA,0,NA,12.08,NA,NA,NA,",ra,"
1849-07-03 06:00:00,16.67,NA,NA,NA,NA,NA,1010.84,NA,NA,NA,NA,NA,11.11,NA,NA,NA,NA,NA
1849-07-03 09:00:00,16.67,NA,NA,NA,NA,NA,1012.53,NA,NA,NA,NA,NA,12.22,NA,NA,NA,NA,NA
1849-07-03 15:00:00,16.67,NA,NA,NA,NA,NA,1013.55,NA,NA,NA,NA,NA,13.89,NA,NA,NA,NA,NA
1849-07-03 21:00:00,16.67,NA,NA,NA,NA,NA,1016.26,NA,NA,NA,NA,NA,11.11,NA,NA,NA,NA,NA
1849-07-04,NA,NA,NA,NA,NA,4.06,NA,NA,"empty","empty",NA,0.05,NA,15.28,NA,NA,NA,",frst,"
1849-07-04 06:00:00,15.56,NA,NA,NA,NA,NA,1017.61,NA,NA,NA,NA,NA,3.33,NA,NA,NA,NA,NA
1849-07-04 09:00:00,16.11,NA,NA,NA,NA,NA,1017.95,NA,NA,NA,NA,NA,17.78,NA,NA,NA,NA,NA
1849-07-04 15:00:00,19.44,NA,NA,NA,NA,NA,1018.63,NA,NA,NA,NA,NA,24.44,NA,NA,NA,NA,NA
1849-07-04 21:00:00,19.44,NA,NA,NA,NA,NA,1019.98,NA,NA,NA,NA,NA,15.56,NA,NA,NA,NA,NA
1849-07-05,NA,NA,NA,NA,NA,9.91,NA,NA,"empty","empty",NA,0,NA,20.69,NA,NA,NA,NA
1849-07-05 06:00:00,18.33,NA,NA,NA,NA,NA,1022.35,NA,NA,NA,NA,NA,9.44,NA,NA,NA,NA,NA
1849-07-05 09:00:00,19.44,NA,NA,NA,NA,NA,1023.03,NA,NA,NA,NA,NA,23.33,NA,NA,NA,NA,NA
1849-07-05 15:00:00,24.44,NA,NA,NA,NA,NA,1022.35,NA,NA,NA,NA,NA,28.89,NA,NA,NA,NA,NA
1849-07-05 21:00:00,24.44,NA,NA,NA,NA,NA,1022.35,NA,NA,NA,NA,NA,21.11,NA,NA,NA,NA,NA
1849-07-06,NA,NA,NA,NA,NA,8.13,NA,NA,"empty","empty",NA,0,NA,25.28,NA,NA,NA,NA
1849-07-06 06:00:00,23.89,NA,NA,NA,NA,NA,1021.67,NA,NA,NA,NA,NA,19.44,NA,NA,NA,NA,NA
1849-07-06 09:00:00,24.44,NA,NA,NA,NA,NA,1021,NA,NA,NA,NA,NA,28.33,NA,NA,NA,NA,NA
1849-07-06 15:00:00,27.22,NA,NA,NA,NA,NA,1018.63,NA,NA,NA,NA,NA,33.33,NA,NA,NA,NA,NA
1849-07-06 21:00:00,24.44,NA,NA,NA,NA,NA,1016.26,NA,NA,NA,NA,NA,20,NA,NA,NA,NA,NA
1849-07-07,NA,NA,NA,NA,NA,8.64,NA,NA,"empty","empty",NA,0,NA,22.08,NA,NA,NA,NA
1849-07-07 06:00:00,21.67,NA,NA,NA,NA,NA,1014.9,NA,NA,NA,NA,NA,15,NA,NA,NA,NA,NA
1849-07-07 09:00:00,21.67,NA,NA,NA,NA,NA,1014.56,NA,NA,NA,NA,NA,24.44,NA,NA,NA,NA,NA
1849-07-07 15:00:00,24.44,NA,NA,NA,NA,NA,1012.19,NA,NA,NA,NA,NA,29.44,NA,NA,NA,NA,NA
1849-07-07 21:00:00,23.89,NA,NA,NA,NA,NA,1013.88,NA,NA,NA,NA,NA,19.44,NA,NA,NA,NA,NA
1849-07-08,NA,NA,NA,NA,NA,7.87,NA,NA,"3 pm","4 pm",NA,0,NA,21.11,NA,NA,NA,",ra,"
1849-07-08 06:00:00,22.22,NA,NA,NA,NA,NA,1014.9,NA,NA,NA,NA,NA,15.56,NA,NA,NA,NA,NA
1849-07-08 09:00:00,22.22,NA,NA,NA,NA,NA,1015.58,NA,NA,NA,NA,NA,22.22,NA,NA,NA,NA,NA
1849-07-08 15:00:00,24.44,NA,NA,NA,NA,NA,1016.26,NA,NA,NA,NA,NA,28.33,NA,NA,NA,NA,NA
1849-07-08 21:00:00,22.78,NA,NA,NA,NA,NA,1018.63,NA,NA,NA,NA,NA,18.33,NA,NA,NA,NA,NA
1849-07-09,NA,NA,NA,NA,NA,3.3,NA,NA,"empty","empty",NA,0.05,NA,21.11,NA,NA,NA,NA
1849-07-09 06:00:00,22.22,NA,NA,NA,NA,NA,1021,NA,NA,NA,NA,NA,15.56,NA,NA,NA,NA,NA
1849-07-09 09:00:00,21.11,NA,NA,NA,NA,NA,1021.67,NA,NA,NA,NA,NA,22.78,NA,NA,NA,NA,NA
1849-07-09 15:00:00,22.78,NA,NA,NA,NA,NA,1021,NA,NA,NA,NA,NA,27.22,NA,NA,NA,NA,NA
1849-07-09 21:00:00,21.11,NA,NA,NA,NA,NA,1020.66,NA,NA,NA,NA,NA,18.89,NA,NA,NA,NA,NA
1849-07-10,NA,NA,NA,NA,NA,10.41,NA,NA,"empty","empty",NA,0,NA,23.75,NA,NA,NA,NA
1849-07-10 06:00:00,22.22,NA,NA,NA,NA,NA,1019.64,NA,NA,NA,NA,NA,16.11,NA,NA,NA,NA,NA
1849-07-10 09:00:00,22.22,NA,NA,NA,NA,NA,1018.96,NA,NA,NA,NA,NA,25,NA,NA,NA,NA,NA
1849-07-10 15:00:00,26.11,NA,NA,NA,NA,NA,1014.56,NA,NA,NA,NA,NA,31.67,NA,NA,NA,NA,NA
1849-07-10 21:00:00,23.89,NA,NA,NA,NA,NA,1012.87,NA,NA,NA,NA,NA,22.22,NA,NA,NA,NA,NA
1849-07-11,NA,NA,NA,NA,NA,6.1,NA,NA,"empty","empty",NA,0,NA,22.78,NA,NA,NA,NA
1849-07-11 06:00:00,22.78,NA,NA,NA,NA,NA,1012.19,NA,NA,NA,NA,NA,17.78,NA,NA,NA,NA,NA
1849-07-11 09:00:00,24.44,NA,NA,NA,NA,NA,1013.88,NA,NA,NA,NA,NA,28.33,NA,NA,NA,NA,NA
1849-07-11 15:00:00,25,NA,NA,NA,NA,NA,1015.24,NA,NA,NA,NA,NA,28.89,NA,NA,NA,NA,NA
1849-07-11 21:00:00,22.78,NA,NA,NA,NA,NA,1018.29,NA,NA,NA,NA,NA,16.11,NA,NA,NA,NA,NA
1849-07-12,NA,NA,NA,NA,NA,5.33,NA,NA,"empty","empty",NA,0,NA,23.33,NA,NA,NA,",lt,"
1849-07-12 06:00:00,20.56,NA,NA,NA,NA,NA,1018.96,NA,NA,NA,NA,NA,10.56,NA,NA,NA,NA,NA
1849-07-12 09:00:00,22.22,NA,NA,NA,NA,NA,1018.29,NA,NA,NA,NA,NA,27.78,NA,NA,NA,NA,NA
1849-07-12 15:00:00,22.78,NA,NA,NA,NA,NA,1014.9,NA,NA,NA,NA,NA,32.78,NA,NA,NA,NA,NA
1849-07-12 21:00:00,24.44,NA,NA,NA,NA,NA,1010.16,NA,NA,NA,NA,NA,20,NA,NA,NA,NA,NA
1849-07-13,NA,NA,NA,NA,NA,6.35,NA,NA,"2 am","2 am",NA,0,NA,27.92,NA,NA,NA,",ra,"
1849-07-13 06:00:00,24.44,NA,NA,NA,NA,NA,1007.79,NA,NA,NA,NA,NA,18.89,NA,NA,NA,NA,NA
1849-07-13 09:00:00,24.44,NA,NA,NA,NA,NA,1007.45,NA,NA,NA,NA,NA,30,NA,NA,NA,NA,NA
1849-07-13 15:00:00,27.22,NA,NA,NA,NA,NA,1005.76,NA,NA,NA,NA,NA,36.67,NA,NA,NA,NA,NA
1849-07-13 21:00:00,26.67,NA,NA,NA,NA,NA,1004.06,NA,NA,NA,NA,NA,26.11,NA,NA,NA,NA,NA
1849-07-14,NA,NA,NA,NA,NA,5.59,NA,NA,"4 pm","6 pm",NA,1.27,NA,21.25,NA,NA,NA,NA
1849-07-14 06:00:00,26.11,NA,NA,NA,NA,NA,1002.71,NA,NA,NA,NA,NA,21.11,NA,NA,NA,NA,NA
1849-07-14 09:00:00,26.11,NA,NA,NA,NA,NA,1003.05,NA,NA,NA,NA,NA,30.56,NA,NA,NA,NA,NA
1849-07-14 15:00:00,23.89,NA,NA,NA,NA,NA,1006.77,NA,NA,NA,NA,NA,18.89,NA,NA,NA,NA,NA
1849-07-14 21:00:00,21.67,NA,NA,NA,NA,NA,1009.14,NA,NA,NA,NA,NA,14.44,NA,NA,NA,NA,NA
1849-07-15,NA,NA,NA,NA,NA,3.81,NA,NA,"2am | 10pm","5 am",NA,5.33,NA,14.44,NA,NA,NA,NA
1849-07-15 06:00:00,21.11,NA,NA,NA,NA,NA,1011.51,NA,NA,NA,NA,NA,11.67,NA,NA,NA,NA,NA
1849-07-15 09:00:00,21.11,NA,NA,NA,NA,NA,1012.53,NA,NA,NA,NA,NA,18.33,NA,NA,NA,NA,NA
1849-07-15 15:00:00,20,NA,NA,NA,NA,NA,1013.88,NA,NA,NA,NA,NA,17.22,NA,NA,NA,NA,NA
1849-07-15 21:00:00,20,NA,NA,NA,NA,NA,1014.56,NA,NA,NA,NA,NA,12.78,NA,NA,NA,NA,NA
1849-07-16,NA,NA,NA,NA,NA,1.02,NA,NA,NA,"5 pm",NA,5.41,NA,12.5,NA,NA,NA,NA
1849-07-16 06:00:00,19.44,NA,NA,NA,NA,NA,1012.19,NA,NA,NA,NA,NA,10.56,NA,NA,NA,NA,NA
1849-07-16 09:00:00,19.44,NA,NA,NA,NA,NA,1011.85,NA,NA,NA,NA,NA,12.78,NA,NA,NA,NA,NA
1849-07-16 15:00:00,17.78,NA,NA,NA,NA,NA,1010.16,NA,NA,NA,NA,NA,13.89,NA,NA,NA,NA,NA
1849-07-16 21:00:00,18.33,NA,NA,NA,NA,NA,1009.82,NA,NA,NA,NA,NA,12.78,NA,NA,NA,NA,NA
1849-07-17,NA,NA,NA,NA,NA,2.29,NA,NA,NA,"11 pm",NA,8.66,NA,16.81,NA,NA,NA,NA
1849-07-17 06:00:00,17.78,NA,NA,NA,NA,NA,1009.48,NA,NA,NA,NA,NA,10,NA,NA,NA,NA,NA
1849-07-17 09:00:00,18.33,NA,NA,NA,NA,NA,1010.84,NA,NA,NA,NA,NA,18.33,NA,NA,NA,NA,NA
1849-07-17 15:00:00,17.78,NA,NA,NA,NA,NA,1010.5,NA,NA,NA,NA,NA,23.33,NA,NA,NA,NA,NA
1849-07-17 21:00:00,19.44,NA,NA,NA,NA,NA,1010.16,NA,NA,NA,NA,NA,15.56,NA,NA,NA,NA,NA
1849-07-18,NA,NA,NA,NA,NA,6.1,NA,NA,"empty","empty",NA,0.89,NA,20.42,NA,NA,NA,NA
1849-07-18 06:00:00,19.44,NA,NA,NA,NA,NA,1011.85,NA,NA,NA,NA,NA,12.22,NA,NA,NA,NA,NA
1849-07-18 09:00:00,19.44,NA,NA,NA,NA,NA,1013.88,NA,NA,NA,NA,NA,22.22,NA,NA,NA,NA,NA
1849-07-18 15:00:00,19.44,NA,NA,NA,NA,NA,1013.88,NA,NA,NA,NA,NA,28.33,NA,NA,NA,NA,NA
1849-07-18 21:00:00,21.67,NA,NA,NA,NA,NA,1017.95,NA,NA,NA,NA,NA,17.78,NA,NA,NA,NA,NA
1849-07-19,NA,NA,NA,NA,NA,7.37,NA,NA,"empty","empty",NA,0,NA,21.25,NA,NA,NA,",hz,"
1849-07-19 06:00:00,21.11,NA,NA,NA,NA,NA,1019.3,NA,NA,NA,NA,NA,12.78,NA,NA,NA,NA,NA
1849-07-19 09:00:00,21.11,NA,NA,NA,NA,NA,1019.64,NA,NA,NA,NA,NA,22.78,NA,NA,NA,NA,NA
1849-07-19 15:00:00,25,NA,NA,NA,NA,NA,1018.29,NA,NA,NA,NA,NA,29.44,NA,NA,NA,NA,NA
1849-07-19 21:00:00,23.89,NA,NA,NA,NA,NA,1018.29,NA,NA,NA,NA,NA,20,NA,NA,NA,NA,NA
1849-07-20,NA,NA,NA,NA,NA,7.62,NA,NA,"empty","empty",NA,0,NA,24.44,NA,NA,NA,",fu,"
1849-07-20 06:00:00,22.78,NA,NA,NA,NA,NA,1016.93,NA,NA,NA,NA,NA,16.11,NA,NA,NA,NA,NA
1849-07-20 09:00:00,23.33,NA,NA,NA,NA,NA,1016.59,NA,NA,NA,NA,NA,27.22,NA,NA,NA,NA,NA
1849-07-20 15:00:00,27.22,NA,NA,NA,NA,NA,1014.9,NA,NA,NA,NA,NA,32.78,NA,NA,NA,NA,NA
1849-07-20 21:00:00,25.56,NA,NA,NA,NA,NA,1013.88,NA,NA,NA,NA,NA,21.67,NA,NA,NA,NA,NA
1849-07-21,NA,NA,NA,NA,NA,6.1,NA,NA,"6 pm","empty",NA,0,NA,22.5,NA,NA,NA,NA
1849-07-21 06:00:00,22.22,NA,NA,NA,NA,NA,1011.51,NA,NA,NA,NA,NA,16.11,NA,NA,NA,NA,NA
1849-07-21 09:00:00,23.89,NA,NA,NA,NA,NA,1010.84,NA,NA,NA,NA,NA,23.33,NA,NA,NA,NA,NA
1849-07-21 15:00:00,25,NA,NA,NA,NA,NA,1009.48,NA,NA,NA,NA,NA,29.44,NA,NA,NA,NA,NA
1849-07-21 21:00:00,24.44,NA,NA,NA,NA,NA,1007.45,NA,NA,NA,NA,NA,21.11,NA,NA,NA,NA,NA
1849-07-22,NA,NA,NA,NA,NA,2.29,NA,NA,"empty","3 am",NA,0,NA,22.92,NA,NA,NA,NA
1849-07-22 06:00:00,23.33,NA,NA,NA,NA,NA,1007.11,NA,NA,NA,NA,NA,18.33,NA,NA,NA,NA,NA
1849-07-22 09:00:00,23.33,NA,NA,NA,NA,NA,1009.14,NA,NA,NA,NA,NA,25,NA,NA,NA,NA,NA
1849-07-22 15:00:00,23.89,NA,NA,NA,NA,NA,1007.11,NA,NA,NA,NA,NA,28.33,NA,NA,NA,NA,NA
1849-07-22 21:00:00,22.78,NA,NA,NA,NA,NA,1009.48,NA,NA,NA,NA,NA,20,NA,NA,NA,NA,NA
1849-07-23,NA,NA,NA,NA,NA,5.59,NA,NA,"7 pm","11 pm",NA,20.83,NA,20.28,NA,NA,NA,NA
1849-07-23 06:00:00,22.78,NA,NA,NA,NA,NA,1017.27,NA,NA,NA,NA,NA,16.11,NA,NA,NA,NA,NA
1849-07-23 09:00:00,22.22,NA,NA,NA,NA,NA,1018.96,NA,NA,NA,NA,NA,23.33,NA,NA,NA,NA,NA
1849-07-23 15:00:00,22.22,NA,NA,NA,NA,NA,1020.66,NA,NA,NA,NA,NA,25,NA,NA,NA,NA,NA
1849-07-23 21:00:00,21.11,NA,NA,NA,NA,NA,1021.67,NA,NA,NA,NA,NA,16.67,NA,NA,NA,NA,NA
1849-07-24,NA,NA,NA,NA,NA,3.05,NA,NA,"empty","empty",NA,1.52,NA,17.5,NA,NA,NA,NA
1849-07-24 06:00:00,20.56,NA,NA,NA,NA,NA,1021,NA,NA,NA,NA,NA,15,NA,NA,NA,NA,NA
1849-07-24 09:00:00,20.56,NA,NA,NA,NA,NA,1022.01,NA,NA,NA,NA,NA,18.33,NA,NA,NA,NA,NA
1849-07-24 15:00:00,21.11,NA,NA,NA,NA,NA,1021.67,NA,NA,NA,NA,NA,22.78,NA,NA,NA,NA,NA
1849-07-24 21:00:00,20.56,NA,NA,NA,NA,NA,1022.01,NA,NA,NA,NA,NA,13.89,NA,NA,NA,NA,NA
1849-07-25,NA,NA,NA,NA,NA,6.6,NA,NA,"empty","empty",NA,0,NA,18.89,NA,NA,NA,",frst,"
1849-07-25 06:00:00,20,NA,NA,NA,NA,NA,1022.69,NA,NA,NA,NA,NA,7.78,NA,NA,NA,NA,NA
1849-07-25 09:00:00,20,NA,NA,NA,NA,NA,1023.03,NA,NA,NA,NA,NA,22.22,NA,NA,NA,NA,NA
1849-07-25 15:00:00,23.33,NA,NA,NA,NA,NA,1021.33,NA,NA,NA,NA,NA,28.33,NA,NA,NA,NA,NA
1849-07-25 21:00:00,22.78,NA,NA,NA,NA,NA,1022.01,NA,NA,NA,NA,NA,17.22,NA,NA,NA,NA,NA
1849-07-26,NA,NA,NA,NA,NA,4.83,NA,NA,"empty","empty",NA,0,NA,18.89,NA,NA,NA,NA
1849-07-26 06:00:00,21.11,NA,NA,NA,NA,NA,1019.98,NA,NA,NA,NA,NA,8.89,NA,NA,NA,NA,NA
1849-07-26 09:00:00,20,NA,NA,NA,NA,NA,1018.96,NA,NA,NA,NA,NA,20.56,NA,NA,NA,NA,NA
1849-07-26 15:00:00,23.33,NA,NA,NA,NA,NA,1015.58,NA,NA,NA,NA,NA,28.33,NA,-17.67,NA,NA,NA
1849-07-26 21:00:00,21.11,NA,NA,NA,NA,NA,1013.55,NA,NA,NA,NA,NA,17.78,NA,NA,NA,NA,NA
1849-07-27,NA,NA,NA,NA,NA,3.56,NA,NA,"6 am","10 am",NA,0,NA,21.81,NA,NA,NA,NA
1849-07-27 06:00:00,22.22,NA,NA,NA,NA,NA,1007.79,NA,NA,NA,NA,NA,17.78,NA,NA,NA,NA,NA
1849-07-27 09:00:00,22.22,NA,NA,NA,NA,NA,1006.43,NA,NA,NA,NA,NA,21.11,NA,NA,NA,NA,NA
1849-07-27 15:00:00,22.22,NA,NA,NA,NA,NA,1004.4,NA,NA,NA,NA,NA,28.89,NA,NA,NA,NA,NA
1849-07-27 21:00:00,22.78,NA,NA,NA,NA,NA,1006.77,NA,NA,NA,NA,NA,19.44,NA,NA,NA,NA,NA
1849-07-28,NA,NA,NA,NA,NA,4.32,NA,NA,"empty","empty",NA,1.22,NA,20.14,NA,NA,NA,",halo,"
1849-07-28 06:00:00,22.22,NA,NA,NA,NA,NA,1010.16,NA,NA,NA,NA,NA,12.78,NA,NA,NA,NA,NA
1849-07-28 09:00:00,22.22,NA,NA,NA,NA,NA,1011.85,NA,NA,NA,NA,NA,24.44,NA,NA,NA,NA,NA
1849-07-28 15:00:00,23.33,NA,NA,NA,NA,NA,1011.51,NA,NA,NA,NA,NA,27.22,NA,NA,NA,NA,NA
1849-07-28 21:00:00,21.67,NA,NA,NA,NA,NA,1012.87,NA,NA,NA,NA,NA,16.11,NA,NA,NA,NA,NA
1849-07-29,NA,NA,NA,NA,NA,9.91,NA,NA,"empty","empty",NA,0,NA,20.56,NA,NA,NA,NA
1849-07-29 06:00:00,21.11,NA,NA,NA,NA,NA,1012.53,NA,NA,NA,NA,NA,10,NA,NA,NA,NA,NA
1849-07-29 09:00:00,21.11,NA,NA,NA,NA,NA,1012.53,NA,NA,NA,NA,NA,24.44,NA,NA,NA,NA,NA
1849-07-29 15:00:00,25,NA,NA,NA,NA,NA,1011.18,NA,NA,NA,NA,NA,28.33,NA,-17.56,NA,NA,NA
1849-07-29 21:00:00,23.33,NA,NA,NA,NA,NA,1011.85,NA,NA,NA,NA,NA,19.44,NA,NA,NA,NA,NA
1849-07-30,NA,NA,NA,NA,NA,6.1,NA,NA,"empty","empty",NA,0,NA,21.94,NA,NA,NA,NA
1849-07-30 06:00:00,22.22,NA,NA,NA,NA,NA,1014.56,NA,NA,NA,NA,NA,13.89,NA,NA,NA,NA,NA
1849-07-30 09:00:00,22.22,NA,NA,NA,NA,NA,1015.24,NA,NA,NA,NA,NA,25.56,NA,NA,NA,NA,NA
1849-07-30 15:00:00,23.89,NA,NA,NA,NA,NA,1015.24,NA,NA,NA,NA,NA,28.33,NA,NA,NA,NA,NA
1849-07-30 21:00:00,23.89,NA,NA,NA,NA,NA,1015.24,NA,NA,NA,NA,NA,20,NA,NA,NA,NA,NA
1849-07-31,NA,NA,NA,NA,NA,6.1,NA,NA,"empty","empty",NA,0,NA,23.19,NA,NA,NA,",ra,"
1849-07-31 06:00:00,22.78,NA,NA,NA,NA,NA,1014.9,NA,NA,NA,NA,NA,15,NA,NA,NA,NA,NA
1849-07-31 09:00:00,22.22,NA,NA,NA,NA,NA,1014.22,NA,NA,NA,NA,NA,26.67,NA,NA,NA,NA,NA
1849-07-31 15:00:00,24.44,NA,NA,NA,NA,NA,1011.85,NA,NA,NA,NA,NA,30,NA,NA,NA,NA,NA
1849-07-31 21:00:00,24.44,NA,NA,NA,NA,NA,1013.21,NA,NA,NA,NA,NA,21.11,NA,NA,NA,NA,NA
1849-08-01,NA,NA,NA,NA,NA,NA,NA,NA,"4 am","11 pm",NA,0,NA,19.17,NA,NA,NA,NA
1849-08-01 06:00:00,23.89,NA,NA,NA,NA,NA,1012.53,NA,NA,NA,NA,NA,17.78,NA,NA,NA,NA,NA
1849-08-01 09:00:00,23.33,NA,NA,NA,NA,NA,1013.21,NA,NA,NA,NA,NA,22.22,NA,NA,NA,NA,NA
1849-08-01 15:00:00,22.22,NA,NA,NA,NA,NA,1013.55,NA,NA,NA,NA,NA,20,NA,-17.73,NA,NA,NA
1849-08-01 21:00:00,21.11,NA,NA,NA,NA,NA,1015.24,NA,NA,NA,NA,NA,16.67,NA,NA,NA,NA,NA
1849-08-02,NA,NA,NA,NA,NA,NA,NA,NA,"empty","empty",NA,3.48,NA,16.39,NA,NA,NA,NA
1849-08-02 06:00:00,21.11,NA,NA,NA,NA,NA,1015.24,NA,NA,NA,NA,NA,13.33,NA,NA,NA,NA,NA
1849-08-02 09:00:00,21.11,NA,NA,NA,NA,NA,1017.27,NA,NA,NA,NA,NA,21.11,NA,NA,NA,NA,NA
1849-08-02 15:00:00,21.11,NA,NA,NA,NA,NA,1017.61,NA,NA,NA,NA,NA,21.11,NA,-17.69,NA,NA,NA
1849-08-02 21:00:00,21.11,NA,NA,NA,NA,NA,1017.95,NA,NA,NA,NA,NA,13.33,NA,NA,NA,NA,NA
1849-08-03,NA,NA,NA,NA,NA,NA,NA,NA,"empty","empty",NA,0,NA,18.19,NA,NA,NA,NA
1849-08-03 06:00:00,20,NA,NA,NA,NA,NA,1017.95,NA,NA,NA,NA,NA,8.89,NA,NA,NA,NA,NA
1849-08-03 09:00:00,20.56,NA,NA,NA,NA,NA,1018.29,NA,NA,NA,NA,NA,21.11,NA,NA,NA,NA,NA
1849-08-03 15:00:00,22.22,NA,NA,NA,NA,NA,1017.27,NA,NA,NA,NA,NA,25.56,NA,-17.71,NA,NA,NA
1849-08-03 21:00:00,21.67,NA,NA,NA,NA,NA,1017.61,NA,NA,NA,NA,NA,17.22,NA,NA,NA,NA,NA
1849-08-04,NA,NA,NA,NA,NA,NA,NA,NA,"empty","empty",NA,0,NA,20.28,NA,NA,NA,NA
1849-08-04 06:00:00,21.67,NA,NA,NA,NA,NA,1016.59,NA,NA,NA,NA,NA,10,NA,NA,NA,NA,NA
1849-08-04 09:00:00,21.67,NA,NA,NA,NA,NA,1015.24,NA,NA,NA,NA,NA,23.89,NA,NA,NA,NA,NA
1849-08-04 15:00:00,24.44,NA,NA,NA,NA,NA,1013.55,NA,NA,NA,NA,NA,30.56,NA,-17.6,NA,NA,NA
1849-08-04 21:00:00,23.33,NA,NA,NA,NA,NA,1014.56,NA,NA,NA,NA,NA,16.67,NA,NA,NA,NA,NA
1849-08-05,NA,NA,NA,NA,NA,NA,NA,NA,"11 am","3 pm",NA,0,NA,16.81,NA,NA,NA,NA
1849-08-05 06:00:00,21.67,NA,NA,NA,NA,NA,1013.55,NA,NA,NA,NA,NA,11.11,NA,NA,NA,NA,NA
1849-08-05 09:00:00,21.11,NA,NA,NA,NA,NA,1013.88,NA,NA,NA,NA,NA,24.44,NA,NA,NA,NA,NA
1849-08-05 15:00:00,18.89,NA,NA,NA,NA,NA,1014.9,NA,NA,NA,NA,NA,16.67,NA,-17.72,NA,NA,NA
1849-08-05 21:00:00,19.44,NA,NA,NA,NA,NA,1015.58,NA,NA,NA,NA,NA,15,NA,NA,NA,NA,NA
1849-08-06,NA,NA,NA,NA,NA,NA,NA,NA,"empty","empty",NA,0.76,NA,16.53,NA,NA,NA,NA
1849-08-06 06:00:00,19.44,NA,NA,NA,NA,NA,1015.24,NA,NA,NA,NA,NA,9.44,NA,NA,NA,NA,NA
1849-08-06 09:00:00,19.44,NA,NA,NA,NA,NA,1015.24,NA,NA,NA,NA,NA,21.11,NA,NA,NA,NA,NA
1849-08-06 15:00:00,20.56,NA,NA,NA,NA,NA,1013.88,NA,NA,NA,NA,NA,21.11,NA,-17.72,NA,NA,NA
1849-08-06 21:00:00,19.44,NA,NA,NA,NA,NA,1013.88,NA,NA,NA,NA,NA,14.44,NA,NA,NA,NA,NA
1849-08-07,NA,NA,NA,NA,NA,NA,NA,NA,"11 am","2 pm",NA,0,NA,15.69,NA,NA,NA,NA
1849-08-07 06:00:00,19.44,NA,NA,NA,NA,NA,1013.55,NA,NA,NA,NA,NA,8.33,NA,NA,NA,NA,NA
1849-08-07 09:00:00,18.33,NA,NA,NA,NA,NA,1013.21,NA,NA,NA,NA,NA,18.33,NA,NA,NA,NA,NA
1849-08-07 15:00:00,18.89,NA,NA,NA,NA,NA,1011.85,NA,NA,NA,NA,NA,20.56,NA,-17.71,NA,NA,NA
1849-08-07 21:00:00,18.33,NA,NA,NA,NA,NA,1012.53,NA,NA,NA,NA,NA,15.56,NA,NA,NA,NA,NA
1849-08-08,NA,NA,NA,NA,NA,NA,NA,NA,"2 am","12 am",NA,0.33,NA,16.53,NA,NA,NA,NA
1849-08-08 06:00:00,18.33,NA,NA,NA,NA,NA,1015.24,NA,NA,NA,NA,NA,13.89,NA,NA,NA,NA,NA
1849-08-08 09:00:00,18.33,NA,NA,NA,NA,NA,1012.53,NA,NA,NA,NA,NA,18.33,NA,NA,NA,NA,NA
1849-08-08 15:00:00,18.33,NA,NA,NA,NA,NA,1012.87,NA,NA,NA,NA,NA,19.44,NA,-17.77,NA,NA,NA
1849-08-08 21:00:00,18.33,NA,NA,NA,NA,NA,1014.9,NA,NA,NA,NA,NA,14.44,NA,NA,NA,NA,NA
1849-08-09,NA,NA,NA,NA,NA,NA,NA,NA,"empty","empty",NA,2.9,NA,17.08,NA,NA,NA,NA
1849-08-09 06:00:00,18.33,NA,NA,NA,NA,NA,1015.92,NA,NA,NA,NA,NA,12.22,NA,NA,NA,NA,NA
1849-08-09 09:00:00,18.89,NA,NA,NA,NA,NA,1017.61,NA,NA,NA,NA,NA,18.89,NA,NA,NA,NA,NA
1849-08-09 15:00:00,19.44,NA,NA,NA,NA,NA,1017.27,NA,NA,NA,NA,NA,24.44,NA,-17.7,NA,NA,NA
1849-08-09 21:00:00,19.44,NA,NA,NA,NA,NA,1017.61,NA,NA,NA,NA,NA,12.78,NA,NA,NA,NA,NA
1849-08-10,NA,NA,NA,NA,NA,NA,NA,NA,"empty","empty",NA,0,NA,16.25,NA,NA,NA,NA
1849-08-10 06:00:00,18.89,NA,NA,NA,NA,NA,1017.95,NA,NA,NA,NA,NA,7.78,NA,NA,NA,NA,NA
1849-08-10 09:00:00,18.89,NA,NA,NA,NA,NA,1015.92,NA,NA,NA,NA,NA,18.33,NA,NA,NA,NA,NA
1849-08-10 15:00:00,18.33,NA,NA,NA,NA,NA,1018.29,NA,NA,NA,NA,NA,23.33,NA,-17.7,NA,NA,NA
1849-08-10 21:00:00,18.89,NA,NA,NA,NA,NA,1019.3,NA,NA,NA,NA,NA,15.56,NA,NA,NA,NA,NA
1849-08-11,NA,NA,NA,NA,NA,NA,NA,NA,"12 am","1 pm",NA,0,NA,18.89,NA,NA,NA,NA
1849-08-11 06:00:00,18.89,NA,NA,NA,NA,NA,1019.98,NA,NA,NA,NA,NA,13.33,NA,NA,NA,NA,NA
1849-08-11 09:00:00,18.89,NA,NA,NA,NA,NA,1021.33,NA,NA,NA,NA,NA,19.44,NA,NA,NA,NA,NA
1849-08-11 15:00:00,19.44,NA,NA,NA,NA,NA,1021.33,NA,NA,NA,NA,NA,25,NA,-17.75,NA,NA,NA
1849-08-11 21:00:00,19.44,NA,NA,NA,NA,NA,1023.37,NA,NA,NA,NA,NA,16.67,NA,NA,NA,NA,NA
1849-08-12,NA,NA,NA,NA,NA,NA,NA,NA,"empty","empty",NA,0.13,NA,20.14,NA,NA,NA,NA
1849-08-12 06:00:00,20,NA,NA,NA,NA,NA,1024.04,NA,NA,NA,NA,NA,14.44,NA,NA,NA,NA,NA
1849-08-12 09:00:00,20,NA,NA,NA,NA,NA,1025.06,NA,NA,NA,NA,NA,22.78,NA,NA,NA,NA,NA
1849-08-12 15:00:00,21.11,NA,NA,NA,NA,NA,1024.38,NA,NA,NA,NA,NA,25.56,NA,-17.7,NA,NA,NA
1849-08-12 21:00:00,20.56,NA,NA,NA,NA,NA,1024.38,NA,NA,NA,NA,NA,17.78,NA,NA,NA,NA,NA
1849-08-13,NA,NA,NA,NA,NA,NA,NA,NA,NA,NA,NA,0,NA,20.56,NA,NA,NA,NA
1849-08-13 06:00:00,20.56,NA,NA,NA,NA,NA,1022.01,NA,NA,NA,NA,NA,16.11,NA,NA,NA,NA,NA
1849-08-13 09:00:00,20.56,NA,NA,NA,NA,NA,1021,NA,NA,NA,NA,NA,23.33,NA,NA,NA,NA,NA
1849-08-13 15:00:00,20.56,NA,NA,NA,NA,NA,1018.96,NA,NA,NA,NA,NA,25,NA,-17.73,NA,NA,NA
1849-08-13 21:00:00,20.56,NA,NA,NA,NA,NA,1016.26,NA,NA,NA,NA,NA,17.78,NA,NA,NA,NA,NA
1849-08-14,NA,NA,NA,NA,NA,NA,NA,NA,"6 pm","7 pm | 1 am",NA,NA,NA,22.5,NA,NA,NA,",sh,"
1849-08-14 06:00:00,20.56,NA,NA,NA,NA,NA,1012.53,NA,NA,NA,NA,NA,15.56,NA,NA,NA,NA,NA
1849-08-14 09:00:00,20.56,NA,NA,NA,NA,NA,1011.18,NA,NA,NA,NA,NA,23.89,NA,NA,NA,NA,NA
1849-08-14 15:00:00,23.89,NA,NA,NA,NA,NA,1006.77,NA,NA,NA,NA,NA,30,NA,-17.68,NA,NA,NA
1849-08-14 21:00:00,23.33,NA,NA,NA,NA,NA,1004.4,NA,NA,NA,NA,NA,20.56,NA,NA,NA,NA,NA
1849-08-15,NA,NA,NA,NA,NA,NA,NA,NA,"3 am","7 pm",NA,NA,NA,20.56,NA,NA,NA,",ts,"
1849-08-15 06:00:00,22.78,NA,NA,NA,NA,NA,998.65,NA,NA,NA,NA,NA,18.33,NA,NA,NA,NA,NA
1849-08-15 09:00:00,22.78,NA,NA,NA,NA,NA,997.63,NA,NA,NA,NA,NA,21.67,NA,NA,NA,NA,NA
1849-08-15 15:00:00,22.78,NA,NA,NA,NA,NA,996.95,NA,NA,NA,NA,NA,25,NA,-17.68,NA,NA,NA
1849-08-15 21:00:00,22.78,NA,NA,NA,NA,NA,996.95,NA,NA,NA,NA,NA,17.22,NA,NA,NA,NA,NA
1849-08-16,NA,NA,NA,NA,NA,NA,NA,NA,"empty","7 pm",NA,18.03,NA,17.08,NA,NA,NA,NA
1849-08-16 06:00:00,21.67,NA,NA,NA,NA,NA,995.94,NA,NA,NA,NA,NA,15.56,NA,NA,NA,NA,NA
1849-08-16 09:00:00,21.67,NA,NA,NA,NA,NA,996.61,NA,NA,NA,NA,NA,20.56,NA,NA,NA,NA,NA
1849-08-16 15:00:00,21.11,NA,NA,NA,NA,NA,997.63,NA,NA,NA,NA,NA,18.89,NA,-17.76,NA,NA,NA
1849-08-16 21:00:00,20.56,NA,NA,NA,NA,NA,1003.05,NA,NA,NA,NA,NA,13.33,NA,NA,NA,NA,NA
1849-08-17,NA,NA,NA,NA,NA,NA,NA,NA,"empty","10 pm",NA,1.22,NA,15,NA,NA,NA,NA
1849-08-17 06:00:00,19.44,NA,NA,NA,NA,NA,1005.76,NA,NA,NA,NA,NA,10,NA,NA,NA,NA,NA
1849-08-17 09:00:00,19.44,NA,NA,NA,NA,NA,1008.13,NA,NA,NA,NA,NA,18.33,NA,NA,NA,NA,NA
1849-08-17 15:00:00,19.44,NA,NA,NA,NA,NA,1011.85,NA,NA,NA,NA,NA,19.44,NA,-17.67,NA,NA,NA
1849-08-17 21:00:00,18.33,NA,NA,NA,NA,NA,1014.56,NA,NA,NA,NA,NA,12.22,NA,NA,NA,NA,NA
1849-08-18,NA,NA,NA,NA,NA,NA,NA,NA,"empty","empty",NA,0.25,NA,16.53,NA,NA,NA,NA
1849-08-18 06:00:00,18.33,NA,NA,NA,NA,NA,1016.93,NA,NA,NA,NA,NA,5.56,NA,NA,NA,NA,NA
1849-08-18 09:00:00,18.89,NA,NA,NA,NA,NA,1018.63,NA,NA,NA,NA,NA,20.56,NA,NA,NA,NA,NA
1849-08-18 15:00:00,20.56,NA,NA,NA,NA,NA,1016.93,NA,NA,NA,NA,NA,24.44,NA,-17.7,NA,NA,NA
1849-08-18 21:00:00,20.56,NA,NA,NA,NA,NA,1019.3,NA,NA,NA,NA,NA,15.56,NA,NA,NA,NA,NA
1849-08-19,NA,NA,NA,NA,NA,NA,NA,NA,"empty","empty",NA,0,NA,18.61,NA,NA,NA,NA
1849-08-19 06:00:00,18.89,NA,NA,NA,NA,NA,1016.26,NA,NA,NA,NA,NA,10,NA,NA,NA,NA,NA
1849-08-19 09:00:00,19.44,NA,NA,NA,NA,NA,1017.27,NA,NA,NA,NA,NA,21.11,NA,NA,NA,NA,NA
1849-08-19 15:00:00,25,NA,NA,NA,NA,NA,1019.3,NA,NA,NA,NA,NA,27.78,NA,-17.67,NA,NA,NA
1849-08-19 21:00:00,21.11,NA,NA,NA,NA,NA,1020.66,NA,NA,NA,NA,NA,15.56,NA,NA,NA,NA,NA
1849-08-20,NA,NA,NA,NA,NA,NA,NA,NA,"empty","empty",NA,0,NA,18.19,NA,NA,NA,NA
1849-08-20 06:00:00,20.56,NA,NA,NA,NA,NA,1019.98,NA,NA,NA,NA,NA,10.56,NA,NA,NA,NA,NA
1849-08-20 09:00:00,20,NA,NA,NA,NA,NA,1020.32,NA,NA,NA,NA,NA,21.11,NA,NA,NA,NA,NA
1849-08-20 15:00:00,23.33,NA,NA,NA,NA,NA,1019.3,NA,NA,NA,NA,NA,25,NA,-17.65,NA,NA,NA
1849-08-20 21:00:00,21.67,NA,NA,157.5,NA,NA,1018.63,NA,NA,NA,NA,NA,16.11,NA,NA,NA,NA,NA
1849-08-21,NA,NA,NA,NA,NA,NA,NA,NA,"empty","empty",NA,0.18,NA,19.31,NA,NA,NA,NA
1849-08-21 06:00:00,20.56,NA,NA,NA,NA,NA,1016.93,NA,NA,NA,NA,NA,9.44,NA,NA,NA,NA,NA
1849-08-21 09:00:00,20.56,NA,NA,NA,NA,NA,1015.92,NA,NA,NA,NA,NA,21.11,NA,NA,NA,NA,NA
1849-08-21 15:00:00,22.22,NA,NA,NA,NA,NA,1011.85,NA,NA,NA,NA,NA,26.11,NA,-17.73,NA,NA,NA
1849-08-21 21:00:00,22.22,NA,NA,NA,NA,NA,1009.14,NA,NA,NA,NA,NA,20.56,NA,NA,NA,NA,NA
1849-08-22,NA,NA,NA,NA,NA,NA,NA,NA,"empty","empty",NA,0,NA,19.86,NA,NA,NA,",ra,"
1849-08-22 06:00:00,21.67,NA,NA,NA,NA,NA,1008.13,NA,NA,NA,NA,NA,13.89,NA,NA,NA,NA,NA
1849-08-22 09:00:00,21.67,NA,NA,NA,NA,NA,1008.13,NA,NA,NA,NA,NA,22.78,NA,NA,NA,NA,NA
1849-08-22 15:00:00,22.22,NA,NA,NA,NA,NA,1007.11,NA,NA,NA,NA,NA,25,NA,-17.71,NA,NA,NA
1849-08-22 21:00:00,22.22,NA,NA,NA,NA,NA,1008.47,NA,NA,NA,NA,NA,17.78,NA,NA,NA,NA,NA
1849-08-23,NA,NA,NA,NA,NA,NA,NA,NA,"empty","empty",NA,0,NA,18.33,NA,NA,NA,",halo,"
1849-08-23 06:00:00,21.11,NA,NA,NA,NA,NA,1009.48,NA,NA,NA,NA,NA,12.78,NA,NA,NA,NA,NA
1849-08-23 09:00:00,21.11,NA,NA,NA,NA,NA,1010.84,NA,NA,NA,NA,NA,21.11,NA,NA,NA,NA,NA
1849-08-23 15:00:00,21.67,NA,NA,NA,NA,NA,1010.5,NA,NA,NA,NA,NA,23.89,NA,-17.68,NA,NA,NA
1849-08-23 21:00:00,21.11,NA,NA,NA,NA,NA,1011.85,NA,NA,NA,NA,NA,15.56,NA,NA,NA,NA,NA
1849-08-24,NA,NA,NA,NA,NA,NA,NA,NA,"2 pm","4 pm",NA,0,NA,14.86,NA,NA,NA,NA
1849-08-24 06:00:00,20.56,NA,NA,NA,NA,NA,1011.85,NA,NA,NA,NA,NA,11.11,NA,NA,NA,NA,NA
1849-08-24 09:00:00,20,NA,NA,NA,NA,NA,1012.19,NA,NA,NA,NA,NA,15.56,NA,NA,NA,NA,NA
1849-08-24 15:00:00,19.44,NA,NA,NA,NA,NA,1010.16,NA,NA,NA,NA,NA,17.78,NA,-17.73,NA,NA,NA
1849-08-24 21:00:00,19.44,NA,NA,NA,NA,NA,1009.82,NA,NA,NA,NA,NA,15,NA,NA,NA,NA,NA
1849-08-25,NA,NA,NA,NA,NA,NA,NA,NA,"empty","empty",NA,0.2,NA,15.97,NA,NA,NA,NA
1849-08-25 06:00:00,19.44,NA,NA,NA,NA,NA,1007.79,NA,NA,NA,NA,NA,12.78,NA,NA,NA,NA,NA
1849-08-25 09:00:00,19.44,NA,NA,NA,NA,NA,1006.77,NA,NA,NA,NA,NA,17.78,NA,NA,NA,NA,NA
1849-08-25 15:00:00,18.89,NA,NA,NA,NA,NA,1005.42,NA,NA,NA,NA,NA,19.44,NA,-17.71,NA,NA,NA
1849-08-25 21:00:00,18.89,NA,NA,NA,NA,NA,1007.79,NA,NA,NA,NA,NA,13.89,NA,NA,NA,NA,NA
1849-08-26,NA,NA,NA,NA,NA,NA,NA,NA,"empty","empty",NA,0,NA,18.47,NA,NA,NA,NA
1849-08-26 06:00:00,18.89,NA,NA,NA,NA,NA,1011.18,NA,NA,NA,NA,NA,9.44,NA,NA,NA,NA,NA
1849-08-26 09:00:00,19.44,NA,NA,NA,NA,NA,1012.87,NA,NA,NA,NA,NA,20,NA,NA,NA,NA,NA
1849-08-26 15:00:00,21.67,NA,NA,NA,NA,NA,1012.53,NA,NA,NA,NA,NA,26.67,NA,-17.71,NA,NA,NA
1849-08-26 21:00:00,21.67,NA,NA,NA,NA,NA,1013.88,NA,NA,NA,NA,NA,17.78,NA,NA,NA,NA,NA
1849-08-27,NA,NA,NA,NA,NA,NA,NA,NA,"empty","empty",NA,0,NA,23.06,NA,NA,NA,",hz,"
1849-08-27 06:00:00,21.67,NA,NA,NA,NA,NA,1014.22,NA,NA,NA,NA,NA,16.11,NA,NA,NA,NA,NA
1849-08-27 09:00:00,23.33,NA,NA,NA,NA,NA,1015.92,NA,NA,NA,NA,NA,28.33,NA,NA,NA,NA,NA
1849-08-27 15:00:00,26.67,NA,NA,NA,NA,NA,1016.26,NA,NA,NA,NA,NA,32.78,NA,-17.67,NA,NA,NA
1849-08-27 21:00:00,23.89,NA,NA,NA,NA,NA,1017.95,NA,NA,NA,NA,NA,17.22,NA,NA,NA,NA,NA
1849-08-28,NA,NA,NA,NA,NA,NA,NA,NA,"empty","empty",NA,0.08,NA,21.67,NA,NA,NA,",hz,"
1849-08-28 06:00:00,21.11,NA,NA,NA,NA,NA,1017.27,NA,NA,NA,NA,NA,18.33,NA,NA,NA,NA,NA
1849-08-28 09:00:00,21.67,NA,NA,NA,NA,NA,1017.27,NA,NA,NA,NA,NA,24.44,NA,NA,NA,NA,NA
1849-08-28 15:00:00,26.11,NA,NA,NA,NA,NA,1016.93,NA,NA,NA,NA,NA,30.56,NA,-17.65,NA,NA,NA
1849-08-28 21:00:00,24.44,NA,NA,NA,NA,NA,1018.29,NA,NA,NA,NA,NA,18.89,NA,NA,NA,NA,NA
1849-08-29,NA,NA,NA,NA,NA,NA,NA,NA,"empty","empty",NA,0,NA,22.22,NA,NA,NA,NA
1849-08-29 06:00:00,22.22,NA,NA,NA,NA,NA,1018.63,NA,NA,NA,NA,NA,15.56,NA,NA,NA,NA,NA
1849-08-29 09:00:00,22.22,NA,NA,NA,NA,NA,1019.3,NA,NA,NA,NA,NA,22.78,NA,NA,NA,NA,NA
1849-08-29 15:00:00,24.44,NA,NA,NA,NA,NA,1019.3,NA,NA,NA,NA,NA,31.11,NA,-17.68,NA,NA,NA
1849-08-29 21:00:00,24.44,NA,NA,NA,NA,NA,1019.3,NA,NA,NA,NA,NA,19.44,NA,NA,NA,NA,NA
1849-08-30,NA,NA,NA,NA,NA,NA,NA,NA,"empty","empty",NA,0,NA,24.03,NA,NA,NA,",hz,"
1849-08-30 06:00:00,22.78,NA,NA,NA,NA,NA,1019.64,NA,NA,NA,NA,NA,17.78,NA,NA,NA,NA,NA
1849-08-30 09:00:00,22.78,NA,NA,NA,NA,NA,1020.66,NA,NA,NA,NA,NA,26.11,NA,NA,NA,NA,NA
1849-08-30 15:00:00,26.11,NA,NA,NA,NA,NA,1019.64,NA,NA,NA,NA,NA,31.11,NA,-17.71,NA,NA,NA
1849-08-30 21:00:00,23.89,NA,NA,NA,NA,NA,1019.3,NA,NA,NA,NA,NA,21.11,NA,NA,NA,NA,NA
1849-08-31,NA,NA,NA,NA,NA,NA,NA,NA,"empty","empty",NA,0,NA,22.78,NA,NA,NA,NA
1849-08-31 06:00:00,23.89,NA,NA,NA,NA,NA,1017.61,NA,NA,NA,NA,NA,18.89,NA,NA,NA,NA,NA
1849-08-31 09:00:00,23.89,NA,NA,NA,NA,NA,1016.93,NA,NA,NA,NA,NA,23.33,NA,NA,NA,NA,NA
1849-08-31 15:00:00,25,NA,NA,NA,NA,NA,1013.21,NA,NA,NA,NA,NA,28.33,NA,-17.69,NA,NA,NA
1849-08-31 21:00:00,23.89,NA,NA,NA,NA,NA,1010.84,NA,NA,NA,NA,NA,20.56,NA,NA,NA,NA,NA
1849-09-01,NA,NA,NA,NA,NA,NA,NA,NA,"7 am","6 pm",NA,0,NA,17.08,NA,NA,NA,NA
1849-09-01 06:00:00,24.44,NA,NA,NA,NA,NA,1007.79,NA,NA,NA,NA,NA,20,NA,NA,NA,NA,NA
1849-09-01 09:00:00,23.89,NA,NA,NA,NA,NA,1008.13,NA,NA,NA,NA,NA,17.22,NA,NA,NA,NA,NA
1849-09-01 15:00:00,21.11,NA,NA,NA,NA,NA,1007.45,NA,NA,NA,NA,NA,16.67,NA,-17.73,NA,NA,NA
1849-09-01 21:00:00,20.56,NA,NA,NA,NA,NA,1006.43,NA,NA,NA,NA,NA,14.44,NA,NA,NA,NA,NA
1849-09-02,NA,NA,NA,NA,NA,NA,NA,NA,"10 pm","empty",NA,4.19,NA,13.61,NA,NA,NA,",ts,"
1849-09-02 06:00:00,20,NA,NA,NA,NA,NA,1006.1,NA,NA,NA,NA,NA,9.44,NA,NA,NA,NA,NA
1849-09-02 09:00:00,20,NA,NA,NA,NA,NA,1007.45,NA,NA,NA,NA,NA,17.22,NA,NA,NA,NA,NA
1849-09-02 15:00:00,18.89,NA,NA,NA,NA,NA,1008.47,NA,NA,NA,NA,NA,17.78,NA,-17.71,NA,NA,NA
1849-09-02 21:00:00,18.89,NA,NA,NA,NA,NA,1011.18,NA,NA,NA,NA,NA,10,NA,NA,NA,NA,NA
1849-09-03,NA,NA,NA,NA,NA,NA,NA,NA,"empty","7 am",NA,6.91,NA,10.69,NA,NA,NA,NA
1849-09-03 06:00:00,18.33,NA,NA,NA,NA,NA,1014.56,NA,NA,NA,NA,NA,6.11,NA,NA,NA,NA,NA
1849-09-03 09:00:00,17.22,NA,NA,NA,NA,NA,1015.92,NA,NA,NA,NA,NA,12.78,NA,NA,NA,NA,NA
1849-09-03 15:00:00,17.22,NA,NA,NA,NA,NA,1017.61,NA,NA,NA,NA,NA,17.78,NA,-17.69,NA,NA,NA
1849-09-03 21:00:00,17.22,NA,NA,NA,NA,NA,1021,NA,NA,NA,NA,NA,6.11,NA,NA,NA,NA,NA
1849-09-04,NA,NA,NA,NA,NA,NA,NA,NA,NA,NA,NA,0,NA,12.92,NA,NA,NA,",frst,"
1849-09-04 06:00:00,16.11,NA,NA,NA,NA,NA,1022.69,NA,NA,NA,NA,NA,1.67,NA,NA,NA,NA,NA
1849-09-04 09:00:00,16.11,NA,NA,NA,NA,NA,1024.38,NA,NA,NA,NA,NA,15.56,NA,NA,NA,NA,NA
1849-09-04 15:00:00,18.89,NA,NA,NA,NA,NA,1023.71,NA,NA,NA,NA,NA,22.78,NA,-17.73,NA,NA,NA
1849-09-04 21:00:00,17.78,NA,NA,NA,NA,NA,1025.06,NA,NA,NA,NA,NA,11.67,NA,NA,NA,NA,NA
1849-09-05,NA,NA,NA,NA,NA,NA,NA,NA,NA,NA,NA,NA,NA,15.14,NA,NA,NA,NA
1849-09-05 06:00:00,17.22,NA,NA,NA,NA,NA,1024.38,NA,NA,NA,NA,NA,6.11,NA,NA,NA,NA,NA
1849-09-05 09:00:00,17.22,NA,NA,NA,NA,NA,1025.06,NA,NA,NA,NA,NA,18.33,NA,NA,NA,NA,NA
1849-09-05 15:00:00,17.78,NA,NA,NA,NA,NA,1024.04,NA,NA,NA,NA,NA,23.33,NA,-17.68,NA,NA,NA
1849-09-05 21:00:00,19.44,NA,NA,NA,NA,NA,1023.71,NA,NA,NA,NA,NA,12.78,NA,NA,NA,NA,NA
1849-09-06,NA,NA,NA,NA,NA,NA,NA,NA,NA,NA,NA,NA,NA,16.67,NA,NA,NA,NA
1849-09-06 06:00:00,18.89,NA,NA,NA,NA,NA,1023.37,NA,NA,NA,NA,NA,9.44,NA,NA,NA,NA,NA
1849-09-06 09:00:00,18.89,NA,NA,NA,NA,NA,1023.71,NA,NA,NA,NA,NA,20,NA,NA,NA,NA,NA
1849-09-06 15:00:00,21.67,NA,NA,NA,NA,NA,1021.67,NA,NA,NA,NA,NA,23.33,NA,-17.71,NA,NA,NA
1849-09-06 21:00:00,21.11,NA,NA,NA,NA,NA,1022.01,NA,NA,NA,NA,NA,13.89,NA,NA,NA,NA,NA
1849-09-07,NA,NA,NA,NA,NA,NA,NA,NA,"6 pm | 8 am","10 pm | 8 am",NA,NA,NA,19.17,NA,NA,NA,",ra,"
1849-09-07 06:00:00,20.56,NA,NA,NA,NA,NA,1021,NA,NA,NA,NA,NA,12.22,NA,NA,NA,NA,NA
1849-09-07 09:00:00,20.56,NA,NA,NA,NA,NA,1020.32,NA,NA,NA,NA,NA,20,NA,NA,NA,NA,NA
1849-09-07 15:00:00,22.78,NA,NA,NA,NA,NA,1017.95,NA,NA,NA,NA,NA,24.44,NA,-17.74,NA,NA,NA
1849-09-07 21:00:00,22.78,NA,NA,NA,NA,NA,1018.29,NA,NA,NA,NA,NA,20,NA,NA,NA,NA,NA
1849-09-08,NA,NA,NA,NA,NA,NA,NA,NA,"empty","7 pm",NA,NA,NA,20.83,NA,NA,NA,NA
1849-09-08 06:00:00,22.78,NA,NA,NA,NA,NA,1021,NA,NA,NA,NA,NA,19.44,NA,NA,NA,NA,NA
1849-09-08 09:00:00,22.78,NA,NA,NA,NA,NA,1020.66,NA,NA,NA,NA,NA,22.78,NA,NA,NA,NA,NA
1849-09-08 15:00:00,22.22,NA,NA,NA,NA,NA,1015.92,NA,NA,NA,NA,NA,21.67,NA,-17.74,NA,NA,NA
1849-09-08 21:00:00,22.22,NA,NA,NA,NA,NA,1015.24,NA,NA,NA,NA,NA,19.44,NA,NA,NA,NA,NA
1849-09-09,NA,NA,NA,NA,NA,NA,NA,NA,"empty","3 pm",NA,17.78,NA,18.33,NA,NA,NA,",ra,"
1849-09-09 06:00:00,22.22,NA,NA,NA,NA,NA,1012.87,NA,NA,NA,NA,NA,18.89,NA,NA,NA,NA,NA
1849-09-09 09:00:00,22.22,NA,NA,NA,NA,NA,1015.24,NA,NA,NA,NA,NA,21.11,NA,NA,NA,NA,NA
1849-09-09 15:00:00,21.67,NA,NA,NA,NA,NA,1014.9,NA,NA,NA,NA,NA,18.33,NA,-17.78,NA,NA,NA
1849-09-09 21:00:00,21.11,NA,NA,NA,NA,NA,1021.33,NA,NA,NA,NA,NA,15,NA,NA,NA,NA,NA
1849-09-10,NA,NA,NA,NA,NA,NA,NA,NA,NA,NA,NA,9.3,NA,13.19,NA,NA,NA,NA
1849-09-10 06:00:00,18.89,NA,NA,NA,NA,NA,1021.67,NA,NA,NA,NA,NA,5.56,NA,NA,NA,NA,NA
1849-09-10 09:00:00,18.89,NA,NA,NA,NA,NA,1022.35,NA,NA,NA,NA,NA,15,NA,NA,NA,NA,NA
1849-09-10 15:00:00,19.44,NA,NA,NA,NA,NA,1021,NA,NA,NA,NA,NA,20.56,NA,-17.68,NA,NA,NA
1849-09-10 21:00:00,19.44,NA,NA,NA,NA,NA,1024.72,NA,NA,NA,NA,NA,11.67,NA,NA,NA,NA,NA
1849-09-11,NA,NA,NA,NA,NA,NA,NA,NA,NA,NA,NA,NA,NA,11.81,NA,NA,NA,",frst,"
1849-09-11 06:00:00,18.33,NA,NA,NA,NA,NA,1024.38,NA,NA,NA,NA,NA,3.89,NA,NA,NA,NA,NA
1849-09-11 09:00:00,17.78,NA,NA,NA,NA,NA,1025.4,NA,NA,NA,NA,NA,16.67,NA,NA,NA,NA,NA
1849-09-11 15:00:00,17.78,NA,NA,NA,NA,NA,1026.08,NA,NA,NA,NA,NA,19.44,NA,-17.72,NA,NA,NA
1849-09-11 21:00:00,17.78,NA,NA,NA,NA,NA,1026.41,NA,NA,NA,NA,NA,7.22,NA,NA,NA,NA,NA
1849-09-12,NA,NA,NA,NA,NA,NA,NA,NA,NA,NA,NA,NA,NA,12.64,NA,NA,NA,",frst,"
1849-09-12 06:00:00,16.67,NA,NA,NA,NA,NA,1025.4,NA,NA,NA,NA,NA,2.22,NA,NA,NA,NA,NA
1849-09-12 09:00:00,16.11,NA,NA,NA,NA,NA,1024.72,NA,NA,NA,NA,NA,15,NA,NA,NA,NA,NA
1849-09-12 15:00:00,18.89,NA,NA,NA,NA,NA,1019.64,NA,NA,NA,NA,NA,21.11,NA,-17.71,NA,NA,NA
1849-09-12 21:00:00,18.33,NA,NA,NA,NA,NA,1019.3,NA,NA,NA,NA,NA,12.22,NA,NA,NA,NA,NA
1849-09-13,NA,NA,NA,NA,NA,NA,NA,NA,NA,NA,NA,NA,NA,15.42,NA,NA,NA,NA
1849-09-13 06:00:00,17.78,NA,NA,NA,NA,NA,1017.95,NA,NA,NA,NA,NA,10.56,NA,NA,NA,NA,NA
1849-09-13 09:00:00,18.89,NA,NA,NA,NA,NA,1018.96,NA,NA,NA,NA,NA,19.44,NA,NA,NA,NA,NA
1849-09-13 15:00:00,18.33,NA,NA,NA,NA,NA,1020.32,NA,NA,NA,NA,NA,18.89,NA,-17.74,NA,NA,NA
1849-09-13 21:00:00,18.89,NA,NA,NA,NA,NA,1024.72,NA,NA,NA,NA,NA,12.78,NA,NA,NA,NA,NA
1849-09-14,NA,NA,NA,NA,NA,NA,NA,NA,"1 am","8 am",NA,NA,NA,13.47,NA,NA,NA,NA
1849-09-14 06:00:00,17.78,NA,NA,NA,NA,NA,1025.06,NA,NA,NA,NA,NA,10.56,NA,NA,NA,NA,NA
1849-09-14 09:00:00,17.78,NA,NA,NA,NA,NA,1025.74,NA,NA,NA,NA,NA,13.89,NA,NA,NA,NA,NA
1849-09-14 15:00:00,18.33,NA,NA,NA,NA,NA,1022.69,NA,NA,NA,NA,NA,17.78,NA,-17.76,NA,NA,NA
1849-09-14 21:00:00,18.33,NA,NA,NA,NA,NA,1020.66,NA,NA,NA,NA,NA,11.67,NA,NA,NA,NA,NA
1849-09-15,NA,NA,NA,NA,NA,NA,NA,NA,"8 am","4 pm",NA,1.9,NA,13.47,NA,NA,NA,NA
1849-09-15 06:00:00,18.33,NA,NA,NA,NA,NA,1011.51,NA,NA,NA,NA,NA,11.67,NA,NA,NA,NA,NA
1849-09-15 09:00:00,18.33,NA,NA,NA,NA,NA,1009.48,NA,NA,NA,NA,NA,19.44,NA,NA,NA,NA,NA
1849-09-15 15:00:00,17.78,NA,NA,NA,NA,NA,1008.81,NA,NA,NA,NA,NA,16.11,NA,-17.75,NA,NA,NA
1849-09-15 21:00:00,17.78,NA,NA,NA,NA,NA,1015.58,NA,NA,NA,NA,NA,6.67,NA,NA,NA,NA,NA
1849-09-16,NA,NA,NA,NA,NA,NA,NA,NA,NA,NA,NA,4.83,NA,9.31,NA,NA,NA,",frst,"
1849-09-16 06:00:00,15.56,NA,NA,NA,NA,NA,1015.92,NA,NA,NA,NA,NA,1.67,NA,NA,NA,NA,NA
1849-09-16 09:00:00,16.11,NA,NA,NA,NA,NA,1019.3,NA,NA,NA,NA,NA,10.56,NA,NA,NA,NA,NA
1849-09-16 15:00:00,15,NA,NA,NA,NA,NA,1015.92,NA,NA,NA,NA,NA,15,NA,-17.72,NA,NA,NA
1849-09-16 21:00:00,15.56,NA,NA,NA,NA,NA,1014.56,NA,NA,NA,NA,NA,10,NA,NA,NA,NA,NA
1849-09-17,NA,NA,NA,NA,NA,NA,NA,NA,"noon | 1 am","4 pm | 6 am",NA,NA,NA,15.28,NA,NA,NA,NA
1849-09-17 06:00:00,15.56,NA,NA,NA,NA,NA,1005.76,NA,NA,NA,NA,NA,8.89,NA,NA,NA,NA,NA
1849-09-17 09:00:00,18.33,NA,NA,NA,NA,NA,1004.06,NA,NA,NA,NA,NA,19.44,NA,NA,NA,NA,NA
1849-09-17 15:00:00,17.78,NA,NA,NA,NA,NA,1003.05,NA,NA,NA,NA,NA,18.33,NA,-17.76,NA,NA,NA
1849-09-17 21:00:00,17.78,NA,NA,NA,NA,NA,1006.1,NA,NA,NA,NA,NA,14.44,NA,NA,NA,NA,NA
1849-09-18,NA,NA,NA,NA,NA,NA,NA,NA,"10 am","1 pm",NA,NA,NA,13.06,NA,NA,NA,NA
1849-09-18 06:00:00,17.22,NA,NA,NA,NA,NA,1005.08,NA,NA,NA,NA,NA,7.22,NA,NA,NA,NA,NA
1849-09-18 09:00:00,17.22,NA,NA,NA,NA,NA,1003.73,NA,NA,NA,NA,NA,18.89,NA,NA,NA,NA,NA
1849-09-18 15:00:00,17.22,NA,NA,NA,NA,NA,1003.73,NA,NA,NA,NA,NA,16.67,NA,-17.76,NA,NA,NA
1849-09-18 21:00:00,16.67,NA,NA,NA,NA,NA,1008.47,NA,NA,NA,NA,NA,9.44,NA,NA,NA,NA,NA
1849-09-19,NA,NA,NA,NA,NA,NA,NA,NA,"10 pm of the 18th","9 am",NA,5.33,NA,9.17,NA,NA,NA,",frst,"
1849-09-19 06:00:00,16.11,NA,NA,NA,NA,NA,1010.5,NA,NA,NA,NA,NA,4.44,NA,NA,NA,NA,NA
1849-09-19 09:00:00,16.11,NA,NA,NA,NA,NA,1012.87,NA,NA,NA,NA,NA,12.22,NA,NA,NA,NA,NA
1849-09-19 15:00:00,15.56,NA,NA,NA,NA,NA,1015.92,NA,NA,NA,NA,NA,13.33,NA,-17.77,NA,NA,NA
1849-09-19 21:00:00,15.56,NA,NA,NA,NA,NA,1020.32,NA,NA,NA,NA,NA,6.67,NA,NA,NA,NA,NA
1849-09-20,NA,NA,NA,NA,NA,NA,NA,NA,"empty","midnight of the 20th",NA,4.01,NA,9.44,NA,NA,NA,NA
1849-09-20 06:00:00,14.44,NA,NA,NA,NA,NA,1021,NA,NA,NA,NA,NA,1.67,NA,NA,NA,NA,NA
1849-09-20 09:00:00,14.44,NA,NA,NA,NA,NA,1022.01,NA,NA,NA,NA,NA,12.22,NA,NA,NA,NA,NA
1849-09-20 15:00:00,15,NA,NA,NA,NA,NA,1019.98,NA,NA,NA,NA,NA,16.67,NA,-17.73,NA,NA,NA
1849-09-20 21:00:00,15,NA,NA,NA,NA,NA,1019.64,NA,NA,NA,NA,NA,7.22,NA,NA,NA,NA,NA
1849-09-21,NA,NA,NA,NA,NA,NA,NA,NA,NA,NA,NA,0.25,NA,10.28,NA,NA,NA,",frst,"
1849-09-21 06:00:00,14.44,NA,NA,NA,NA,NA,1019.3,NA,NA,NA,NA,NA,2.22,NA,NA,NA,NA,NA
1849-09-21 09:00:00,14.44,NA,NA,NA,NA,NA,1018.96,NA,NA,NA,NA,NA,11.67,NA,NA,NA,NA,NA
1849-09-21 15:00:00,15.56,NA,NA,NA,NA,NA,1016.93,NA,NA,NA,NA,NA,17.22,NA,-17.73,NA,NA,NA
1849-09-21 21:00:00,16.11,NA,NA,NA,NA,NA,1016.93,NA,NA,NA,NA,NA,10,NA,NA,NA,NA,NA
1849-09-22,NA,NA,NA,NA,NA,NA,NA,NA,NA,NA,NA,NA,NA,10.28,NA,NA,NA,",frst,"
1849-09-22 06:00:00,15.56,NA,NA,NA,NA,NA,1016.26,NA,NA,NA,NA,NA,0.56,NA,NA,NA,NA,NA
1849-09-22 09:00:00,15,NA,NA,NA,NA,NA,1015.24,NA,NA,NA,NA,NA,12.22,NA,NA,NA,NA,NA
1849-09-22 15:00:00,15,NA,NA,NA,NA,NA,1012.87,NA,NA,NA,NA,NA,16.11,NA,-17.74,NA,NA,NA
1849-09-22 21:00:00,15.56,NA,NA,NA,NA,NA,1010.84,NA,NA,NA,NA,NA,12.22,NA,NA,NA,NA,NA
1849-09-23,NA,NA,NA,NA,NA,NA,NA,NA,"10 pm","empty",NA,NA,NA,15.69,NA,NA,NA,NA
1849-09-23 06:00:00,16.11,NA,NA,NA,NA,NA,1007.45,NA,NA,NA,NA,NA,11.67,NA,NA,NA,NA,NA
1849-09-23 09:00:00,16.67,NA,NA,NA,NA,NA,1006.1,NA,NA,NA,NA,NA,18.33,NA,NA,NA,NA,NA
1849-09-23 15:00:00,17.78,NA,NA,NA,NA,NA,1004.74,NA,NA,NA,NA,NA,17.78,NA,-17.76,NA,NA,NA
1849-09-23 21:00:00,17.22,NA,NA,NA,NA,NA,1002.71,NA,NA,NA,NA,NA,15,NA,NA,NA,NA,NA
1849-09-24,NA,NA,NA,NA,NA,NA,NA,NA,"empty","11 am",NA,0,NA,16.81,NA,NA,NA,NA
1849-09-24 06:00:00,18.33,NA,NA,NA,NA,NA,996.28,NA,NA,NA,NA,NA,14.44,NA,NA,NA,NA,NA
1849-09-24 09:00:00,18.33,NA,NA,NA,NA,NA,995.26,NA,NA,NA,NA,NA,17.78,NA,NA,NA,NA,NA
1849-09-24 15:00:00,18.33,NA,NA,NA,NA,NA,991.87,NA,NA,NA,NA,NA,22.78,NA,-17.76,NA,NA,NA
1849-09-24 21:00:00,18.33,NA,NA,NA,NA,NA,991.53,NA,NA,NA,NA,NA,12.22,NA,NA,NA,NA,NA
1849-09-25,NA,NA,NA,NA,NA,NA,NA,NA,NA,NA,NA,7.67,NA,11.53,NA,NA,NA,NA
1849-09-25 06:00:00,17.78,NA,NA,NA,NA,NA,993.23,NA,NA,NA,NA,NA,10.56,NA,NA,NA,NA,NA
1849-09-25 09:00:00,17.78,NA,NA,NA,NA,NA,994.92,NA,NA,NA,NA,NA,12.78,NA,NA,NA,NA,NA
1849-09-25 15:00:00,17.22,NA,NA,NA,NA,NA,997.29,NA,NA,NA,NA,NA,16.11,NA,-17.72,NA,NA,NA
1849-09-25 21:00:00,16.67,NA,NA,NA,NA,NA,1003.05,NA,NA,NA,NA,NA,6.67,NA,NA,NA,NA,NA
1849-09-26,NA,NA,NA,NA,NA,NA,NA,NA,NA,NA,NA,NA,NA,12.78,NA,NA,NA,",frst,"
1849-09-26 06:00:00,16.11,NA,NA,NA,NA,NA,1003.73,NA,NA,NA,NA,NA,2.78,NA,NA,NA,NA,NA
1849-09-26 09:00:00,16.11,NA,NA,NA,NA,NA,1005.08,NA,NA,NA,NA,NA,14.44,NA,NA,NA,NA,NA
1849-09-26 15:00:00,17.78,NA,NA,NA,NA,NA,1000.68,NA,NA,NA,NA,NA,18.33,NA,-17.74,NA,NA,NA
1849-09-26 21:00:00,18.89,NA,NA,NA,NA,NA,1002.03,NA,NA,NA,NA,NA,15.56,NA,NA,NA,NA,NA
1849-09-27,NA,NA,NA,NA,NA,NA,NA,NA,"9 am","9 pm",NA,NA,NA,15.28,NA,NA,NA,NA
1849-09-27 06:00:00,17.78,NA,NA,NA,NA,NA,1001.69,NA,NA,NA,NA,NA,14.44,NA,NA,NA,NA,NA
1849-09-27 09:00:00,18.89,NA,NA,NA,NA,NA,1001.02,NA,NA,NA,NA,NA,16.67,NA,NA,NA,NA,NA
1849-09-27 15:00:00,19.44,NA,NA,NA,NA,NA,997.97,NA,NA,NA,NA,NA,19.44,NA,NA,NA,NA,NA
1849-09-27 21:00:00,18.33,NA,NA,NA,NA,NA,1002.71,NA,NA,NA,NA,NA,10.56,NA,NA,NA,NA,NA
1849-09-28,NA,NA,NA,NA,NA,NA,NA,NA,NA,NA,NA,8.08,NA,8.33,NA,NA,NA,",frst,"
1849-09-28 06:00:00,16.67,NA,NA,NA,NA,NA,1006.1,NA,NA,NA,NA,NA,2.22,NA,NA,NA,NA,NA
1849-09-28 09:00:00,16.67,NA,NA,NA,NA,NA,1007.11,NA,NA,NA,NA,NA,8.89,NA,NA,NA,NA,NA
1849-09-28 15:00:00,16.11,NA,NA,NA,NA,NA,1004.74,NA,NA,NA,NA,NA,13.89,NA,-17.68,NA,NA,NA
1849-09-28 21:00:00,16.11,NA,NA,NA,NA,NA,1006.1,NA,NA,NA,NA,NA,8.33,NA,NA,NA,NA,NA
1849-09-29,NA,NA,NA,NA,NA,NA,NA,NA,NA,NA,NA,NA,NA,9.31,NA,NA,NA,",hz,"
1849-09-29 06:00:00,16.11,NA,NA,NA,NA,NA,1006.1,NA,NA,NA,NA,NA,5.56,NA,NA,NA,NA,NA
1849-09-29 09:00:00,16.11,NA,NA,NA,NA,NA,1008.13,NA,NA,NA,NA,NA,13.33,NA,NA,NA,NA,NA
1849-09-29 15:00:00,16.67,NA,NA,NA,NA,NA,1005.08,NA,NA,NA,NA,NA,13.33,NA,-17.75,NA,NA,NA
1849-09-29 21:00:00,15.56,NA,NA,NA,NA,NA,1005.08,NA,NA,NA,NA,NA,5,NA,NA,NA,NA,NA
1849-09-30,NA,NA,NA,NA,NA,NA,NA,NA,NA,NA,NA,NA,NA,5.56,NA,NA,NA,",frst,"
1849-09-30 06:00:00,14.44,NA,NA,NA,NA,NA,1004.4,NA,NA,NA,NA,NA,0.56,NA,NA,NA,NA,NA
1849-09-30 09:00:00,14.44,NA,NA,NA,NA,NA,1003.39,NA,NA,NA,NA,NA,8.33,NA,NA,NA,NA,NA
1849-09-30 15:00:00,13.89,NA,NA,NA,NA,NA,1000.34,NA,NA,NA,NA,NA,10.56,NA,-17.74,NA,NA,NA
1849-09-30 21:00:00,13.89,NA,NA,NA,NA,NA,1003.05,NA,NA,NA,NA,NA,2.78,NA,NA,NA,NA,NA
1849-10-01,NA,NA,NA,NA,NA,NA,NA,NA,"10 pm",NA,NA,NA,NA,6.81,NA,NA,NA,",halo,"
1849-10-01 06:00:00,12.78,NA,NA,NA,NA,NA,1005.42,NA,NA,NA,NA,NA,-1.67,NA,NA,NA,NA,NA
1849-10-01 09:00:00,12.78,NA,NA,NA,NA,NA,1006.43,NA,NA,NA,NA,NA,8.89,NA,NA,NA,NA,NA
1849-10-01 15:00:00,12.22,NA,NA,NA,NA,NA,1005.76,NA,NA,NA,NA,NA,11.67,NA,-17.71,NA,NA,NA
1849-10-01 21:00:00,13.33,NA,NA,NA,NA,NA,1005.42,NA,NA,NA,NA,NA,8.33,NA,NA,NA,NA,NA
1849-10-02,NA,NA,NA,NA,NA,NA,NA,NA,NA,"1 pm",NA,NA,NA,9.17,NA,NA,NA,NA
1849-10-02 06:00:00,13.33,NA,NA,NA,NA,NA,995.6,NA,NA,NA,NA,NA,6.67,NA,NA,NA,NA,NA
1849-10-02 09:00:00,13.33,NA,NA,NA,NA,NA,994.58,NA,NA,NA,NA,NA,9.44,NA,NA,NA,NA,NA
1849-10-02 15:00:00,13.89,NA,NA,NA,NA,NA,993.91,NA,NA,NA,NA,NA,11.67,NA,-17.75,NA,NA,NA
1849-10-02 21:00:00,13.89,NA,NA,NA,NA,NA,998.31,NA,NA,NA,NA,NA,8.89,NA,NA,NA,NA,NA
1849-10-03,NA,NA,NA,NA,NA,NA,NA,NA,"6 am","1 pm",NA,33.02,NA,9.03,NA,NA,NA,",ra,"
1849-10-03 06:00:00,13.89,NA,NA,NA,NA,NA,1005.08,NA,NA,NA,NA,NA,6.11,NA,NA,NA,NA,NA
1849-10-03 09:00:00,13.89,NA,NA,NA,NA,NA,1007.79,NA,NA,NA,NA,NA,10.56,NA,NA,NA,NA,NA
1849-10-03 15:00:00,13.89,NA,NA,NA,NA,NA,1010.5,NA,NA,NA,NA,NA,11.67,NA,-17.76,NA,NA,NA
1849-10-03 21:00:00,13.89,NA,NA,NA,NA,NA,1012.53,NA,NA,NA,NA,NA,7.78,NA,NA,NA,NA,NA
1849-10-04,NA,NA,NA,NA,NA,NA,NA,NA,NA,"1 pm",NA,7.37,NA,8.89,NA,NA,NA,",sh,"
1849-10-04 06:00:00,13.89,NA,NA,NA,NA,NA,1013.88,NA,NA,NA,NA,NA,7.22,NA,NA,NA,NA,NA
1849-10-04 09:00:00,13.89,NA,NA,NA,NA,NA,1015.24,NA,NA,NA,NA,NA,10,NA,NA,NA,NA,NA
1849-10-04 15:00:00,13.89,NA,NA,NA,NA,NA,1015.24,NA,NA,NA,NA,NA,9.44,NA,-17.77,NA,NA,NA
1849-10-04 21:00:00,13.89,NA,NA,NA,NA,NA,1015.24,NA,NA,NA,NA,NA,8.89,NA,NA,NA,NA,NA
1849-10-05,NA,NA,NA,NA,NA,NA,NA,NA,NA,"1 pm",NA,3.63,NA,5.83,NA,NA,NA,",ra,"
1849-10-05 06:00:00,13.89,NA,NA,NA,NA,NA,1012.87,NA,NA,NA,NA,NA,6.11,NA,NA,NA,NA,NA
1849-10-05 09:00:00,13.89,NA,NA,NA,NA,NA,1011.85,NA,NA,NA,NA,NA,7.22,NA,NA,NA,NA,NA
1849-10-05 15:00:00,12.78,NA,NA,NA,NA,NA,1008.13,NA,NA,NA,NA,NA,5.56,NA,-17.77,NA,NA,NA
1849-10-05 21:00:00,12.78,NA,NA,NA,NA,NA,1005.08,NA,NA,NA,NA,NA,4.44,NA,NA,NA,NA,NA
1849-10-06,NA,NA,NA,NA,NA,NA,NA,NA,NA,"8 am, 7 pm",NA,1.22,NA,5,NA,NA,NA,",sh,"
1849-10-06 06:00:00,11.67,NA,NA,NA,NA,NA,1001.36,NA,NA,NA,NA,NA,2.78,NA,NA,NA,NA,NA
1849-10-06 09:00:00,11.67,NA,NA,NA,NA,NA,1003.05,NA,NA,NA,NA,NA,5.56,NA,NA,NA,NA,NA
1849-10-06 15:00:00,11.67,NA,NA,NA,NA,NA,1005.76,NA,NA,NA,NA,NA,6.11,NA,-17.78,NA,NA,NA
1849-10-06 21:00:00,11.67,NA,NA,NA,NA,NA,1008.47,NA,NA,NA,NA,NA,5.56,NA,NA,NA,NA,NA
1849-10-07,NA,NA,NA,NA,NA,NA,NA,NA,"1 pm",NA,NA,NA,NA,2.22,NA,NA,NA,",gr,"
1849-10-07 06:00:00,10,NA,NA,NA,NA,NA,1009.14,NA,NA,NA,NA,NA,-1.67,NA,NA,NA,NA,NA
1849-10-07 09:00:00,10.56,NA,NA,NA,NA,NA,1009.48,NA,NA,NA,NA,NA,2.22,NA,NA,NA,NA,NA
1849-10-07 15:00:00,11.11,NA,NA,NA,NA,NA,1005.08,NA,NA,NA,NA,NA,5,NA,-17.78,NA,NA,NA
1849-10-07 21:00:00,10.56,NA,NA,NA,NA,NA,1001.36,NA,NA,NA,NA,NA,3.33,NA,NA,NA,NA,NA
1849-10-08,NA,NA,NA,NA,NA,NA,NA,NA,NA,"7 pm",NA,NA,NA,7.5,NA,NA,NA,",sh,"
1849-10-08 06:00:00,10.56,NA,NA,NA,NA,NA,997.97,NA,NA,NA,NA,NA,3.33,NA,NA,NA,NA,NA
1849-10-08 09:00:00,10.56,NA,NA,NA,NA,NA,998.65,NA,NA,NA,NA,NA,8.89,NA,NA,NA,NA,NA
1849-10-08 15:00:00,11.67,NA,NA,NA,NA,NA,1000.68,NA,NA,NA,NA,NA,10,NA,-17.78,NA,NA,NA
1849-10-08 21:00:00,11.67,NA,NA,NA,NA,NA,1008.81,NA,NA,NA,NA,NA,7.78,NA,NA,NA,NA,NA
1849-10-09,NA,NA,NA,NA,NA,NA,NA,NA,NA,NA,NA,18.54,NA,5.28,NA,NA,NA,",frst,"
1849-10-09 06:00:00,11.67,NA,NA,NA,NA,NA,1014.9,NA,NA,NA,NA,NA,1.11,NA,NA,NA,NA,NA
1849-10-09 09:00:00,12.22,NA,NA,NA,NA,NA,1016.59,NA,NA,NA,NA,NA,8.89,NA,NA,NA,NA,NA
1849-10-09 15:00:00,12.22,NA,NA,NA,NA,NA,1016.93,NA,NA,NA,NA,NA,9.44,NA,-17.76,NA,NA,NA
1849-10-09 21:00:00,11.67,NA,NA,NA,NA,NA,1019.3,NA,NA,NA,NA,NA,1.67,NA,NA,NA,NA,NA
1849-10-10,NA,NA,NA,NA,NA,NA,NA,NA,NA,NA,NA,NA,NA,5.56,NA,NA,NA,",frst,"
1849-10-10 06:00:00,10.56,NA,NA,NA,NA,NA,1018.96,NA,NA,NA,NA,NA,-3.89,NA,NA,NA,NA,NA
1849-10-10 09:00:00,11.11,NA,NA,NA,NA,NA,1019.3,NA,NA,NA,NA,NA,4.44,NA,NA,NA,NA,NA
1849-10-10 15:00:00,11.67,NA,NA,NA,NA,NA,1016.26,NA,NA,NA,NA,NA,12.78,NA,-17.75,NA,NA,NA
1849-10-10 21:00:00,11.67,NA,NA,NA,NA,NA,1015.24,NA,NA,NA,NA,NA,8.89,NA,NA,NA,NA,NA
1849-10-11,NA,NA,NA,NA,NA,NA,NA,NA,"1 am","3 pm",NA,NA,NA,10.69,NA,NA,NA,",sh,"
1849-10-11 06:00:00,12.78,NA,NA,NA,NA,NA,1011.18,NA,NA,NA,NA,NA,7.78,NA,NA,NA,NA,NA
1849-10-11 09:00:00,12.78,NA,NA,NA,NA,NA,1009.82,NA,NA,NA,NA,NA,11.67,NA,NA,NA,NA,NA
1849-10-11 15:00:00,13.89,NA,NA,NA,NA,NA,1005.08,NA,NA,NA,NA,NA,12.22,NA,-17.76,NA,NA,NA
1849-10-11 21:00:00,14.44,NA,NA,NA,NA,NA,999.32,NA,NA,NA,NA,NA,11.11,NA,NA,NA,NA,NA
1849-10-12,NA,NA,NA,NA,NA,NA,NA,NA,"10 am","1 pm",NA,1.9,NA,10.28,NA,NA,NA,",sh,"
1849-10-12 06:00:00,15,NA,NA,NA,NA,NA,996.95,NA,NA,NA,NA,NA,6.11,NA,NA,NA,NA,NA
1849-10-12 09:00:00,14.44,NA,NA,NA,NA,NA,996.28,NA,NA,NA,NA,NA,13.33,NA,NA,NA,NA,NA
1849-10-12 15:00:00,14.44,NA,NA,NA,NA,NA,995.26,NA,NA,NA,NA,NA,13.89,NA,-17.76,NA,NA,NA
1849-10-12 21:00:00,15,NA,NA,NA,NA,NA,998.98,NA,NA,NA,NA,NA,7.78,NA,NA,NA,NA,NA
1849-10-13,NA,NA,NA,NA,NA,NA,NA,NA,NA,NA,NA,0.89,NA,7.92,NA,NA,NA,NA
1849-10-13 06:00:00,14.44,NA,NA,NA,NA,NA,1001.69,NA,NA,NA,NA,NA,4.44,NA,NA,NA,NA,NA
1849-10-13 09:00:00,12.22,NA,NA,NA,NA,NA,1003.73,NA,NA,NA,NA,NA,9.44,NA,NA,NA,NA,NA
1849-10-13 15:00:00,12.78,NA,NA,NA,NA,NA,1006.1,NA,NA,NA,NA,NA,13.89,NA,-17.75,NA,NA,NA
1849-10-13 21:00:00,13.89,NA,NA,NA,NA,NA,1009.48,NA,NA,NA,NA,NA,3.89,NA,NA,NA,NA,NA
1849-10-14,NA,NA,NA,NA,NA,NA,NA,NA,NA,NA,NA,NA,NA,4.86,NA,NA,NA,NA
1849-10-14 06:00:00,13.33,NA,NA,NA,NA,NA,1012.87,NA,NA,NA,NA,NA,3.89,NA,NA,NA,NA,NA
1849-10-14 09:00:00,12.78,NA,NA,NA,NA,NA,1015.24,NA,NA,NA,NA,NA,6.67,NA,NA,NA,NA,NA
1849-10-14 15:00:00,12.78,NA,NA,NA,NA,NA,1017.27,NA,NA,NA,NA,NA,5.56,NA,-17.76,NA,NA,NA
1849-10-14 21:00:00,12.22,NA,NA,NA,NA,NA,1018.29,NA,NA,NA,NA,NA,3.33,NA,NA,NA,NA,NA
1849-10-15,NA,NA,NA,NA,NA,NA,NA,NA,NA,NA,NA,NA,NA,3.89,NA,NA,NA,",halo,"
1849-10-15 06:00:00,12.22,NA,NA,NA,NA,NA,1022.01,NA,NA,NA,NA,NA,1.11,NA,NA,NA,NA,NA
1849-10-15 09:00:00,12.22,NA,NA,NA,NA,NA,1019.3,NA,NA,NA,NA,NA,4.44,NA,NA,NA,NA,NA
1849-10-15 15:00:00,11.67,NA,NA,NA,NA,NA,1018.29,NA,NA,NA,NA,NA,7.78,NA,-17.72,NA,NA,NA
1849-10-15 21:00:00,11.67,NA,NA,NA,NA,NA,1017.95,NA,NA,NA,NA,NA,2.22,NA,NA,NA,NA,NA
1849-10-16,NA,NA,NA,NA,NA,NA,NA,NA,NA,NA,NA,NA,NA,5.28,NA,NA,NA,",frst,"
1849-10-16 06:00:00,11.67,NA,NA,NA,NA,NA,1018.63,NA,NA,NA,NA,NA,0,NA,NA,NA,NA,NA
1849-10-16 09:00:00,11.67,NA,NA,NA,NA,NA,1019.3,NA,NA,NA,NA,NA,8.33,NA,NA,NA,NA,NA
1849-10-16 15:00:00,12.22,NA,NA,NA,NA,NA,1022.01,NA,NA,NA,NA,NA,8.33,NA,-17.75,NA,NA,NA
1849-10-16 21:00:00,13.33,NA,NA,NA,NA,NA,1024.72,NA,NA,NA,NA,NA,4.44,NA,NA,NA,NA,NA
1849-10-17,NA,NA,NA,NA,NA,NA,NA,NA,NA,NA,NA,NA,NA,8.75,NA,NA,NA,NA
1849-10-17 06:00:00,12.22,NA,NA,NA,NA,NA,1024.38,NA,NA,NA,NA,NA,3.33,NA,NA,NA,NA,NA
1849-10-17 09:00:00,13.33,NA,NA,NA,NA,NA,1023.03,NA,NA,NA,NA,NA,10,NA,NA,NA,NA,NA
1849-10-17 15:00:00,13.33,NA,NA,NA,NA,NA,1018.63,NA,NA,NA,NA,NA,12.22,NA,-17.75,NA,NA,NA
1849-10-17 21:00:00,13.89,NA,NA,NA,NA,NA,1016.26,NA,NA,NA,NA,NA,9.44,NA,NA,NA,NA,NA
1849-10-18,NA,NA,NA,NA,NA,NA,NA,NA,NA,NA,NA,NA,NA,11.94,NA,NA,NA,NA
1849-10-18 06:00:00,13.89,NA,NA,NA,NA,NA,1012.53,NA,NA,NA,NA,NA,7.22,NA,NA,NA,NA,NA
1849-10-18 09:00:00,15,NA,NA,NA,NA,NA,1012.87,NA,NA,NA,NA,NA,15.56,NA,NA,NA,NA,NA
1849-10-18 15:00:00,16.67,NA,NA,NA,NA,NA,1011.85,NA,NA,NA,NA,NA,17.22,NA,-17.76,NA,NA,NA
1849-10-18 21:00:00,16.11,NA,NA,NA,NA,NA,1013.55,NA,NA,NA,NA,NA,7.78,NA,NA,NA,NA,NA
1849-10-19,NA,NA,NA,NA,NA,NA,NA,NA,NA,NA,NA,NA,NA,4.72,NA,NA,NA,",frst,"
1849-10-19 06:00:00,14.44,NA,NA,NA,NA,NA,1015.58,NA,NA,NA,NA,NA,0.56,NA,NA,NA,NA,NA
1849-10-19 09:00:00,12.22,NA,NA,NA,NA,NA,1017.61,NA,NA,NA,NA,NA,8.33,NA,NA,NA,NA,NA
1849-10-19 15:00:00,12.78,NA,NA,NA,NA,NA,1016.59,NA,NA,NA,NA,NA,10,NA,-17.75,NA,NA,NA
1849-10-19 21:00:00,13.33,NA,NA,NA,NA,NA,1017.61,NA,NA,NA,NA,NA,0,NA,NA,NA,NA,NA
1849-10-20,NA,NA,NA,NA,NA,NA,NA,NA,NA,NA,NA,NA,NA,2.36,NA,NA,NA,NA
1849-10-20 06:00:00,11.67,NA,NA,NA,NA,NA,1016.59,NA,NA,NA,NA,NA,-2.78,NA,NA,NA,NA,NA
1849-10-20 09:00:00,11.67,NA,NA,NA,NA,NA,1017.61,NA,NA,NA,NA,NA,5,NA,NA,NA,NA,NA
1849-10-20 15:00:00,11.67,NA,NA,NA,NA,NA,1016.59,NA,NA,NA,NA,NA,7.22,NA,-17.75,NA,NA,NA
1849-10-20 21:00:00,11.67,NA,NA,NA,NA,NA,1016.93,NA,NA,NA,NA,NA,0,NA,NA,NA,NA,NA
1849-10-21,NA,NA,NA,NA,NA,NA,NA,NA,NA,NA,NA,NA,NA,1.81,NA,NA,NA,NA
1849-10-21 06:00:00,10,NA,NA,NA,NA,NA,1017.27,NA,NA,NA,NA,NA,-2.78,NA,NA,NA,NA,NA
1849-10-21 09:00:00,10.56,NA,NA,NA,NA,NA,1018.29,NA,NA,NA,NA,NA,3.89,NA,NA,NA,NA,NA
1849-10-21 15:00:00,10.56,NA,NA,NA,NA,NA,1015.92,NA,NA,NA,NA,NA,6.67,NA,-17.77,NA,NA,NA
1849-10-21 21:00:00,10.56,NA,NA,NA,NA,NA,1015.24,NA,NA,NA,NA,NA,-0.56,NA,NA,NA,NA,NA
1849-10-22,NA,NA,NA,NA,NA,NA,NA,NA,"11 am",NA,NA,NA,NA,6.67,NA,NA,NA,NA
1849-10-22 06:00:00,10,NA,NA,NA,NA,NA,1012.53,NA,NA,NA,NA,NA,-2.22,NA,NA,NA,NA,NA
1849-10-22 09:00:00,10,NA,NA,NA,NA,NA,1011.18,NA,NA,NA,NA,NA,5.56,NA,NA,NA,NA,NA
1849-10-22 15:00:00,11.11,NA,NA,NA,NA,NA,1005.08,NA,NA,NA,NA,NA,10,NA,-17.76,NA,NA,NA
1849-10-22 21:00:00,12.22,NA,NA,NA,NA,NA,992.21,NA,NA,NA,NA,NA,13.33,NA,NA,NA,NA,NA
1849-10-23,NA,NA,NA,NA,NA,NA,NA,NA,NA,"9 am",NA,NA,NA,13.19,NA,NA,NA,",skc,"
1849-10-23 06:00:00,12.22,NA,NA,NA,NA,NA,989.5,NA,NA,NA,NA,NA,12.78,NA,NA,NA,NA,NA
1849-10-23 09:00:00,14.44,NA,NA,NA,NA,NA,992.55,NA,NA,NA,NA,NA,13.33,NA,NA,NA,NA,NA
1849-10-23 15:00:00,15.56,NA,NA,NA,NA,NA,995.6,NA,NA,NA,NA,NA,15.56,NA,-17.76,NA,NA,NA
1849-10-23 21:00:00,15.56,NA,NA,NA,NA,NA,1001.02,NA,NA,NA,NA,NA,11.11,NA,NA,NA,NA,NA
1849-10-24,NA,NA,NA,NA,NA,NA,NA,NA,"1 pm",NA,NA,2.54,NA,9.86,NA,NA,NA,",ra,"
1849-10-24 06:00:00,15,NA,NA,NA,NA,NA,999.32,NA,NA,NA,NA,NA,5,NA,NA,NA,NA,NA
1849-10-24 09:00:00,15.56,NA,NA,NA,NA,NA,998.31,NA,NA,NA,NA,NA,12.78,NA,NA,NA,NA,NA
1849-10-24 15:00:00,15,NA,NA,NA,NA,NA,992.55,NA,NA,NA,NA,NA,12.22,NA,-17.76,NA,NA,NA
1849-10-24 21:00:00,15.56,NA,NA,NA,NA,NA,991.87,NA,NA,NA,NA,NA,9.44,NA,NA,NA,NA,NA
1849-10-25,NA,NA,NA,NA,NA,NA,NA,NA,NA,"noon",NA,NA,NA,3.19,NA,NA,NA,NA
1849-10-25 06:00:00,13.89,NA,NA,NA,NA,NA,996.61,NA,NA,NA,NA,NA,2.78,NA,NA,NA,NA,NA
1849-10-25 09:00:00,13.89,NA,NA,NA,NA,NA,999.66,NA,NA,NA,NA,NA,3.89,NA,NA,NA,NA,NA
1849-10-25 15:00:00,12.78,NA,NA,NA,NA,NA,1003.73,NA,NA,NA,NA,NA,3.89,NA,-17.76,NA,NA,NA
1849-10-25 21:00:00,12.78,NA,NA,NA,NA,NA,1009.14,NA,NA,NA,NA,NA,2.22,NA,NA,NA,NA,NA
1849-10-26,NA,NA,NA,NA,NA,NA,NA,NA,NA,NA,NA,14.86,NA,1.39,NA,NA,NA,NA
1849-10-26 06:00:00,11.67,NA,NA,NA,NA,NA,1017.61,NA,NA,NA,NA,NA,1.67,NA,NA,NA,NA,NA
1849-10-26 09:00:00,11.11,NA,NA,NA,NA,NA,1021,NA,NA,NA,NA,NA,4.44,NA,NA,NA,NA,NA
1849-10-26 15:00:00,11.67,NA,NA,NA,NA,NA,1022.69,NA,NA,NA,NA,NA,6.11,NA,-17.77,NA,NA,NA
1849-10-26 21:00:00,11.11,NA,NA,NA,NA,NA,1023.03,NA,NA,NA,NA,NA,-2.22,NA,NA,NA,NA,NA
1849-10-27,NA,NA,NA,NA,NA,NA,NA,NA,NA,NA,NA,NA,NA,3.89,NA,NA,NA,NA
1849-10-27 06:00:00,10,NA,NA,NA,NA,NA,1018.63,NA,NA,NA,NA,NA,-2.78,NA,NA,NA,NA,NA
1849-10-27 09:00:00,10,NA,NA,NA,NA,NA,1016.93,NA,NA,NA,NA,NA,3.89,NA,NA,NA,NA,NA
1849-10-27 15:00:00,10.56,NA,NA,NA,NA,NA,1012.53,NA,NA,NA,NA,NA,10,NA,-17.77,NA,NA,NA
1849-10-27 21:00:00,11.67,NA,NA,NA,NA,NA,1013.21,NA,NA,NA,NA,NA,4.44,NA,NA,NA,NA,NA
1849-10-28,NA,NA,NA,NA,NA,NA,NA,NA,NA,NA,NA,NA,NA,1.67,NA,NA,NA,NA
1849-10-28 06:00:00,11.11,NA,NA,NA,NA,NA,1022.01,NA,NA,NA,NA,NA,-2.22,NA,NA,NA,NA,NA
1849-10-28 09:00:00,11.11,NA,NA,NA,NA,NA,1024.04,NA,NA,NA,NA,NA,2.78,NA,NA,NA,NA,NA
1849-10-28 15:00:00,11.67,NA,NA,NA,NA,NA,1025.06,NA,NA,NA,NA,NA,6.11,NA,-17.76,NA,NA,NA
1849-10-28 21:00:00,11.11,NA,NA,NA,NA,NA,1024.72,NA,NA,NA,NA,NA,0,NA,NA,NA,NA,NA
1849-10-29,NA,NA,NA,NA,NA,NA,NA,NA,NA,NA,NA,NA,NA,7.92,NA,NA,NA,NA
1849-10-29 06:00:00,10.56,NA,NA,NA,NA,NA,1022.35,NA,NA,NA,NA,NA,-0.56,NA,NA,NA,NA,NA
1849-10-29 09:00:00,10.56,NA,NA,NA,NA,NA,1022.35,NA,NA,NA,NA,NA,8.33,NA,NA,NA,NA,NA
1849-10-29 15:00:00,13.33,NA,NA,NA,NA,NA,1020.32,NA,NA,NA,NA,NA,13.89,NA,-17.74,NA,NA,NA
1849-10-29 21:00:00,13.33,NA,NA,NA,NA,NA,1019.3,NA,NA,NA,NA,NA,10,NA,NA,NA,NA,NA
1849-10-30,NA,NA,NA,NA,NA,NA,NA,NA,"12 pm",NA,NA,NA,NA,16.11,NA,NA,NA,NA
1849-10-30 06:00:00,14.44,NA,NA,NA,NA,NA,1012.53,NA,NA,NA,NA,NA,9.44,NA,NA,NA,NA,NA
1849-10-30 09:00:00,15.56,NA,NA,NA,NA,NA,1011.85,NA,NA,NA,NA,NA,17.78,NA,NA,NA,NA,NA
1849-10-30 15:00:00,17.78,NA,NA,NA,NA,NA,1007.11,NA,NA,NA,NA,NA,20,NA,-17.76,NA,NA,NA
1849-10-30 21:00:00,17.78,NA,NA,NA,NA,NA,1004.06,NA,NA,NA,NA,NA,17.22,NA,NA,NA,NA,NA
1849-10-31,NA,NA,NA,NA,NA,NA,NA,NA,NA,"6 am",NA,NA,NA,10.28,NA,NA,NA,NA
1849-10-31 06:00:00,17.78,NA,NA,NA,NA,NA,1000.68,NA,NA,NA,NA,NA,10,NA,NA,NA,NA,NA
1849-10-31 09:00:00,16.11,NA,NA,NA,NA,NA,1004.4,NA,NA,NA,NA,NA,11.11,NA,NA,NA,NA,NA
1849-10-31 15:00:00,16.11,NA,NA,NA,NA,NA,1007.45,NA,NA,NA,NA,NA,12.78,NA,-17.75,NA,NA,NA
1849-10-31 21:00:00,16.11,NA,NA,NA,NA,NA,1013.88,NA,NA,NA,NA,NA,7.22,NA,NA,NA,NA,NA
1849-11-01,NA,NA,NA,NA,NA,NA,NA,NA,"1 am","2 pm",NA,24.76,NA,7.64,NA,NA,NA,NA
1849-11-01 06:00:00,15,NA,NA,NA,NA,NA,1012.87,NA,NA,NA,NA,NA,1.11,NA,NA,NA,NA,NA
1849-11-01 09:00:00,14.44,NA,NA,NA,NA,NA,1011.51,NA,NA,NA,NA,NA,9.44,NA,NA,NA,NA,NA
1849-11-01 15:00:00,15,NA,NA,NA,NA,NA,1008.13,NA,NA,NA,NA,NA,11.11,NA,-17.77,NA,NA,NA
1849-11-01 21:00:00,15,NA,NA,NA,NA,NA,1009.48,NA,NA,NA,NA,NA,8.89,NA,NA,NA,NA,NA
1849-11-02,NA,NA,NA,NA,NA,NA,NA,NA,"1 am","9 pm",NA,3.3,NA,7.08,NA,NA,NA,",ra,"
1849-11-02 06:00:00,14.44,NA,NA,NA,NA,NA,1008.13,NA,NA,NA,NA,NA,6.67,NA,NA,NA,NA,NA
1849-11-02 09:00:00,14.44,NA,NA,NA,NA,NA,1006.77,NA,NA,NA,NA,NA,7.22,NA,NA,NA,NA,NA
1849-11-02 15:00:00,14.44,NA,NA,NA,NA,NA,1001.69,NA,NA,NA,NA,NA,8.89,NA,-17.78,NA,NA,NA
1849-11-02 21:00:00,13.89,NA,NA,NA,NA,NA,1002.03,NA,NA,NA,NA,NA,5.56,NA,NA,NA,NA,NA
1849-11-03,NA,NA,NA,NA,NA,NA,NA,NA,"9 am","2 pm",NA,17.65,NA,5,NA,NA,NA,NA
1849-11-03 06:00:00,13.33,NA,NA,NA,NA,NA,1003.73,NA,NA,NA,NA,NA,1.11,NA,NA,NA,NA,NA
1849-11-03 09:00:00,12.78,NA,NA,NA,NA,NA,1005.42,NA,NA,NA,NA,NA,5.56,NA,NA,NA,NA,NA
1849-11-03 15:00:00,12.22,NA,NA,NA,NA,NA,1001.69,NA,NA,NA,NA,NA,7.22,NA,-17.78,NA,NA,NA
1849-11-03 21:00:00,12.22,NA,NA,NA,NA,NA,1003.05,NA,NA,NA,NA,NA,6.11,NA,NA,NA,NA,NA
1849-11-04,NA,NA,NA,NA,NA,NA,NA,NA,"12 am","and at night",NA,5.79,NA,5.56,NA,NA,NA,NA
1849-11-04 06:00:00,12.22,NA,NA,NA,NA,NA,1001.69,NA,NA,NA,NA,NA,5,NA,NA,NA,NA,NA
1849-11-04 09:00:00,12.78,NA,NA,NA,NA,NA,1003.39,NA,NA,NA,NA,NA,6.11,NA,NA,NA,NA,NA
1849-11-04 15:00:00,12.22,NA,NA,NA,NA,NA,1004.4,NA,NA,NA,NA,NA,6.67,NA,-17.77,NA,NA,NA
1849-11-04 21:00:00,12.22,NA,NA,NA,NA,NA,1009.82,NA,NA,NA,NA,NA,4.44,NA,NA,NA,NA,NA
1849-11-05,NA,NA,NA,NA,NA,NA,NA,NA,"11 am","1 pm",NA,2.03,NA,4.03,NA,NA,NA,",ra,"
1849-11-05 06:00:00,11.67,NA,NA,NA,NA,NA,1013.55,NA,NA,NA,NA,NA,1.11,NA,NA,NA,NA,NA
1849-11-05 09:00:00,11.67,NA,NA,NA,NA,NA,1015.24,NA,NA,NA,NA,NA,6.11,NA,NA,NA,NA,NA
1849-11-05 15:00:00,11.67,NA,NA,NA,NA,NA,1014.9,NA,NA,NA,NA,NA,5.56,NA,-17.77,NA,NA,NA
1849-11-05 21:00:00,11.11,NA,NA,NA,NA,NA,1016.59,NA,NA,NA,NA,NA,3.33,NA,NA,NA,NA,NA
1849-11-06,NA,NA,NA,NA,NA,NA,NA,NA,"empty","empty",NA,0.41,NA,2.78,NA,NA,NA,NA
1849-11-06 06:00:00,11.11,NA,NA,NA,NA,NA,1016.59,NA,NA,NA,NA,NA,1.67,NA,NA,NA,NA,NA
1849-11-06 09:00:00,10.56,NA,NA,NA,NA,NA,1017.27,NA,NA,NA,NA,NA,5,NA,NA,NA,NA,NA
1849-11-06 15:00:00,11.11,NA,NA,NA,NA,NA,1015.92,NA,NA,NA,NA,NA,6.67,NA,-17.77,NA,NA,NA
1849-11-06 21:00:00,11.11,NA,NA,NA,NA,NA,1013.88,NA,NA,NA,NA,NA,-2.22,NA,NA,NA,NA,NA
1849-11-07,NA,NA,NA,NA,NA,NA,NA,NA,"2 pm","12 pm",NA,0,NA,2.5,NA,NA,NA,NA
1849-11-07 06:00:00,10,NA,NA,NA,NA,NA,1010.84,NA,NA,NA,NA,NA,-2.78,NA,NA,NA,NA,NA
1849-11-07 09:00:00,10,NA,NA,NA,NA,NA,1011.51,NA,NA,NA,NA,NA,3.89,NA,NA,NA,NA,NA
1849-11-07 15:00:00,10,NA,NA,NA,NA,NA,1011.18,NA,NA,NA,NA,NA,5.56,NA,-17.76,NA,NA,NA
1849-11-07 21:00:00,10,NA,NA,NA,NA,NA,1014.22,NA,NA,NA,NA,NA,3.33,NA,NA,NA,NA,NA
1849-11-08,NA,NA,NA,NA,NA,NA,NA,NA,"empty","empty",NA,4.57,NA,3.47,NA,NA,NA,NA
1849-11-08 06:00:00,10,NA,NA,NA,NA,NA,1015.92,NA,NA,NA,NA,NA,1.67,NA,NA,NA,NA,NA
1849-11-08 09:00:00,10,NA,45,NA,NA,NA,1018.29,NA,NA,NA,NA,NA,5,NA,NA,NA,NA,NA
1849-11-08 15:00:00,11.11,NA,NA,22.5,NA,NA,1018.96,NA,NA,NA,NA,NA,6.67,NA,-17.76,NA,NA,NA
1849-11-08 21:00:00,12.22,NA,NA,NA,NA,NA,1021,NA,NA,NA,NA,NA,0.56,NA,NA,NA,NA,NA
1849-11-09,NA,NA,NA,NA,NA,NA,NA,NA,"empty","empty",NA,0,NA,0.83,NA,NA,NA,NA
1849-11-09 06:00:00,10.56,NA,NA,NA,NA,NA,1022.35,NA,NA,NA,NA,NA,-2.78,NA,NA,NA,NA,NA
1849-11-09 09:00:00,10.56,NA,NA,NA,NA,NA,1023.71,NA,NA,NA,NA,NA,0.56,NA,NA,NA,NA,NA
1849-11-09 15:00:00,10.56,NA,NA,NA,NA,NA,1023.37,NA,NA,NA,NA,NA,6.11,NA,-17.77,NA,NA,NA
1849-11-09 21:00:00,10,NA,NA,NA,NA,NA,1024.04,NA,NA,NA,NA,NA,-0.56,NA,NA,NA,NA,NA
1849-11-10,NA,NA,NA,NA,NA,NA,NA,NA,"11 pm","empty",NA,0,NA,4.17,NA,NA,NA,NA
1849-11-10 06:00:00,9.44,NA,NA,NA,NA,NA,1022.69,NA,NA,NA,NA,NA,-1.11,NA,NA,NA,NA,NA
1849-11-10 09:00:00,10,NA,NA,NA,NA,NA,1022.35,NA,NA,NA,NA,NA,3.89,NA,NA,NA,NA,NA
1849-11-10 15:00:00,11.11,NA,NA,NA,NA,NA,1018.96,NA,NA,NA,NA,NA,7.22,NA,-17.76,NA,NA,NA
1849-11-10 21:00:00,11.67,NA,NA,NA,NA,NA,1015.92,NA,NA,NA,NA,NA,6.67,NA,NA,NA,NA,NA
1849-11-11,NA,NA,NA,NA,NA,NA,NA,NA,"empty","noon",NA,0,NA,9.86,NA,NA,NA,",ra,"
1849-11-11 06:00:00,12.78,NA,NA,NA,NA,NA,1011.51,NA,NA,NA,NA,NA,6.67,NA,NA,NA,NA,NA
1849-11-11 09:00:00,12.78,NA,NA,NA,NA,NA,1010.5,NA,NA,NA,NA,NA,11.67,NA,NA,NA,NA,NA
1849-11-11 15:00:00,12.78,NA,NA,NA,NA,NA,1003.05,NA,NA,NA,NA,NA,13.89,NA,-17.77,NA,NA,NA
1849-11-11 21:00:00,12.78,NA,NA,NA,NA,NA,1002.37,NA,NA,NA,NA,NA,7.22,NA,NA,NA,NA,NA
1849-11-12,NA,NA,NA,NA,NA,NA,NA,NA,"empty","empty",NA,8.89,NA,7.78,NA,NA,NA,NA
1849-11-12 06:00:00,13.89,NA,NA,NA,NA,NA,1003.39,NA,NA,NA,NA,NA,5,NA,NA,NA,NA,NA
1849-11-12 09:00:00,13.33,NA,NA,NA,NA,NA,1004.06,NA,NA,NA,NA,NA,8.89,NA,NA,NA,NA,NA
1849-11-12 15:00:00,13.89,NA,NA,NA,NA,NA,1002.71,NA,NA,NA,NA,NA,10,NA,-17.77,NA,NA,NA
1849-11-12 21:00:00,13.33,NA,NA,NA,NA,NA,1002.71,NA,NA,NA,NA,NA,7.22,NA,NA,NA,NA,NA
1849-11-13,NA,NA,NA,NA,NA,NA,NA,NA,"1 am","noon",NA,0,NA,6.25,NA,NA,NA,NA
1849-11-13 06:00:00,13.33,NA,NA,NA,NA,NA,1003.05,NA,NA,NA,NA,NA,6.11,NA,NA,NA,NA,NA
1849-11-13 09:00:00,11.67,NA,NA,NA,NA,NA,1005.08,NA,NA,NA,NA,NA,6.67,NA,NA,NA,NA,NA
1849-11-13 15:00:00,11.67,NA,NA,NA,NA,NA,1003.73,NA,NA,NA,NA,NA,7.22,NA,-17.77,NA,NA,NA
1849-11-13 21:00:00,13.33,NA,NA,NA,NA,NA,1004.06,NA,NA,NA,NA,NA,5,NA,NA,NA,NA,NA
1849-11-14,NA,NA,NA,NA,NA,NA,NA,NA,"empty","empty",NA,1.98,NA,3.33,NA,NA,NA,NA
1849-11-14 06:00:00,12.22,NA,NA,NA,NA,NA,998.31,NA,NA,NA,NA,NA,0,NA,NA,NA,NA,NA
1849-11-14 09:00:00,12.22,NA,NA,NA,NA,NA,999.32,NA,NA,NA,NA,NA,6.67,NA,NA,NA,NA,NA
1849-11-14 15:00:00,10.56,NA,NA,NA,NA,NA,998.98,NA,NA,NA,NA,NA,7.22,NA,-17.77,NA,NA,NA
1849-11-14 21:00:00,11.67,NA,NA,NA,NA,NA,1003.05,NA,NA,NA,NA,NA,-0.56,NA,NA,NA,NA,NA
1849-11-15,NA,NA,NA,NA,NA,NA,NA,NA,"10 am","7 pm",NA,0,NA,0.97,NA,NA,NA,",sn,"
1849-11-15 06:00:00,11.11,NA,NA,NA,NA,NA,1005.08,NA,NA,NA,NA,NA,-2.22,NA,NA,NA,NA,NA
1849-11-15 09:00:00,10.56,NA,NA,NA,NA,NA,1006.1,NA,NA,NA,NA,NA,-0.56,NA,NA,NA,NA,NA
1849-11-15 15:00:00,10.56,NA,NA,NA,NA,NA,1006.77,NA,NA,NA,NA,NA,3.33,NA,-17.77,NA,NA,NA
1849-11-15 21:00:00,11.11,NA,NA,NA,NA,NA,1010.5,NA,NA,NA,NA,NA,3.33,NA,NA,NA,NA,NA
1849-11-16,NA,NA,NA,NA,NA,NA,NA,NA,"empty","empty",NA,2.34,NA,0.83,NA,NA,NA,NA
1849-11-16 06:00:00,10.56,NA,NA,NA,NA,NA,1014.56,NA,NA,NA,NA,NA,0,NA,NA,NA,NA,NA
1849-11-16 09:00:00,10.56,NA,NA,NA,NA,NA,1016.59,NA,NA,NA,NA,NA,1.67,NA,NA,NA,NA,NA
1849-11-16 15:00:00,10.56,NA,NA,NA,NA,NA,1016.26,NA,NA,NA,NA,NA,3.89,NA,-17.76,NA,NA,NA
1849-11-16 21:00:00,10.56,NA,NA,NA,NA,NA,1015.92,NA,NA,NA,NA,NA,-2.22,NA,NA,NA,NA,NA
1849-11-17,NA,NA,NA,NA,NA,NA,NA,NA,"empty","empty",NA,0,NA,2.5,NA,NA,NA,NA
1849-11-17 06:00:00,9.44,NA,NA,NA,NA,NA,1013.21,NA,NA,NA,NA,NA,-3.89,NA,NA,NA,NA,NA
1849-11-17 09:00:00,10,NA,NA,NA,NA,NA,1013.88,NA,NA,NA,NA,NA,4.44,NA,NA,NA,NA,NA
1849-11-17 15:00:00,10,NA,NA,NA,NA,NA,1011.18,NA,NA,NA,NA,NA,8.89,NA,-17.76,NA,NA,NA
1849-11-17 21:00:00,11.11,NA,NA,NA,NA,NA,1011.18,NA,NA,NA,NA,NA,0.56,NA,NA,NA,NA,NA
1849-11-18,NA,NA,NA,NA,NA,NA,NA,NA,"empty","empty",NA,0,NA,3.19,NA,NA,NA,NA
1849-11-18 06:00:00,10,NA,NA,NA,NA,NA,1011.51,NA,NA,NA,NA,NA,-2.78,NA,NA,NA,NA,NA
1849-11-18 09:00:00,10.56,NA,NA,NA,NA,NA,1012.87,NA,NA,NA,NA,NA,3.33,NA,NA,NA,NA,NA
1849-11-18 15:00:00,11.11,NA,NA,NA,NA,NA,1013.55,NA,NA,NA,NA,NA,9.44,NA,-17.76,NA,NA,NA
1849-11-18 21:00:00,11.67,NA,NA,NA,NA,NA,1015.58,NA,NA,NA,NA,NA,2.78,NA,NA,NA,NA,NA
1849-11-19,NA,NA,NA,NA,NA,NA,NA,NA,"empty","empty",NA,0,NA,2.64,NA,NA,NA,NA
1849-11-19 06:00:00,10.56,NA,NA,NA,NA,NA,1017.27,NA,NA,NA,NA,NA,-2.22,NA,NA,NA,NA,NA
1849-11-19 09:00:00,10.56,NA,NA,NA,NA,NA,1018.63,NA,NA,NA,NA,NA,2.78,NA,NA,NA,NA,NA
1849-11-19 15:00:00,11.11,NA,NA,NA,NA,NA,1016.93,NA,NA,NA,NA,NA,7.22,NA,-17.76,NA,NA,NA
1849-11-19 21:00:00,11.11,NA,NA,NA,NA,NA,1015.92,NA,NA,NA,NA,NA,2.78,NA,NA,NA,NA,NA
1849-11-20,NA,NA,NA,NA,NA,NA,NA,NA,"10 am","6 pm",NA,0,NA,5.83,NA,NA,NA,",skc,"
1849-11-20 06:00:00,10,NA,NA,NA,NA,NA,1009.14,NA,NA,NA,NA,NA,1.67,NA,NA,NA,NA,NA
1849-11-20 09:00:00,10,NA,NA,NA,NA,NA,1006.77,NA,NA,NA,NA,NA,5,NA,NA,NA,NA,NA
1849-11-20 15:00:00,11.67,NA,NA,NA,NA,NA,998.98,NA,NA,NA,NA,NA,6.67,NA,-17.77,NA,NA,NA
1849-11-20 21:00:00,12.22,NA,NA,NA,NA,NA,992.21,NA,NA,NA,NA,NA,10,NA,NA,NA,NA,NA
1849-11-21,NA,NA,NA,NA,NA,NA,NA,NA,"8 pm","empty",NA,1.96,NA,7.08,NA,NA,NA,NA
1849-11-21 06:00:00,12.78,NA,NA,NA,NA,NA,992.21,NA,NA,NA,NA,NA,6.11,NA,NA,NA,NA,NA
1849-11-21 09:00:00,12.78,NA,NA,NA,NA,NA,993.57,NA,NA,NA,NA,NA,8.33,NA,NA,NA,NA,NA
1849-11-21 15:00:00,13.33,NA,NA,NA,NA,NA,993.23,NA,NA,NA,NA,NA,9.44,NA,-17.77,NA,NA,NA
1849-11-21 21:00:00,13.33,NA,NA,NA,NA,NA,995.6,NA,NA,NA,NA,NA,4.44,NA,NA,NA,NA,NA
1849-11-22,NA,NA,NA,NA,NA,NA,NA,NA,"empty","10 am",NA,0,NA,3.89,NA,NA,NA,NA
1849-11-22 06:00:00,11.67,NA,NA,NA,NA,NA,999.66,NA,NA,NA,NA,NA,2.78,NA,NA,NA,NA,NA
1849-11-22 09:00:00,11.67,NA,NA,NA,NA,NA,1002.03,NA,NA,NA,NA,NA,3.89,NA,NA,NA,NA,NA
1849-11-22 15:00:00,12.78,NA,NA,NA,NA,NA,1004.74,NA,NA,NA,NA,NA,5.56,NA,-17.77,NA,NA,NA
1849-11-22 21:00:00,12.78,NA,NA,NA,NA,NA,1009.82,NA,NA,NA,NA,NA,3.33,NA,NA,NA,NA,NA
1849-11-23,NA,NA,NA,NA,NA,NA,NA,NA,"empty","empty",NA,2.08,NA,3.33,NA,NA,NA,NA
1849-11-23 06:00:00,11.67,NA,NA,NA,NA,NA,1012.87,NA,NA,NA,NA,NA,2.22,NA,NA,NA,NA,NA
1849-11-23 09:00:00,11.67,NA,NA,NA,NA,NA,1014.9,NA,NA,NA,NA,NA,3.89,NA,NA,NA,NA,NA
1849-11-23 15:00:00,11.67,NA,NA,NA,NA,NA,1014.56,NA,NA,NA,NA,NA,4.44,NA,-17.77,NA,NA,NA
1849-11-23 21:00:00,11.11,NA,NA,NA,NA,NA,1015.58,NA,NA,NA,NA,NA,2.78,NA,NA,NA,NA,NA
1849-11-24,NA,NA,NA,NA,NA,NA,NA,NA,"3 pm","5 pm",NA,0,NA,4.44,NA,NA,NA,",skc,"
1849-11-24 06:00:00,11.11,NA,NA,NA,NA,NA,1014.9,NA,NA,NA,NA,NA,2.22,NA,NA,NA,NA,NA
1849-11-24 09:00:00,11.11,NA,NA,NA,NA,NA,1013.88,NA,NA,NA,NA,NA,4.44,NA,NA,NA,NA,NA
1849-11-24 15:00:00,11.67,NA,NA,NA,NA,NA,1012.19,NA,NA,NA,NA,NA,7.22,NA,-17.77,NA,NA,NA
1849-11-24 21:00:00,11.67,NA,NA,NA,NA,NA,1014.56,NA,NA,NA,NA,NA,3.89,NA,NA,NA,NA,NA
1849-11-25,NA,NA,NA,NA,NA,NA,NA,NA,"empty","empty",NA,1.52,NA,2.08,NA,NA,NA,NA
1849-11-25 06:00:00,11.11,NA,NA,NA,NA,NA,1018.29,NA,NA,NA,NA,NA,-0.56,NA,NA,NA,NA,NA
1849-11-25 09:00:00,11.11,NA,NA,NA,NA,NA,1019.98,NA,NA,NA,NA,NA,2.78,NA,NA,NA,NA,NA
1849-11-25 15:00:00,10.56,NA,NA,NA,NA,NA,1019.64,NA,NA,NA,NA,NA,3.89,NA,-17.77,NA,NA,NA
1849-11-25 21:00:00,10.56,NA,NA,NA,NA,NA,1018.63,NA,NA,NA,NA,NA,2.22,NA,NA,NA,NA,NA
1849-11-26,NA,NA,NA,NA,NA,NA,NA,NA,"1 am","8 am",NA,0,NA,10.28,NA,NA,NA,",halo,"
1849-11-26 06:00:00,11.11,NA,NA,NA,NA,NA,1005.76,NA,NA,NA,NA,NA,6.67,NA,NA,NA,NA,NA
1849-11-26 09:00:00,11.67,NA,NA,NA,NA,NA,1004.06,NA,NA,NA,NA,NA,10,NA,NA,NA,NA,NA
1849-11-26 15:00:00,12.22,NA,NA,NA,NA,NA,998.98,NA,NA,NA,NA,NA,14.44,NA,-17.77,NA,NA,NA
1849-11-26 21:00:00,15,NA,NA,NA,NA,NA,998.98,NA,NA,NA,NA,NA,10,NA,NA,NA,NA,NA
1849-11-27,NA,NA,NA,NA,NA,NA,NA,NA,"empty","empty",NA,4.57,NA,1.53,NA,NA,NA,",halo,"
1849-11-27 06:00:00,13.33,NA,NA,NA,NA,NA,997.97,NA,NA,NA,NA,NA,1.11,NA,NA,NA,NA,NA
1849-11-27 09:00:00,13.33,NA,NA,NA,NA,NA,997.29,NA,NA,NA,NA,NA,1.11,NA,NA,NA,NA,NA
1849-11-27 15:00:00,13.33,NA,NA,NA,NA,NA,995.6,NA,NA,NA,NA,NA,6.67,NA,-17.77,NA,NA,NA
1849-11-27 21:00:00,12.22,NA,NA,NA,NA,NA,997.97,NA,NA,NA,NA,NA,2.78,NA,NA,NA,NA,NA
1849-11-28,NA,NA,NA,NA,NA,NA,NA,NA,"1 am","4 pm",NA,0,NA,-0.83,NA,NA,NA,",sn,"
1849-11-28 06:00:00,11.11,NA,NA,NA,NA,NA,999.66,NA,NA,NA,NA,NA,-2.78,NA,NA,NA,NA,NA
1849-11-28 09:00:00,11.11,NA,NA,NA,NA,NA,1001.36,NA,NA,NA,NA,NA,0,NA,NA,NA,NA,NA
1849-11-28 15:00:00,10.56,NA,NA,NA,NA,NA,1002.37,NA,NA,NA,NA,NA,1.67,NA,-17.77,NA,NA,NA
1849-11-28 21:00:00,10,NA,NA,NA,NA,NA,1005.76,NA,NA,NA,NA,NA,-2.22,NA,NA,NA,NA,NA
1849-11-29,NA,NA,NA,NA,NA,NA,NA,NA,"11 pm","12 pm",NA,1.52,NA,-4.17,NA,NA,NA,",sn,"
1849-11-29 06:00:00,8.33,NA,NA,NA,NA,NA,1006.1,NA,NA,NA,NA,NA,-7.78,NA,NA,NA,NA,NA
1849-11-29 09:00:00,9.44,NA,NA,NA,NA,NA,1007.11,NA,NA,NA,NA,NA,-3.89,NA,NA,NA,NA,NA
1849-11-29 15:00:00,9.44,NA,NA,NA,NA,NA,1004.74,NA,NA,NA,NA,NA,-1.67,NA,-17.76,NA,NA,NA
1849-11-29 21:00:00,8.33,NA,NA,NA,NA,NA,1001.69,NA,NA,NA,NA,NA,-3.33,NA,NA,NA,NA,NA
1849-11-30,NA,NA,NA,NA,NA,NA,NA,NA,"empty","empty",NA,3.71,NA,-2.22,NA,NA,NA,NA
1849-11-30 06:00:00,7.22,NA,NA,NA,NA,NA,995.26,NA,NA,NA,NA,NA,-5.56,NA,NA,NA,NA,NA
1849-11-30 09:00:00,7.22,NA,NA,NA,NA,NA,994.92,NA,NA,NA,NA,NA,-1.11,NA,NA,NA,NA,NA
1849-11-30 15:00:00,8.33,NA,NA,NA,NA,NA,993.57,NA,NA,NA,NA,NA,1.11,NA,-17.76,NA,NA,NA
1849-11-30 21:00:00,7.78,NA,NA,NA,NA,NA,997.97,NA,NA,NA,NA,NA,-3.33,NA,NA,NA,NA,NA
1849-12-01,NA,NA,NA,NA,NA,NA,NA,NA,"10 am","12 pm",NA,0,NA,-3.89,NA,NA,NA,",sn,"
1849-12-01 06:00:00,7.22,NA,NA,NA,NA,NA,1005.42,NA,NA,NA,NA,NA,-10.56,NA,NA,NA,NA,NA
1849-12-01 09:00:00,9.44,NA,NA,NA,NA,NA,1006.1,NA,NA,NA,NA,NA,-5.56,NA,NA,NA,NA,NA
1849-12-01 15:00:00,12.22,NA,NA,NA,NA,NA,998.98,NA,NA,NA,NA,NA,-0.56,NA,NA,NA,NA,NA
1849-12-01 21:00:00,12.78,NA,NA,NA,NA,NA,984.76,NA,NA,NA,NA,NA,1.11,NA,NA,NA,NA,NA
1849-12-02,NA,NA,NA,NA,NA,NA,NA,NA,"empty","empty",NA,2.29,NA,-10,NA,NA,NA,NA
1849-12-02 06:00:00,10,NA,NA,NA,NA,NA,1006.43,NA,NA,NA,NA,NA,-13.33,NA,NA,NA,NA,NA
1849-12-02 09:00:00,8.33,NA,NA,NA,NA,NA,1008.81,NA,NA,NA,NA,NA,-12.22,NA,NA,NA,NA,NA
1849-12-02 15:00:00,8.33,NA,NA,NA,NA,NA,1014.22,NA,NA,NA,NA,NA,-6.67,NA,NA,NA,NA,NA
1849-12-02 21:00:00,15,NA,NA,NA,NA,NA,1022.01,NA,NA,NA,NA,NA,-7.78,NA,NA,NA,NA,NA
1849-12-03,NA,NA,NA,NA,NA,NA,NA,NA,"9 pm","12 pm",NA,0,NA,-6.94,NA,NA,NA,",sn,"
1849-12-03 06:00:00,9.44,NA,NA,NA,NA,NA,1024.04,NA,NA,NA,NA,NA,-11.11,NA,NA,NA,NA,NA
1849-12-03 09:00:00,9.44,NA,NA,NA,NA,NA,1025.74,NA,NA,NA,NA,NA,-7.78,NA,NA,NA,NA,NA
1849-12-03 15:00:00,9.44,NA,NA,NA,NA,NA,1022.35,NA,NA,NA,NA,NA,-3.89,NA,NA,NA,NA,NA
1849-12-03 21:00:00,9.44,NA,NA,NA,NA,NA,1017.27,NA,NA,NA,NA,NA,-5,NA,NA,NA,NA,NA
1849-12-04,NA,NA,NA,NA,NA,NA,NA,NA,"empty","empty",NA,10.67,NA,-0.83,NA,NA,NA,NA
1849-12-04 06:00:00,8.33,NA,NA,NA,NA,NA,1008.13,NA,NA,NA,NA,NA,-4.44,NA,NA,NA,NA,NA
1849-12-04 09:00:00,8.33,NA,NA,NA,NA,NA,1007.79,NA,NA,NA,NA,NA,-0.56,NA,NA,NA,NA,NA
1849-12-04 15:00:00,15,NA,NA,NA,NA,NA,1006.1,NA,NA,NA,NA,NA,1.67,NA,NA,NA,NA,NA
1849-12-04 21:00:00,13.89,NA,NA,NA,NA,NA,1005.08,NA,NA,NA,NA,NA,0,NA,NA,NA,NA,NA
1849-12-05,NA,NA,NA,NA,NA,NA,NA,NA,"2 am | 5 pm","8 am | 12 pm",NA,0,NA,1.11,NA,NA,NA,",sn,"
1849-12-05 06:00:00,11.11,NA,NA,NA,NA,NA,1004.4,NA,NA,NA,NA,NA,-3.89,NA,NA,NA,NA,NA
1849-12-05 09:00:00,10.56,NA,NA,NA,NA,NA,1004.74,NA,NA,NA,NA,NA,0,NA,NA,NA,NA,NA
1849-12-05 15:00:00,11.67,NA,NA,NA,NA,NA,1002.37,NA,NA,NA,NA,NA,6.11,NA,NA,NA,NA,NA
1849-12-05 21:00:00,11.67,NA,NA,NA,NA,NA,998.98,NA,NA,NA,NA,NA,2.22,NA,NA,NA,NA,NA
1849-12-06,NA,NA,NA,NA,NA,NA,NA,NA,"3 pm","11 pm",NA,NA,NA,0.83,NA,NA,NA,",sn,"
1849-12-06 06:00:00,11.11,NA,NA,NA,NA,NA,996.61,NA,NA,NA,NA,NA,-1.11,NA,NA,NA,NA,NA
1849-12-06 09:00:00,11.11,NA,NA,NA,NA,NA,996.95,NA,NA,NA,NA,NA,0.56,NA,NA,NA,NA,NA
1849-12-06 15:00:00,12.78,NA,NA,NA,NA,NA,994.58,NA,NA,NA,NA,NA,4.44,NA,NA,NA,NA,NA
1849-12-06 21:00:00,14.44,NA,NA,NA,NA,NA,993.23,NA,NA,NA,NA,NA,-0.56,NA,NA,NA,NA,NA
1849-12-07,NA,NA,NA,NA,NA,NA,NA,NA,"empty","empty",NA,0.76,NA,-5.83,NA,NA,NA,NA
1849-12-07 06:00:00,11.11,NA,NA,NA,NA,NA,989.84,NA,NA,NA,NA,NA,-7.22,NA,NA,NA,NA,NA
1849-12-07 09:00:00,11.11,NA,NA,NA,NA,NA,990.18,NA,NA,NA,NA,NA,-3.33,NA,NA,NA,NA,NA
1849-12-07 15:00:00,11.67,NA,NA,NA,NA,NA,990.52,NA,NA,NA,NA,NA,-6.11,NA,NA,NA,NA,NA
1849-12-07 21:00:00,10,NA,NA,NA,NA,NA,992.55,NA,NA,NA,NA,NA,-6.67,NA,NA,NA,NA,NA
1849-12-08,NA,NA,NA,NA,NA,NA,NA,NA,"empty","empty",NA,0,NA,-4.72,NA,NA,NA,NA
1849-12-08 06:00:00,7.22,NA,NA,NA,NA,NA,992.55,NA,NA,NA,NA,NA,-8.89,NA,NA,NA,NA,NA
1849-12-08 09:00:00,7.22,NA,NA,NA,NA,NA,993.23,NA,NA,NA,NA,NA,-5.56,NA,NA,NA,NA,NA
1849-12-08 15:00:00,12.78,NA,NA,NA,NA,NA,996.61,NA,NA,NA,NA,NA,-1.67,NA,NA,NA,NA,NA
1849-12-08 21:00:00,13.89,NA,NA,NA,NA,NA,1000.68,NA,NA,NA,NA,NA,-2.78,NA,NA,NA,NA,NA
1849-12-09,NA,NA,NA,NA,NA,NA,NA,NA,"empty","empty",NA,0,NA,-5.56,NA,NA,NA,NA
1849-12-09 06:00:00,13.89,NA,NA,NA,NA,NA,1005.08,NA,NA,NA,NA,NA,-5.56,NA,NA,NA,NA,NA
1849-12-09 09:00:00,12.22,NA,NA,NA,NA,NA,1007.11,NA,NA,NA,NA,NA,-3.33,NA,NA,NA,NA,NA
1849-12-09 15:00:00,15.56,NA,NA,NA,NA,NA,1008.47,NA,NA,NA,NA,NA,-2.78,NA,NA,NA,NA,NA
1849-12-09 21:00:00,13.89,NA,NA,NA,NA,NA,1005.76,NA,NA,NA,NA,NA,-7.78,NA,NA,NA,NA,NA
1849-12-10,NA,NA,NA,NA,NA,NA,NA,NA,"1 am","4 am",NA,0,NA,-1.22,NA,NA,NA,",sn,"
1849-12-10 06:00:00,13.89,NA,NA,NA,NA,NA,994.92,NA,NA,NA,NA,NA,-3.33,NA,NA,NA,NA,NA
1849-12-10 09:00:00,13.33,NA,NA,NA,NA,NA,994.24,NA,NA,NA,NA,NA,0,NA,NA,NA,NA,NA
1849-12-10 15:00:00,15.56,NA,NA,NA,NA,NA,994.24,NA,NA,NA,NA,NA,1.11,NA,NA,NA,NA,NA
1849-12-10 21:00:00,16.67,NA,NA,NA,NA,NA,1001.36,NA,NA,NA,NA,NA,-3.33,NA,NA,NA,NA,NA
1849-12-11,NA,NA,NA,NA,NA,NA,NA,NA,"8 pm","empty",NA,0.66,NA,-7.08,NA,NA,NA,",sn,"
1849-12-11 06:00:00,15,NA,NA,NA,NA,NA,1002.37,NA,NA,NA,NA,NA,-7.78,NA,NA,NA,NA,NA
1849-12-11 09:00:00,15,NA,NA,NA,NA,NA,1002.71,NA,NA,NA,NA,NA,-7.22,NA,NA,NA,NA,NA
1849-12-11 15:00:00,15.56,NA,NA,NA,NA,NA,1003.39,NA,NA,NA,NA,NA,-6.11,NA,NA,NA,NA,NA
1849-12-11 21:00:00,16.11,NA,NA,NA,NA,NA,1004.06,NA,NA,NA,NA,NA,-7.22,NA,NA,NA,NA,NA
1849-12-12,NA,NA,NA,NA,NA,NA,NA,NA,"empty","10 am",NA,0,NA,-6.81,NA,NA,NA,",sn,"
1849-12-12 06:00:00,13.33,NA,NA,NA,NA,NA,1004.4,NA,NA,NA,NA,NA,-9.44,NA,NA,NA,NA,NA
1849-12-12 09:00:00,13.33,NA,NA,NA,NA,NA,1006.1,NA,NA,NA,NA,NA,-7.22,NA,NA,NA,NA,NA
1849-12-12 15:00:00,15.56,NA,NA,NA,NA,NA,1007.79,NA,NA,NA,NA,NA,-5,NA,NA,NA,NA,NA
1849-12-12 21:00:00,15,NA,NA,NA,NA,NA,1008.13,NA,NA,NA,NA,NA,-5.56,NA,NA,NA,NA,NA
1849-12-13,NA,NA,NA,NA,NA,NA,NA,NA,"empty","empty",NA,0.25,NA,-8.61,NA,NA,NA,NA
1849-12-13 06:00:00,13.33,NA,NA,NA,NA,NA,1007.45,NA,NA,NA,NA,NA,-11.11,NA,NA,NA,NA,NA
1849-12-13 09:00:00,13.33,NA,NA,NA,NA,NA,1007.45,NA,NA,NA,NA,NA,-8.33,NA,NA,NA,NA,NA
1849-12-13 15:00:00,15.56,NA,NA,NA,NA,NA,1006.43,NA,NA,NA,NA,NA,-5,NA,NA,NA,NA,NA
1849-12-13 21:00:00,13.89,NA,NA,NA,NA,NA,1007.45,NA,NA,NA,NA,NA,-10,NA,NA,NA,NA,NA
1849-12-14,NA,NA,NA,NA,NA,NA,NA,NA,"empty","empty",NA,0,NA,-8.61,NA,NA,NA,NA
1849-12-14 06:00:00,13.33,NA,NA,NA,NA,NA,1007.11,NA,NA,NA,NA,NA,-12.22,NA,NA,NA,NA,NA
1849-12-14 09:00:00,12.78,NA,NA,NA,NA,NA,1008.47,NA,NA,NA,NA,NA,-8.33,NA,NA,NA,NA,NA
1849-12-14 15:00:00,12.78,NA,NA,NA,NA,NA,1008.81,NA,NA,NA,NA,NA,-3.89,NA,NA,NA,NA,NA
1849-12-14 21:00:00,13.89,NA,NA,NA,NA,NA,1011.51,NA,NA,NA,NA,NA,-10,NA,NA,NA,NA,NA
1849-12-15,NA,NA,NA,NA,NA,NA,NA,NA,"empty","empty",NA,0,NA,-7.92,NA,NA,NA,NA
1849-12-15 06:00:00,13.89,NA,NA,NA,NA,NA,1015.92,NA,NA,NA,NA,NA,-13.89,NA,NA,NA,NA,NA
1849-12-15 09:00:00,13.33,NA,NA,NA,NA,NA,1017.61,NA,NA,NA,NA,NA,-10.56,NA,NA,NA,NA,NA
1849-12-15 15:00:00,17.78,NA,NA,NA,NA,NA,1020.32,NA,NA,NA,NA,NA,-1.67,NA,NA,NA,NA,NA
1849-12-15 21:00:00,13.33,NA,NA,NA,NA,NA,1025.4,NA,NA,NA,NA,NA,-5.56,NA,NA,NA,NA,NA
1849-12-16,NA,NA,NA,NA,NA,NA,NA,NA,"8 pm","empty",NA,0,NA,-2.64,NA,NA,NA,",sn,"
1849-12-16 06:00:00,12.78,NA,NA,NA,NA,NA,1026.75,NA,NA,NA,NA,NA,-6.11,NA,NA,NA,NA,NA
1849-12-16 09:00:00,12.78,NA,NA,NA,NA,NA,1027.43,NA,NA,NA,NA,NA,-4.44,NA,NA,NA,NA,NA
1849-12-16 15:00:00,15,NA,NA,NA,NA,NA,1022.69,NA,NA,NA,NA,NA,0,NA,NA,NA,NA,NA
1849-12-16 21:00:00,16.11,NA,NA,NA,NA,NA,1015.24,NA,NA,NA,NA,NA,0,NA,NA,NA,NA,NA
1849-12-17,NA,NA,NA,NA,NA,NA,NA,NA,"7 pm","4 am",NA,0,NA,1.11,NA,NA,NA,NA
1849-12-17 06:00:00,17.78,NA,NA,NA,NA,NA,997.29,NA,NA,NA,NA,NA,-1.67,NA,NA,NA,NA,NA
1849-12-17 09:00:00,17.22,NA,NA,NA,NA,NA,995.6,NA,NA,NA,NA,NA,5.56,NA,NA,NA,NA,NA
1849-12-17 15:00:00,17.78,NA,NA,NA,NA,NA,996.28,NA,NA,NA,NA,NA,1.67,NA,NA,NA,NA,NA
1849-12-17 21:00:00,17.78,NA,NA,NA,NA,NA,997.97,NA,NA,NA,NA,NA,-1.11,NA,NA,NA,NA,NA
1849-12-18,NA,NA,NA,NA,NA,NA,NA,NA,"empty","8 am",NA,5.99,NA,-3.19,NA,NA,NA,",sn,"
1849-12-18 06:00:00,15.56,NA,NA,NA,NA,NA,1007.11,NA,NA,NA,NA,NA,-3.33,NA,NA,NA,NA,NA
1849-12-18 09:00:00,17.22,NA,NA,NA,NA,NA,1010.16,NA,NA,NA,NA,NA,-1.11,NA,NA,NA,NA,NA
1849-12-18 15:00:00,18.33,NA,NA,NA,NA,NA,1011.85,NA,NA,NA,NA,NA,-1.11,NA,NA,NA,NA,NA
1849-12-18 21:00:00,15.56,NA,NA,NA,NA,NA,1012.87,NA,NA,NA,NA,NA,-7.22,NA,NA,NA,NA,NA
1849-12-19,NA,NA,NA,NA,NA,NA,NA,NA,"empty","noon",NA,3.56,NA,-12.92,NA,NA,NA,",sn,"
1849-12-19 06:00:00,12.22,NA,NA,NA,NA,NA,1021,NA,NA,NA,NA,NA,-14.44,NA,NA,NA,NA,NA
1849-12-19 09:00:00,12.78,NA,NA,NA,NA,NA,1023.37,NA,NA,NA,NA,NA,-13.33,NA,NA,NA,NA,NA
1849-12-19 15:00:00,13.89,NA,NA,NA,NA,NA,1025.74,NA,NA,NA,NA,NA,-10,NA,NA,NA,NA,NA
1849-12-19 21:00:00,15.56,NA,NA,NA,NA,NA,1027.77,NA,NA,NA,NA,NA,-13.89,NA,NA,NA,NA,NA
1849-12-20,NA,NA,NA,NA,NA,NA,NA,NA,"1 am","empty",NA,1.73,NA,-4.72,NA,NA,NA,",sn,"
1849-12-20 06:00:00,9.44,NA,NA,NA,NA,NA,1021,NA,NA,NA,NA,NA,-15.56,NA,NA,NA,NA,NA
1849-12-20 09:00:00,9.44,NA,NA,NA,NA,NA,1019.3,NA,NA,NA,NA,NA,-5.56,NA,NA,NA,NA,NA
1849-12-20 15:00:00,15,NA,NA,NA,NA,NA,1010.5,NA,NA,NA,NA,NA,0.56,NA,NA,NA,NA,NA
1849-12-20 21:00:00,18.33,NA,NA,NA,NA,NA,1004.74,NA,NA,NA,NA,NA,1.67,NA,NA,NA,NA,NA
1849-12-21,NA,NA,NA,NA,NA,NA,NA,NA,"empty","6 am",NA,0,NA,2.78,NA,NA,NA,",sn,"
1849-12-21 06:00:00,16.67,NA,NA,NA,NA,NA,992.55,NA,NA,NA,NA,NA,5.56,NA,NA,NA,NA,NA
1849-12-21 09:00:00,16.11,NA,NA,NA,NA,NA,993.23,NA,NA,NA,NA,NA,5.56,NA,NA,NA,NA,NA
1849-12-21 15:00:00,23.33,NA,NA,NA,NA,NA,996.61,NA,NA,NA,NA,NA,3.33,NA,NA,NA,NA,NA
1849-12-21 21:00:00,20.56,NA,NA,NA,NA,NA,1011.51,NA,NA,NA,NA,NA,-3.33,NA,NA,NA,NA,NA
1849-12-22,NA,NA,NA,NA,NA,NA,NA,NA,"empty","empty",NA,7.62,NA,-5.14,NA,NA,NA,NA
1849-12-22 06:00:00,15,NA,NA,NA,NA,NA,1019.3,NA,NA,NA,NA,NA,-6.67,NA,NA,NA,NA,NA
1849-12-22 09:00:00,18.33,NA,NA,NA,NA,NA,1019.64,NA,NA,NA,NA,NA,-4.44,NA,NA,NA,NA,NA
1849-12-22 15:00:00,18.89,NA,NA,NA,NA,NA,1019.98,NA,NA,NA,NA,NA,-3.33,NA,NA,NA,NA,NA
1849-12-22 21:00:00,17.78,NA,NA,NA,NA,NA,1016.93,NA,NA,NA,NA,NA,-6.11,NA,NA,NA,NA,NA
1849-12-23,NA,NA,NA,NA,NA,NA,NA,NA,"1 am","9 am",NA,0,NA,1.67,NA,NA,NA,",sn,"
1849-12-23 06:00:00,13.33,NA,NA,NA,NA,NA,992.21,NA,NA,NA,NA,NA,-4.44,NA,NA,NA,NA,NA
1849-12-23 09:00:00,13.33,NA,NA,NA,NA,NA,988.15,NA,NA,NA,NA,NA,5.56,NA,NA,NA,NA,NA
1849-12-23 15:00:00,18.33,NA,NA,NA,NA,NA,987.13,NA,NA,NA,NA,NA,5.56,NA,NA,NA,NA,NA
1849-12-23 21:00:00,18.33,NA,NA,NA,NA,NA,997.63,NA,NA,NA,NA,NA,0,NA,NA,NA,NA,NA
1849-12-24,NA,NA,NA,NA,NA,NA,NA,NA,"empty","empty",NA,14.86,NA,-0.97,NA,NA,NA,NA
1849-12-24 06:00:00,14.44,NA,NA,NA,NA,NA,1006.77,NA,NA,NA,NA,NA,-4.44,NA,NA,NA,NA,NA
1849-12-24 09:00:00,13.89,NA,NA,NA,NA,NA,1008.13,NA,NA,NA,NA,NA,-2.78,NA,NA,NA,NA,NA
1849-12-24 15:00:00,16.67,NA,NA,NA,NA,NA,1008.47,NA,NA,NA,NA,NA,3.89,NA,NA,NA,NA,NA
1849-12-24 21:00:00,18.33,NA,NA,NA,NA,NA,1007.11,NA,NA,NA,NA,NA,-0.56,NA,NA,NA,NA,NA
1849-12-25,NA,NA,NA,NA,NA,NA,NA,NA,"1 am","6 am",NA,0,NA,3.61,NA,NA,NA,",sn,"
1849-12-25 06:00:00,17.22,NA,NA,NA,NA,NA,998.31,NA,NA,NA,NA,NA,1.67,NA,NA,NA,NA,NA
1849-12-25 09:00:00,16.67,NA,NA,NA,NA,NA,1012.19,NA,NA,NA,NA,NA,5.56,NA,NA,NA,NA,NA
1849-12-25 15:00:00,21.11,NA,NA,NA,NA,NA,991.87,NA,NA,NA,NA,NA,6.11,NA,NA,NA,NA,NA
1849-12-25 21:00:00,21.11,NA,NA,NA,NA,NA,992.89,NA,NA,NA,NA,NA,1.11,NA,NA,NA,NA,NA
1849-12-26,NA,NA,NA,NA,NA,NA,NA,NA,"4 pm","4 am",NA,3.94,NA,-8.19,NA,NA,NA,",sn,"
1849-12-26 06:00:00,14.44,NA,NA,NA,NA,NA,998.98,NA,NA,NA,NA,NA,-7.22,NA,NA,NA,NA,NA
1849-12-26 09:00:00,13.89,NA,NA,NA,NA,NA,1002.71,NA,NA,NA,NA,NA,-5.56,NA,NA,NA,NA,NA
1849-12-26 15:00:00,13.89,NA,NA,NA,NA,NA,1006.43,NA,NA,NA,NA,NA,-8.33,NA,NA,NA,NA,NA
1849-12-26 21:00:00,15.56,NA,NA,NA,NA,NA,1015.92,NA,NA,NA,NA,NA,-11.67,NA,NA,NA,NA,NA
1849-12-27,NA,NA,NA,NA,NA,NA,NA,NA,"6 am","5 pm",NA,0.76,NA,-5.56,NA,NA,NA,",sn,"
1849-12-27 06:00:00,12.22,NA,NA,NA,NA,NA,1014.9,NA,NA,NA,NA,NA,-12.22,NA,NA,NA,NA,NA
1849-12-27 09:00:00,12.78,NA,NA,NA,NA,NA,1013.21,NA,NA,NA,NA,NA,-4.44,NA,NA,NA,NA,NA
1849-12-27 15:00:00,14.44,NA,NA,NA,NA,NA,1008.81,NA,NA,NA,NA,NA,1.67,NA,NA,NA,NA,NA
1849-12-27 21:00:00,15.56,NA,NA,NA,NA,NA,1012.19,NA,NA,NA,NA,NA,-7.22,NA,NA,NA,NA,NA
1849-12-28,NA,NA,NA,NA,NA,NA,NA,NA,"empty","empty",NA,2.03,NA,-6.81,NA,NA,NA,NA
1849-12-28 06:00:00,13.89,NA,NA,NA,NA,NA,1013.55,NA,NA,NA,NA,NA,-8.89,NA,NA,NA,NA,NA
1849-12-28 09:00:00,13.89,NA,NA,NA,NA,NA,1014.9,NA,NA,NA,NA,NA,-5,NA,NA,NA,NA,NA
1849-12-28 15:00:00,17.78,NA,NA,NA,NA,NA,1013.88,NA,NA,NA,NA,NA,-2.78,NA,NA,NA,NA,NA
1849-12-28 21:00:00,17.78,NA,NA,NA,NA,NA,1016.93,NA,NA,NA,NA,NA,-10.56,NA,NA,NA,NA,NA
1849-12-29,NA,NA,NA,NA,NA,NA,NA,NA,"7 pm","12 pm",NA,0,NA,-6.81,NA,NA,NA,",sn,"
1849-12-29 06:00:00,11.11,NA,NA,NA,NA,NA,1016.59,NA,NA,NA,NA,NA,-12.22,NA,NA,NA,NA,NA
1849-12-29 09:00:00,11.11,NA,NA,NA,NA,NA,1017.61,NA,NA,NA,NA,NA,-8.89,NA,NA,NA,NA,NA
1849-12-29 15:00:00,13.33,NA,NA,NA,NA,NA,1015.92,NA,NA,NA,NA,NA,-2.22,NA,NA,NA,NA,NA
1849-12-29 21:00:00,15,NA,NA,NA,NA,NA,1009.14,NA,NA,NA,NA,NA,-3.89,NA,NA,NA,NA,NA
1849-12-30,NA,NA,NA,NA,NA,NA,NA,NA,"12 am","8 pm",NA,6.73,NA,-3.19,NA,NA,NA,",sn,"
1849-12-30 06:00:00,11.11,NA,NA,NA,NA,NA,989.84,NA,NA,NA,NA,NA,-3.89,NA,NA,NA,NA,NA
1849-12-30 09:00:00,11.11,NA,NA,NA,NA,NA,991.2,NA,NA,NA,NA,NA,0,NA,NA,NA,NA,NA
1849-12-30 15:00:00,15.56,NA,NA,NA,NA,NA,1006.1,NA,NA,NA,NA,NA,-3.33,NA,NA,NA,NA,NA
1849-12-30 21:00:00,13.89,NA,NA,NA,NA,NA,1015.24,NA,NA,NA,NA,NA,-5.56,NA,NA,NA,NA,NA
1849-12-31,NA,NA,NA,NA,NA,NA,NA,NA,"10 am","12 pm",NA,13.72,NA,-6.94,NA,NA,NA,",sn,"
1849-12-31 06:00:00,15.56,NA,NA,NA,NA,NA,1017.61,NA,NA,NA,NA,NA,-7.22,NA,NA,NA,NA,NA
1849-12-31 09:00:00,15.56,NA,NA,NA,NA,NA,1017.61,NA,NA,NA,NA,NA,-6.67,NA,NA,NA,NA,NA
1849-12-31 15:00:00,15.56,NA,NA,NA,NA,NA,1011.18,NA,NA,NA,NA,NA,-7.78,NA,NA,NA,NA,NA
1849-12-31 21:00:00,15.56,NA,NA,NA,NA,NA,1007.11,NA,NA,NA,NA,NA,-6.11,NA,NA,NA,NA,NA
1850-01-01,NA,NA,NA,NA,NA,NA,NA,NA,NA,NA,NA,13.72,NA,NA,NA,NA,NA,NA
1851-01-01,NA,NA,NA,NA,NA,NA,NA,NA,NA,NA,NA,NA,NA,-5.42,NA,NA,NA,NA
1851-01-01 06:00:00,7.22,NA,NA,NA,NA,NA,998.98,NA,NA,NA,NA,NA,-6.67,NA,NA,NA,NA,NA
1851-01-01 09:00:00,7.22,NA,NA,NA,NA,NA,995.94,NA,NA,NA,NA,NA,-4.44,NA,NA,NA,NA,NA
1851-01-01 15:00:00,10,NA,NA,NA,NA,NA,990.18,NA,NA,NA,NA,NA,-2.78,NA,NA,NA,NA,NA
1851-01-01 21:00:00,10.56,NA,NA,NA,NA,NA,990.18,NA,NA,NA,NA,NA,-7.78,NA,NA,NA,NA,NA
1851-01-02,NA,NA,NA,NA,NA,NA,NA,NA,"1 am","2 am",NA,NA,NA,-19.72,NA,NA,NA,",sn,"
1851-01-02 06:00:00,8.33,NA,NA,NA,NA,NA,1003.05,NA,NA,NA,NA,NA,-20,NA,NA,NA,NA,NA
1851-01-02 09:00:00,8.89,NA,NA,NA,NA,NA,1005.42,NA,NA,NA,NA,NA,-19.44,NA,NA,NA,NA,NA
1851-01-02 15:00:00,8.33,NA,NA,NA,NA,NA,1006.1,NA,NA,NA,NA,NA,-17.78,NA,NA,NA,NA,NA
1851-01-02 21:00:00,11.67,NA,NA,NA,NA,NA,1011.18,NA,NA,NA,NA,NA,-21.67,NA,NA,NA,NA,NA
1851-01-03,NA,NA,NA,NA,NA,NA,NA,NA,"7 am","11 pm",NA,0.25,NA,-13.89,NA,NA,NA,",sn,"
1851-01-03 06:00:00,3.33,NA,NA,NA,NA,NA,1005.76,NA,NA,NA,NA,NA,-22.22,NA,NA,NA,NA,NA
1851-01-03 09:00:00,3.33,NA,NA,NA,NA,NA,1003.73,NA,NA,NA,NA,NA,-16.11,NA,NA,NA,NA,NA
1851-01-03 15:00:00,11.67,NA,NA,NA,NA,NA,992.21,NA,NA,NA,NA,NA,-6.67,NA,NA,NA,NA,NA
1851-01-03 21:00:00,11.67,NA,NA,NA,NA,NA,993.57,NA,NA,NA,NA,NA,-10.56,NA,NA,NA,NA,NA
1851-01-04,NA,NA,NA,NA,NA,NA,NA,NA,NA,NA,NA,6.35,NA,-14.86,NA,NA,NA,NA
1851-01-04 06:00:00,5.56,NA,NA,NA,NA,NA,996.61,NA,NA,NA,NA,NA,-15,NA,NA,NA,NA,NA
1851-01-04 09:00:00,7.78,NA,NA,NA,NA,NA,998.98,NA,NA,NA,NA,NA,-12.78,NA,NA,NA,NA,NA
1851-01-04 15:00:00,8.89,NA,NA,NA,NA,NA,999.32,NA,NA,NA,NA,NA,-10,NA,NA,NA,NA,NA
1851-01-04 21:00:00,12.22,NA,NA,NA,NA,NA,1002.03,NA,NA,NA,NA,NA,-21.67,NA,NA,NA,NA,NA
1851-01-05,NA,NA,NA,NA,NA,NA,NA,NA,NA,NA,NA,NA,NA,-22.01,NA,NA,NA,NA
1851-01-05 06:00:00,3.89,NA,NA,NA,NA,NA,1003.39,NA,NA,NA,NA,NA,-27.5,NA,NA,NA,NA,NA
1851-01-05 09:00:00,6.11,NA,NA,NA,NA,NA,1005.76,NA,NA,NA,NA,NA,-20,NA,NA,NA,NA,NA
1851-01-05 15:00:00,7.78,NA,NA,NA,NA,NA,1006.77,NA,NA,NA,NA,NA,-16.67,NA,NA,NA,NA,NA
1851-01-05 21:00:00,8.33,NA,NA,NA,NA,NA,1010.5,NA,NA,NA,NA,NA,-23.89,NA,NA,NA,NA,NA
1851-01-06,NA,NA,NA,NA,NA,NA,NA,NA,NA,NA,NA,NA,NA,-25.97,NA,NA,NA,NA
1851-01-06 06:00:00,5.56,NA,NA,NA,NA,NA,1013.88,NA,NA,NA,NA,NA,-29.44,NA,NA,NA,NA,NA
1851-01-06 09:00:00,7.78,NA,NA,NA,NA,NA,1015.92,NA,NA,NA,NA,NA,-25.56,NA,NA,NA,NA,NA
1851-01-06 15:00:00,10.56,NA,NA,NA,NA,NA,1015.58,NA,NA,NA,NA,NA,-19.44,NA,NA,NA,NA,NA
1851-01-06 21:00:00,7.78,NA,NA,NA,NA,NA,1015.24,NA,NA,NA,NA,NA,-29.44,NA,NA,NA,NA,NA
1851-01-07,NA,NA,NA,NA,NA,NA,NA,NA,NA,NA,NA,NA,NA,-23.33,NA,NA,NA,NA
1851-01-07 06:00:00,1.11,NA,NA,NA,NA,NA,1011.18,NA,NA,NA,NA,NA,-30,NA,NA,NA,NA,NA
1851-01-07 09:00:00,2.22,NA,NA,NA,NA,NA,1011.85,NA,NA,NA,NA,NA,-23.33,NA,NA,NA,NA,NA
1851-01-07 15:00:00,2.22,NA,NA,NA,NA,NA,1009.48,NA,NA,NA,NA,NA,-15,NA,NA,NA,NA,NA
1851-01-07 21:00:00,7.78,NA,NA,NA,NA,NA,1009.14,NA,NA,NA,NA,NA,-25,NA,NA,NA,NA,NA
1851-01-08,NA,NA,NA,NA,NA,NA,NA,NA,NA,NA,NA,NA,NA,-17.5,NA,NA,NA,NA
1851-01-08 06:00:00,2.22,NA,NA,NA,NA,NA,1009.14,NA,NA,NA,NA,NA,-18.33,NA,NA,NA,NA,NA
1851-01-08 09:00:00,2.78,NA,NA,NA,NA,NA,1010.16,NA,NA,NA,NA,NA,-17.22,NA,NA,NA,NA,NA
1851-01-08 15:00:00,7.78,NA,NA,NA,NA,NA,1012.87,NA,NA,NA,NA,NA,-16.67,NA,NA,NA,NA,NA
1851-01-08 21:00:00,12.78,NA,NA,NA,NA,NA,1014.9,NA,NA,NA,NA,NA,-17.78,NA,NA,NA,NA,NA
1851-01-09,NA,NA,NA,NA,NA,NA,NA,NA,NA,NA,NA,NA,NA,-17.92,NA,NA,NA,",halo,"
1851-01-09 06:00:00,6.67,NA,NA,NA,NA,NA,1016.26,NA,NA,NA,NA,NA,-22.78,NA,NA,NA,NA,NA
1851-01-09 09:00:00,7.22,NA,NA,NA,NA,NA,1017.95,NA,NA,NA,NA,NA,-18.33,NA,NA,NA,NA,NA
1851-01-09 15:00:00,7.78,NA,NA,NA,NA,NA,1016.59,NA,NA,NA,NA,NA,-11.67,NA,NA,NA,NA,NA
1851-01-09 21:00:00,10.56,NA,NA,NA,NA,NA,1015.92,NA,NA,NA,NA,NA,-18.89,NA,NA,NA,NA,NA
1851-01-10,NA,NA,NA,NA,NA,NA,NA,NA,"4 am","8 am",NA,NA,NA,1.11,NA,NA,NA,",sn,"
1851-01-10 06:00:00,7.78,NA,NA,NA,NA,NA,995.6,NA,NA,NA,NA,NA,-1.11,NA,NA,NA,NA,NA
1851-01-10 09:00:00,11.11,NA,NA,NA,NA,NA,992.89,NA,NA,NA,NA,NA,1.11,NA,NA,NA,NA,NA
1851-01-10 15:00:00,13.33,NA,NA,NA,NA,NA,991.53,NA,NA,NA,NA,NA,5.56,NA,NA,NA,NA,NA
1851-01-10 21:00:00,16.67,NA,NA,NA,NA,NA,995.94,NA,NA,NA,NA,NA,-1.11,NA,NA,NA,NA,NA
1851-01-11,NA,NA,NA,NA,NA,NA,NA,NA,NA,NA,NA,3.68,NA,0.56,NA,NA,NA,NA
1851-01-11 06:00:00,13.33,NA,NA,NA,NA,NA,995.94,NA,NA,NA,NA,NA,0.56,NA,NA,NA,NA,NA
1851-01-11 09:00:00,13.89,NA,NA,NA,NA,NA,996.28,NA,NA,NA,NA,NA,0.56,NA,NA,NA,NA,NA
1851-01-11 15:00:00,13.33,NA,NA,NA,NA,NA,995.94,NA,NA,NA,NA,NA,3.33,NA,NA,NA,NA,NA
1851-01-11 21:00:00,19.44,NA,NA,NA,NA,NA,1007.45,NA,NA,NA,NA,NA,-2.22,NA,NA,NA,NA,NA
1851-01-12,NA,NA,NA,NA,NA,NA,NA,NA,NA,NA,NA,NA,NA,-5.83,NA,NA,NA,",sn,"
1851-01-12 06:00:00,12.78,NA,NA,NA,NA,NA,1009.14,NA,NA,NA,NA,NA,-12.22,NA,NA,NA,NA,NA
1851-01-12 09:00:00,12.22,NA,NA,NA,NA,NA,1009.82,NA,NA,NA,NA,NA,-6.11,NA,NA,NA,NA,NA
1851-01-12 15:00:00,15,NA,NA,NA,NA,NA,1008.13,NA,NA,NA,NA,NA,0,NA,NA,NA,NA,NA
1851-01-12 21:00:00,16.67,NA,NA,NA,NA,NA,1009.14,NA,NA,NA,NA,NA,-2.78,NA,NA,NA,NA,NA
1851-01-13,NA,NA,NA,NA,NA,NA,NA,NA,"3 am","10 am",NA,NA,NA,-1.11,NA,NA,NA,",sn,"
1851-01-13 06:00:00,13.33,NA,NA,NA,NA,NA,1008.13,NA,NA,NA,NA,NA,-6.67,NA,NA,NA,NA,NA
1851-01-13 09:00:00,12.78,NA,NA,NA,NA,NA,1007.79,NA,NA,NA,NA,NA,-1.11,NA,NA,NA,NA,NA
1851-01-13 15:00:00,11.67,NA,NA,NA,NA,NA,1005.08,NA,NA,NA,NA,NA,5.56,NA,NA,NA,NA,NA
1851-01-13 21:00:00,15,NA,NA,NA,NA,NA,1004.06,NA,NA,NA,NA,NA,-2.22,NA,NA,NA,NA,NA
1851-01-14,NA,NA,NA,NA,NA,NA,NA,NA,NA,NA,NA,3.99,NA,-4.03,NA,NA,NA,",halo,"
1851-01-14 06:00:00,11.67,NA,NA,NA,NA,NA,1003.39,NA,NA,NA,NA,NA,-5,NA,NA,NA,NA,NA
1851-01-14 09:00:00,11.67,NA,NA,NA,NA,NA,1005.76,NA,NA,NA,NA,NA,-2.22,NA,NA,NA,NA,NA
1851-01-14 15:00:00,10.56,NA,NA,NA,NA,NA,1005.76,NA,NA,NA,NA,NA,-2.22,NA,NA,NA,NA,NA
1851-01-14 21:00:00,10,NA,NA,NA,NA,NA,1008.81,NA,NA,NA,NA,NA,-6.67,NA,NA,NA,NA,NA
1851-01-15,NA,NA,NA,NA,NA,NA,NA,NA,"5 am","6 am",NA,NA,NA,-1.53,NA,NA,NA,",sn,"
1851-01-15 06:00:00,11.11,NA,NA,NA,NA,NA,1005.76,NA,NA,NA,NA,NA,-8.89,NA,NA,NA,NA,NA
1851-01-15 09:00:00,11.11,NA,NA,NA,NA,NA,1004.4,NA,NA,NA,NA,NA,-1.11,NA,NA,NA,NA,NA
1851-01-15 15:00:00,12.22,NA,NA,NA,NA,NA,1003.05,NA,NA,NA,NA,NA,3.33,NA,NA,NA,NA,NA
1851-01-15 21:00:00,11.11,NA,NA,NA,NA,NA,1004.74,NA,NA,NA,NA,NA,0.56,NA,NA,NA,NA,NA
1851-01-16,NA,NA,NA,NA,NA,NA,NA,NA,"12 am","3 pm",NA,0.13,NA,-2.64,NA,NA,NA,",sn,"
1851-01-16 06:00:00,11.67,NA,NA,NA,NA,NA,1002.37,NA,NA,NA,NA,NA,-0.56,NA,NA,NA,NA,NA
1851-01-16 09:00:00,11.11,NA,NA,NA,NA,NA,1003.05,NA,NA,NA,NA,NA,0.56,NA,NA,NA,NA,NA
1851-01-16 15:00:00,12.22,NA,NA,NA,NA,NA,1010.5,NA,NA,NA,NA,NA,-2.78,NA,NA,NA,NA,NA
1851-01-16 21:00:00,17.78,NA,NA,NA,NA,NA,1019.64,NA,NA,NA,NA,NA,-7.78,NA,NA,NA,NA,NA
1851-01-17,NA,NA,NA,NA,NA,NA,NA,NA,"1 pm","8 pm",NA,2.29,NA,-2.5,NA,NA,NA,",ra,"
1851-01-17 06:00:00,14.44,NA,NA,NA,NA,NA,1044.7,NA,NA,NA,NA,NA,-15,NA,NA,NA,NA,NA
1851-01-17 09:00:00,11.67,NA,NA,NA,NA,NA,1016.26,NA,NA,NA,NA,NA,-3.33,NA,NA,NA,NA,NA
1851-01-17 15:00:00,12.22,NA,NA,NA,NA,NA,1005.76,NA,NA,NA,NA,NA,2.78,NA,NA,NA,NA,NA
1851-01-17 21:00:00,17.22,NA,NA,NA,NA,NA,1001.36,NA,NA,NA,NA,NA,5.56,NA,NA,NA,NA,NA
1851-01-18,NA,NA,NA,NA,NA,NA,NA,NA,NA,NA,NA,3.94,NA,-4.03,NA,NA,NA,NA
1851-01-18 06:00:00,13.89,NA,NA,NA,NA,NA,1011.51,NA,NA,NA,NA,NA,-3.33,NA,NA,NA,NA,NA
1851-01-18 09:00:00,13.33,NA,NA,NA,NA,NA,1013.55,NA,NA,NA,NA,NA,-2.78,NA,NA,NA,NA,NA
1851-01-18 15:00:00,12.22,NA,NA,NA,NA,NA,1013.21,NA,NA,NA,NA,NA,-3.33,NA,NA,NA,NA,NA
1851-01-18 21:00:00,15,NA,NA,NA,NA,NA,1017.27,NA,NA,NA,NA,NA,-6.67,NA,NA,NA,NA,NA
1851-01-19,NA,NA,NA,NA,NA,NA,NA,NA,NA,NA,NA,NA,NA,-13.47,NA,NA,NA,NA
1851-01-19 06:00:00,11.11,NA,NA,NA,NA,NA,1026.75,NA,NA,NA,NA,NA,-13.89,NA,NA,NA,NA,NA
1851-01-19 09:00:00,9.44,NA,NA,NA,NA,NA,1029.12,NA,NA,NA,NA,NA,-12.22,NA,NA,NA,NA,NA
1851-01-19 15:00:00,12.22,NA,NA,NA,NA,NA,1031.49,NA,NA,NA,NA,NA,-10.56,NA,NA,NA,NA,NA
1851-01-19 21:00:00,14.44,NA,NA,NA,NA,NA,1036.24,NA,NA,NA,NA,NA,-17.22,NA,NA,NA,NA,NA
1851-01-20,NA,NA,NA,NA,NA,NA,NA,NA,"3 pm","12 pm",NA,NA,NA,-7.64,NA,NA,NA,",sn,"
1851-01-20 06:00:00,7.22,NA,NA,NA,NA,NA,1031.49,NA,NA,NA,NA,NA,-20.56,NA,NA,NA,NA,NA
1851-01-20 09:00:00,10,NA,NA,NA,NA,NA,1030.14,NA,NA,NA,NA,NA,-11.11,NA,NA,NA,NA,NA
1851-01-20 15:00:00,11.11,NA,NA,NA,NA,NA,1017.61,NA,NA,NA,NA,NA,-1.67,NA,NA,NA,NA,NA
1851-01-20 21:00:00,13.89,NA,NA,NA,NA,NA,1004.06,NA,NA,NA,NA,NA,2.78,NA,NA,NA,NA,NA
1851-01-21,NA,NA,NA,NA,NA,NA,NA,NA,NA,NA,NA,17.09,NA,-4.17,NA,NA,NA,",au,"
1851-01-21 06:00:00,12.22,NA,NA,NA,NA,NA,1002.71,NA,NA,NA,NA,NA,-1.67,NA,NA,NA,NA,NA
1851-01-21 09:00:00,12.22,NA,NA,NA,NA,NA,1007.11,NA,NA,NA,NA,NA,-4.44,NA,NA,NA,NA,NA
1851-01-21 15:00:00,15,NA,NA,NA,NA,NA,1012.87,NA,NA,NA,NA,NA,-5.56,NA,NA,NA,NA,NA
1851-01-21 21:00:00,16.67,NA,NA,NA,NA,NA,1020.66,NA,NA,NA,NA,NA,-10.56,NA,NA,NA,NA,NA
1851-01-22,NA,NA,NA,NA,NA,NA,NA,NA,"8 pm",NA,NA,NA,NA,-13.61,NA,NA,NA,",sn,"
1851-01-22 06:00:00,11.67,NA,NA,NA,NA,NA,1026.08,NA,NA,NA,NA,NA,-16.67,NA,NA,NA,NA,NA
1851-01-22 09:00:00,11.11,NA,NA,NA,NA,NA,1027.09,NA,NA,NA,NA,NA,-15,NA,NA,NA,NA,NA
1851-01-22 15:00:00,12.22,NA,NA,NA,NA,NA,1026.08,NA,NA,NA,NA,NA,-10,NA,NA,NA,NA,NA
1851-01-22 21:00:00,13.33,NA,NA,NA,NA,NA,1021.33,NA,NA,NA,NA,NA,-12.78,NA,NA,NA,NA,NA
1851-01-23,NA,NA,NA,NA,NA,NA,NA,NA,NA,"3 pm",NA,NA,NA,-10,NA,NA,NA,",sn,"
1851-01-23 06:00:00,8.89,NA,NA,NA,NA,NA,1011.18,NA,NA,NA,NA,NA,-13.33,NA,NA,NA,NA,NA
1851-01-23 09:00:00,10,NA,NA,NA,NA,NA,1013.21,NA,NA,NA,NA,NA,-10,NA,NA,NA,NA,NA
1851-01-23 15:00:00,12.78,NA,NA,NA,NA,NA,1016.26,NA,NA,NA,NA,NA,-7.78,NA,NA,NA,NA,NA
1851-01-23 21:00:00,15,NA,NA,NA,NA,NA,1022.35,NA,NA,NA,NA,NA,-8.89,NA,NA,NA,NA,NA
1851-01-24,NA,NA,NA,NA,NA,NA,NA,NA,"7 am, 11 pm","3 pm",NA,14.48,NA,-5.56,NA,NA,NA,",sn,"
1851-01-24 06:00:00,11.67,NA,NA,NA,NA,NA,1019.98,NA,NA,NA,NA,NA,-11.67,NA,NA,NA,NA,NA
1851-01-24 09:00:00,12.22,NA,NA,NA,NA,NA,1021.67,NA,NA,NA,NA,NA,-7.78,NA,NA,NA,NA,NA
1851-01-24 15:00:00,13.33,NA,NA,NA,NA,NA,1020.66,NA,NA,NA,NA,NA,-0.56,NA,NA,NA,NA,NA
1851-01-24 21:00:00,16.11,NA,NA,NA,NA,NA,1018.29,NA,NA,NA,NA,NA,-2.22,NA,NA,NA,NA,NA
1851-01-25,NA,NA,NA,NA,NA,NA,NA,NA,"1 am","3 am",NA,15.37,NA,-4.03,NA,NA,NA,",sn,"
1851-01-25 06:00:00,14.44,NA,NA,NA,NA,NA,1008.47,NA,NA,NA,NA,NA,-4.44,NA,NA,NA,NA,NA
1851-01-25 09:00:00,14.44,NA,NA,NA,NA,NA,1010.84,NA,NA,NA,NA,NA,0.56,NA,NA,NA,NA,NA
1851-01-25 15:00:00,16.67,NA,NA,NA,NA,NA,1013.55,NA,NA,NA,NA,NA,-1.11,NA,NA,NA,NA,NA
1851-01-25 21:00:00,17.78,NA,NA,NA,NA,NA,1019.98,NA,NA,NA,NA,NA,-11.11,NA,NA,NA,NA,NA
1851-01-26,NA,NA,NA,NA,NA,NA,NA,NA,"1 am","8 pm",NA,2.41,NA,-11.39,NA,NA,NA,",sn,"
1851-01-26 06:00:00,11.11,NA,NA,NA,NA,NA,1015.58,NA,NA,NA,NA,NA,-15,NA,NA,NA,NA,NA
1851-01-26 09:00:00,10.56,NA,NA,NA,NA,NA,1012.53,NA,NA,NA,NA,NA,-11.11,NA,NA,NA,NA,NA
1851-01-26 15:00:00,12.22,NA,NA,NA,NA,NA,1006.1,NA,NA,NA,NA,NA,-7.78,NA,NA,NA,NA,NA
1851-01-26 21:00:00,8.89,NA,NA,NA,NA,NA,1009.14,NA,NA,NA,NA,NA,-11.67,NA,NA,NA,NA,NA
1851-01-27,NA,NA,NA,NA,NA,NA,NA,NA,NA,NA,NA,13.21,NA,-16.67,NA,NA,NA,",au,"
1851-01-27 06:00:00,5.56,NA,NA,NA,NA,NA,1011.51,NA,NA,NA,NA,NA,-17.22,NA,NA,NA,NA,NA
1851-01-27 09:00:00,7.22,NA,NA,NA,NA,NA,1013.88,NA,NA,NA,NA,NA,-15.56,NA,NA,NA,NA,NA
1851-01-27 15:00:00,7.22,NA,NA,NA,NA,NA,1013.88,NA,NA,NA,NA,NA,-13.89,NA,NA,NA,NA,NA
1851-01-27 21:00:00,8.33,NA,NA,NA,NA,NA,1018.96,NA,NA,NA,NA,NA,-20,NA,NA,NA,NA,NA
1851-01-28,NA,NA,NA,NA,NA,NA,NA,NA,NA,NA,NA,NA,NA,-20,NA,NA,NA,",halo,"
1851-01-28 06:00:00,3.89,NA,NA,NA,NA,NA,1023.71,NA,NA,NA,NA,NA,-29.44,NA,NA,NA,NA,NA
1851-01-28 09:00:00,4.44,NA,NA,NA,NA,NA,1025.4,NA,NA,NA,NA,NA,-24.44,NA,NA,NA,NA,NA
1851-01-28 15:00:00,5,NA,NA,NA,NA,NA,1023.71,NA,NA,NA,NA,NA,-12.22,NA,NA,NA,NA,NA
1851-01-28 21:00:00,10.56,NA,NA,NA,NA,NA,1021.33,NA,NA,NA,NA,NA,-13.89,NA,NA,NA,NA,NA
1851-01-29,NA,NA,NA,NA,NA,NA,NA,NA,"8 am","8 pm",NA,NA,NA,2.5,NA,NA,NA,",ra,"
1851-01-29 06:00:00,6.67,NA,NA,NA,NA,NA,1004.06,NA,NA,NA,NA,NA,-2.78,NA,NA,NA,NA,NA
1851-01-29 09:00:00,9.44,NA,NA,NA,NA,NA,1002.37,NA,NA,NA,NA,NA,0.56,NA,NA,NA,NA,NA
1851-01-29 15:00:00,11.11,NA,NA,NA,NA,NA,987.13,NA,NA,NA,NA,NA,5,NA,NA,NA,NA,NA
1851-01-29 21:00:00,16.67,NA,NA,NA,NA,NA,977.65,NA,NA,NA,NA,NA,7.22,NA,NA,NA,NA,NA
1851-01-30,NA,NA,NA,NA,NA,NA,NA,NA,NA,NA,NA,5.33,NA,-6.81,NA,NA,NA,NA
1851-01-30 06:00:00,13.33,NA,NA,NA,NA,NA,983.75,NA,NA,NA,NA,NA,-5,NA,NA,NA,NA,NA
1851-01-30 09:00:00,12.22,NA,NA,NA,NA,NA,988.83,NA,NA,NA,NA,NA,-4.44,NA,NA,NA,NA,NA
1851-01-30 15:00:00,12.22,NA,NA,NA,NA,NA,993.57,NA,NA,NA,NA,NA,-6.11,NA,NA,NA,NA,NA
1851-01-30 21:00:00,15,NA,NA,NA,NA,NA,1002.37,NA,NA,NA,NA,NA,-11.67,NA,NA,NA,NA,NA
1851-01-31,NA,NA,NA,NA,NA,NA,NA,NA,NA,NA,NA,NA,NA,-22.5,NA,NA,NA,NA
1851-01-31 06:00:00,8.33,NA,NA,NA,NA,NA,1014.22,NA,NA,NA,NA,NA,-26.11,NA,NA,NA,NA,NA
1851-01-31 09:00:00,8.89,NA,NA,NA,NA,NA,1016.93,NA,NA,NA,NA,NA,-24.44,NA,NA,NA,NA,NA
1851-01-31 15:00:00,12.22,NA,NA,NA,NA,NA,1018.63,NA,NA,NA,NA,NA,-18.33,NA,NA,NA,NA,NA
1851-01-31 21:00:00,11.11,NA,NA,NA,NA,NA,1026.08,NA,NA,NA,NA,NA,-21.11,NA,NA,NA,NA,NA
1851-02-01,NA,NA,NA,NA,NA,NA,NA,NA,NA,NA,NA,NA,NA,-18.33,NA,NA,NA,NA
1851-02-01 06:00:00,3.89,NA,NA,NA,NA,NA,1032.51,NA,NA,NA,NA,NA,-23.33,NA,NA,NA,NA,NA
1851-02-01 09:00:00,6.11,NA,NA,NA,NA,NA,1035.56,NA,NA,NA,NA,NA,-17.22,NA,NA,NA,NA,NA
1851-02-01 15:00:00,10,NA,NA,NA,NA,NA,1034.88,NA,NA,NA,NA,NA,-15,NA,NA,NA,NA,NA
1851-02-01 21:00:00,9.44,NA,NA,NA,NA,NA,1034.2,NA,NA,NA,NA,NA,-17.78,NA,NA,NA,NA,NA
1851-02-02,NA,NA,NA,NA,NA,NA,NA,NA,"11am","7pm",NA,NA,NA,-8.89,NA,NA,NA,",sn,"
1851-02-02 06:00:00,9.44,NA,NA,NA,NA,NA,1027.43,NA,NA,NA,NA,NA,-17.78,NA,NA,NA,NA,NA
1851-02-02 09:00:00,8.89,NA,NA,NA,NA,NA,1026.08,NA,NA,NA,NA,NA,-7.78,NA,NA,NA,NA,NA
1851-02-02 15:00:00,12.22,NA,NA,NA,NA,NA,1016.59,NA,NA,NA,NA,NA,-3.33,NA,NA,NA,NA,NA
1851-02-02 21:00:00,11.11,NA,NA,NA,NA,NA,1013.88,NA,NA,NA,NA,NA,-6.67,NA,NA,NA,NA,NA
1851-02-03,NA,NA,NA,NA,NA,NA,NA,NA,NA,NA,NA,0.64,NA,-5.14,NA,NA,NA,NA
1851-02-03 06:00:00,10,NA,NA,NA,NA,NA,1010.16,NA,NA,NA,NA,NA,-12.22,NA,NA,NA,NA,NA
1851-02-03 09:00:00,10.56,NA,NA,NA,NA,NA,1009.82,NA,NA,NA,NA,NA,-5,NA,NA,NA,NA,NA
1851-02-03 15:00:00,10.56,NA,NA,NA,NA,NA,1008.81,NA,NA,NA,NA,NA,0,NA,NA,NA,NA,NA
1851-02-03 21:00:00,13.89,NA,NA,NA,NA,NA,1011.51,NA,NA,NA,NA,NA,-3.33,NA,NA,NA,NA,NA
1851-02-04,NA,NA,NA,NA,NA,NA,NA,NA,NA,NA,NA,NA,NA,-2.78,NA,NA,NA,",ra,"
1851-02-04 06:00:00,11.67,NA,NA,NA,NA,NA,1012.19,NA,NA,NA,NA,NA,-10.56,NA,NA,NA,NA,NA
1851-02-04 09:00:00,11.67,NA,NA,NA,NA,NA,1009.82,NA,NA,NA,NA,NA,-3.33,NA,NA,NA,NA,NA
1851-02-04 15:00:00,13.33,NA,NA,NA,NA,NA,1003.39,NA,NA,NA,NA,NA,3.89,NA,NA,NA,NA,NA
1851-02-04 21:00:00,16.11,NA,NA,NA,NA,NA,1001.02,NA,NA,NA,NA,NA,-1.11,NA,NA,NA,NA,NA
1851-02-05,NA,NA,NA,NA,NA,NA,NA,NA,NA,NA,NA,NA,NA,-0.69,NA,NA,NA,",au,"
1851-02-05 06:00:00,14.44,NA,NA,NA,NA,NA,992.21,NA,NA,NA,NA,NA,-3.89,NA,NA,NA,NA,NA
1851-02-05 09:00:00,13.89,NA,NA,NA,NA,NA,990.86,NA,NA,NA,NA,NA,-1.67,NA,NA,NA,NA,NA
1851-02-05 15:00:00,16.11,NA,NA,NA,NA,NA,987.47,NA,NA,NA,NA,NA,3.33,NA,NA,NA,NA,NA
1851-02-05 21:00:00,16.67,NA,NA,NA,NA,NA,988.83,NA,NA,NA,NA,NA,-0.56,NA,NA,NA,NA,NA
1851-02-06,NA,NA,NA,NA,NA,NA,NA,NA,"1am","12pm",NA,NA,NA,-8.61,NA,NA,NA,",sn,"
1851-02-06 06:00:00,14.44,NA,NA,NA,NA,NA,995.6,NA,NA,NA,NA,NA,-7.78,NA,NA,NA,NA,NA
1851-02-06 09:00:00,13.89,NA,NA,NA,NA,NA,997.97,NA,NA,NA,NA,NA,-6.11,NA,NA,NA,NA,NA
1851-02-06 15:00:00,13.33,NA,NA,NA,NA,NA,998.98,NA,NA,NA,NA,NA,-6.11,NA,NA,NA,NA,NA
1851-02-06 21:00:00,16.11,NA,NA,NA,NA,NA,1002.37,NA,NA,NA,NA,NA,-14.44,NA,NA,NA,NA,NA
1851-02-07,NA,NA,NA,NA,NA,NA,NA,NA,NA,NA,NA,15.24,NA,-18.19,NA,NA,NA,NA
1851-02-07 06:00:00,15,NA,NA,NA,NA,NA,1002.37,NA,NA,NA,NA,NA,-18.33,NA,NA,NA,NA,NA
1851-02-07 09:00:00,14.44,NA,NA,NA,NA,NA,1003.73,NA,NA,NA,NA,NA,-16.11,NA,NA,NA,NA,NA
1851-02-07 15:00:00,10,NA,NA,NA,NA,NA,1004.4,NA,NA,NA,NA,NA,-17.22,NA,NA,NA,NA,NA
1851-02-07 21:00:00,12.22,NA,NA,NA,NA,NA,1007.45,NA,NA,NA,NA,NA,-21.11,NA,NA,NA,NA,NA
1851-02-08,NA,NA,NA,NA,NA,NA,NA,NA,NA,NA,NA,NA,NA,-20.83,NA,NA,NA,NA
1851-02-08 06:00:00,5,NA,NA,NA,NA,NA,1010.16,NA,NA,NA,NA,NA,-23.33,NA,NA,NA,NA,NA
1851-02-08 09:00:00,7.78,NA,NA,NA,NA,NA,1012.87,NA,NA,NA,NA,NA,-20,NA,NA,NA,NA,NA
1851-02-08 15:00:00,9.44,NA,NA,NA,NA,NA,1017.95,NA,NA,NA,NA,NA,-18.89,NA,NA,NA,NA,NA
1851-02-08 21:00:00,6.67,NA,NA,NA,NA,NA,1025.06,NA,NA,NA,NA,NA,-21.11,NA,NA,NA,NA,NA
1851-02-09,NA,NA,NA,NA,NA,NA,NA,NA,"3pm","10pm",NA,NA,NA,-17.64,NA,NA,NA,",sn,"
1851-02-09 06:00:00,2.22,NA,NA,NA,NA,NA,1031.16,NA,NA,NA,NA,NA,-27.78,NA,NA,NA,NA,NA
1851-02-09 09:00:00,2.78,NA,NA,NA,NA,NA,1031.83,NA,NA,NA,NA,NA,-23.33,NA,NA,NA,NA,NA
1851-02-09 15:00:00,8.33,NA,NA,NA,NA,NA,1027.09,NA,NA,NA,NA,NA,-10,NA,NA,NA,NA,NA
1851-02-09 21:00:00,10,NA,NA,NA,NA,NA,1022.01,NA,NA,NA,NA,NA,-9.44,NA,NA,NA,NA,NA
1851-02-10,NA,NA,NA,NA,NA,NA,NA,NA,"9am","empty",NA,9.91,NA,1.81,NA,NA,NA,",ra,"
1851-02-10 06:00:00,6.11,NA,NA,NA,NA,NA,1016.59,NA,NA,NA,NA,NA,-3.33,NA,NA,NA,NA,NA
1851-02-10 09:00:00,9.44,NA,NA,NA,NA,NA,1017.95,NA,NA,NA,NA,NA,-1.11,NA,NA,NA,NA,NA
1851-02-10 15:00:00,15.56,NA,NA,NA,NA,NA,1015.58,NA,NA,NA,NA,NA,6.11,NA,NA,NA,NA,NA
1851-02-10 21:00:00,20,NA,NA,NA,NA,NA,1011.51,NA,NA,NA,NA,NA,5.56,NA,NA,NA,NA,NA
1851-02-11,NA,NA,NA,NA,NA,NA,NA,NA,"empty","7pm",NA,0,NA,6.94,NA,NA,NA,",ra,"
1851-02-11 06:00:00,15.56,NA,NA,NA,NA,NA,1004.06,NA,NA,NA,NA,NA,8.33,NA,NA,NA,NA,NA
1851-02-11 09:00:00,15.56,NA,NA,NA,NA,NA,1005.08,NA,NA,NA,NA,NA,8.89,NA,NA,NA,NA,NA
1851-02-11 15:00:00,15.56,NA,NA,NA,NA,NA,1004.06,NA,NA,NA,NA,NA,10,NA,NA,NA,NA,NA
1851-02-11 21:00:00,18.33,NA,NA,NA,NA,NA,1009.48,NA,NA,NA,NA,NA,0.56,NA,NA,NA,NA,NA
1851-02-12,NA,NA,NA,NA,NA,NA,NA,NA,"10am","4pm",NA,14.48,NA,-8.33,NA,NA,NA,",sn,"
1851-02-12 06:00:00,14.44,NA,NA,NA,NA,NA,1019.64,NA,NA,NA,NA,NA,-7.22,NA,NA,NA,NA,NA
1851-02-12 09:00:00,13.89,NA,NA,NA,NA,NA,1022.35,NA,NA,NA,NA,NA,-5,NA,NA,NA,NA,NA
1851-02-12 15:00:00,16.11,NA,NA,NA,NA,NA,1028.11,NA,NA,NA,NA,NA,-7.22,NA,NA,NA,NA,NA
1851-02-12 21:00:00,15.56,NA,NA,NA,NA,NA,1035.9,NA,NA,NA,NA,NA,-13.89,NA,NA,NA,NA,NA
1851-02-13,NA,NA,NA,NA,NA,NA,NA,NA,NA,NA,NA,0.38,NA,-10.97,NA,NA,NA,NA
1851-02-13 06:00:00,13.89,NA,NA,NA,NA,NA,1039.96,NA,NA,NA,NA,NA,-17.22,NA,NA,NA,NA,NA
1851-02-13 09:00:00,12.22,NA,NA,NA,NA,NA,1041.65,NA,NA,NA,NA,NA,-11.11,NA,NA,NA,NA,NA
1851-02-13 15:00:00,16.67,NA,NA,NA,NA,NA,1040.64,NA,NA,NA,NA,NA,-8.33,NA,NA,NA,NA,NA
1851-02-13 21:00:00,17.78,NA,NA,NA,NA,NA,1039.28,NA,NA,NA,NA,NA,-7.22,NA,NA,NA,NA,NA
1851-02-14,NA,NA,NA,NA,NA,NA,NA,NA,NA,NA,NA,NA,NA,3.19,NA,NA,NA,NA
1851-02-14 06:00:00,12.22,NA,NA,NA,NA,NA,1032.85,NA,NA,NA,NA,NA,-1.67,NA,NA,NA,NA,NA
1851-02-14 09:00:00,13.89,NA,NA,NA,NA,NA,1031.83,NA,NA,NA,NA,NA,0,NA,NA,NA,NA,NA
1851-02-14 15:00:00,15.56,NA,NA,NA,NA,NA,1027.77,NA,NA,NA,NA,NA,4.44,NA,NA,NA,NA,NA
1851-02-14 21:00:00,17.78,NA,NA,NA,NA,NA,1025.4,NA,NA,NA,NA,NA,4.44,NA,NA,NA,NA,NA
1851-02-15,NA,NA,NA,NA,NA,NA,NA,NA,"9am","12pm",NA,NA,NA,6.67,NA,NA,NA,",ra,"
1851-02-15 06:00:00,17.22,NA,NA,NA,NA,NA,1019.98,NA,NA,NA,NA,NA,3.33,NA,NA,NA,NA,NA
1851-02-15 09:00:00,15.56,NA,NA,NA,NA,NA,1019.3,NA,NA,NA,NA,NA,6.11,NA,NA,NA,NA,NA
1851-02-15 15:00:00,16.11,NA,NA,NA,NA,NA,1012.87,NA,NA,NA,NA,NA,8.89,NA,NA,NA,NA,NA
1851-02-15 21:00:00,18.33,NA,NA,NA,NA,NA,1001.69,NA,NA,NA,NA,NA,8.33,NA,NA,NA,NA,NA
1851-02-16,NA,NA,NA,NA,NA,NA,NA,NA,NA,NA,NA,10.03,NA,4.58,NA,NA,NA,NA
1851-02-16 06:00:00,18.33,NA,NA,NA,NA,NA,996.95,NA,NA,NA,NA,NA,6.11,NA,NA,NA,NA,NA
1851-02-16 09:00:00,18.33,NA,NA,NA,NA,NA,998.65,NA,NA,NA,NA,NA,7.22,NA,NA,NA,NA,NA
1851-02-16 15:00:00,18.33,NA,NA,NA,NA,NA,1000.68,NA,NA,NA,NA,NA,5.56,NA,NA,NA,NA,NA
1851-02-16 21:00:00,18.33,NA,NA,NA,NA,NA,1005.08,NA,NA,NA,NA,NA,-0.56,NA,NA,NA,NA,NA
1851-02-17,NA,NA,NA,NA,NA,NA,NA,NA,NA,NA,NA,NA,NA,-8.47,NA,NA,NA,NA
1851-02-17 06:00:00,13.33,NA,NA,NA,NA,NA,1015.58,NA,NA,NA,NA,NA,-8.33,NA,NA,NA,NA,NA
1851-02-17 09:00:00,12.78,NA,NA,NA,NA,NA,1018.63,NA,NA,NA,NA,NA,-7.78,NA,NA,NA,NA,NA
1851-02-17 15:00:00,14.44,NA,NA,NA,NA,NA,1022.01,NA,NA,NA,NA,NA,-7.22,NA,NA,NA,NA,NA
1851-02-17 21:00:00,14.44,NA,NA,NA,NA,NA,1028.78,NA,NA,NA,NA,NA,-10.56,NA,NA,NA,NA,NA
1851-02-18,NA,NA,NA,NA,NA,NA,NA,NA,"1pm","6pm",NA,NA,NA,-5.56,NA,NA,NA,",sn,"
1851-02-18 06:00:00,11.67,NA,NA,NA,NA,NA,1029.12,NA,NA,NA,NA,NA,-14.44,NA,NA,NA,NA,NA
1851-02-18 09:00:00,11.67,NA,NA,NA,NA,NA,1029.46,NA,NA,NA,NA,NA,-7.78,NA,NA,NA,NA,NA
1851-02-18 15:00:00,12.22,NA,NA,NA,NA,NA,1024.38,NA,NA,NA,NA,NA,0.56,NA,NA,NA,NA,NA
1851-02-18 21:00:00,15.56,NA,NA,NA,NA,NA,1022.01,NA,NA,NA,NA,NA,-0.56,NA,NA,NA,NA,NA
1851-02-19,NA,NA,NA,NA,NA,NA,NA,NA,NA,NA,NA,0.25,NA,-7.5,NA,NA,NA,",au,"
1851-02-19 06:00:00,12.22,NA,NA,NA,NA,NA,1036.24,NA,NA,NA,NA,NA,-9.44,NA,NA,NA,NA,NA
1851-02-19 09:00:00,12.78,NA,NA,NA,NA,NA,1038.94,NA,NA,NA,NA,NA,-5.56,NA,NA,NA,NA,NA
1851-02-19 15:00:00,15,NA,NA,NA,NA,NA,1040.98,NA,NA,NA,NA,NA,-4.44,NA,NA,NA,NA,NA
1851-02-19 21:00:00,17.22,NA,NA,NA,NA,NA,1039.96,NA,NA,NA,NA,NA,-9.44,NA,NA,NA,NA,NA
1851-02-20,NA,NA,NA,NA,NA,NA,NA,NA,"6pm","12pm",NA,NA,NA,-1.67,NA,NA,NA,",ra,"
1851-02-20 06:00:00,14.44,NA,NA,NA,NA,NA,1032.85,NA,NA,NA,NA,NA,-11.11,NA,NA,NA,NA,NA
1851-02-20 09:00:00,16.67,NA,NA,NA,NA,NA,1031.16,NA,NA,NA,NA,NA,-1.11,NA,NA,NA,NA,NA
1851-02-20 15:00:00,16.11,NA,NA,NA,NA,NA,1024.38,NA,NA,NA,NA,NA,3.33,NA,NA,NA,NA,NA
1851-02-20 21:00:00,17.78,NA,NA,NA,NA,NA,1020.66,NA,NA,NA,NA,NA,2.22,NA,NA,NA,NA,NA
1851-02-21,NA,NA,NA,NA,NA,NA,NA,NA,NA,NA,NA,1.78,NA,-5,NA,NA,NA,NA
1851-02-21 06:00:00,14.44,NA,NA,NA,NA,NA,1025.06,NA,NA,NA,NA,NA,-2.78,NA,NA,NA,NA,NA
1851-02-21 09:00:00,13.89,NA,NA,NA,NA,NA,1027.43,NA,NA,NA,NA,NA,-2.22,NA,NA,NA,NA,NA
1851-02-21 15:00:00,13.33,NA,NA,NA,NA,NA,1029.46,NA,NA,NA,NA,NA,-5.56,NA,NA,NA,NA,NA
1851-02-21 21:00:00,15.56,NA,NA,NA,NA,NA,1031.16,NA,NA,NA,NA,NA,-9.44,NA,NA,NA,NA,NA
1851-02-22,NA,NA,NA,NA,NA,NA,NA,NA,"10am","6am",NA,NA,NA,-3.47,NA,NA,NA,",sn,"
1851-02-22 06:00:00,11.67,NA,NA,NA,NA,NA,1024.04,NA,NA,NA,NA,NA,-9.44,NA,NA,NA,NA,NA
1851-02-22 09:00:00,12.78,NA,NA,NA,NA,NA,1022.69,NA,NA,NA,NA,NA,-4.44,NA,NA,NA,NA,NA
1851-02-22 15:00:00,12.78,NA,NA,NA,NA,NA,1011.51,NA,NA,NA,NA,NA,-0.56,NA,NA,NA,NA,NA
1851-02-22 21:00:00,15.56,NA,NA,NA,NA,NA,1002.71,NA,NA,NA,NA,NA,0.56,NA,NA,NA,NA,NA
1851-02-23,NA,NA,NA,NA,NA,NA,NA,NA,NA,NA,NA,8.64,NA,-4.72,NA,NA,NA,NA
1851-02-23 06:00:00,15,NA,NA,NA,NA,NA,1003.05,NA,NA,NA,NA,NA,-5.56,NA,NA,NA,NA,NA
1851-02-23 09:00:00,16.11,NA,NA,NA,NA,NA,1004.74,NA,NA,NA,NA,NA,-3.89,NA,NA,NA,NA,NA
1851-02-23 15:00:00,15,NA,NA,NA,NA,NA,1010.16,NA,NA,NA,NA,NA,-2.78,NA,NA,NA,NA,NA
1851-02-23 21:00:00,16.67,NA,NA,NA,NA,NA,1014.22,NA,NA,NA,NA,NA,-6.67,NA,NA,NA,NA,NA
1851-02-24,NA,NA,NA,NA,NA,NA,NA,NA,NA,NA,NA,NA,NA,-2.64,NA,NA,NA,NA
1851-02-24 06:00:00,13.89,NA,NA,NA,NA,NA,1017.27,NA,NA,NA,NA,NA,-6.67,NA,NA,NA,NA,NA
1851-02-24 09:00:00,15,NA,NA,NA,NA,NA,1019.3,NA,NA,NA,NA,NA,-5,NA,NA,NA,NA,NA
1851-02-24 15:00:00,16.11,NA,NA,NA,NA,NA,1016.59,NA,NA,NA,NA,NA,3.33,NA,NA,NA,NA,NA
1851-02-24 21:00:00,16.11,NA,NA,NA,NA,NA,1010.84,NA,NA,NA,NA,NA,-2.22,NA,NA,NA,NA,NA
1851-02-25,NA,NA,NA,NA,NA,NA,NA,NA,NA,NA,NA,NA,NA,-2.22,NA,NA,NA,NA
1851-02-25 06:00:00,12.22,NA,NA,NA,NA,NA,1002.71,NA,NA,NA,NA,NA,-3.89,NA,NA,NA,NA,NA
1851-02-25 09:00:00,11.67,NA,NA,NA,NA,NA,1001.36,NA,NA,NA,NA,NA,-0.56,NA,NA,NA,NA,NA
1851-02-25 15:00:00,11.67,NA,NA,NA,NA,NA,1001.36,NA,NA,NA,NA,NA,-2.22,NA,NA,NA,NA,NA
1851-02-25 21:00:00,15,NA,NA,NA,NA,NA,1009.82,NA,NA,NA,NA,NA,-2.22,NA,NA,NA,NA,NA
1851-02-26,NA,NA,NA,NA,NA,NA,NA,NA,"11am","2pm",NA,NA,NA,-1.11,NA,NA,NA,NA
1851-02-26 06:00:00,12.22,NA,NA,NA,NA,NA,1014.56,NA,NA,NA,NA,NA,-5.56,NA,NA,NA,NA,NA
1851-02-26 09:00:00,12.78,NA,NA,NA,NA,NA,1016.59,NA,NA,NA,NA,NA,0,NA,NA,NA,NA,NA
1851-02-26 15:00:00,15.56,NA,NA,NA,NA,NA,1018.96,NA,NA,NA,NA,NA,2.78,NA,NA,NA,NA,NA
1851-02-26 21:00:00,20.56,NA,NA,NA,NA,NA,1021,NA,NA,NA,NA,NA,-1.67,NA,NA,NA,NA,NA
1851-02-27,NA,NA,NA,NA,NA,NA,NA,NA,NA,NA,NA,0.05,NA,-0.83,NA,NA,NA,NA
1851-02-27 06:00:00,15,NA,NA,NA,NA,NA,1020.32,NA,NA,NA,NA,NA,-3.33,NA,NA,NA,NA,NA
1851-02-27 09:00:00,16.11,NA,NA,NA,NA,NA,1020.32,NA,NA,NA,NA,NA,0.56,NA,NA,NA,NA,NA
1851-02-27 15:00:00,21.11,NA,NA,NA,NA,NA,1030.82,NA,NA,NA,NA,NA,1.11,NA,NA,NA,NA,NA
1851-02-27 21:00:00,20,NA,NA,NA,NA,NA,1014.9,NA,NA,NA,NA,NA,-1.67,NA,NA,NA,NA,NA
1851-02-28,NA,NA,NA,NA,NA,NA,NA,NA,"5pm","empty",NA,NA,NA,3.19,NA,NA,NA,",ra,"
1851-02-28 06:00:00,17.22,NA,NA,NA,NA,NA,1009.48,NA,NA,NA,NA,NA,-1.67,NA,NA,NA,NA,NA
1851-02-28 09:00:00,18.33,NA,NA,NA,NA,NA,1008.81,NA,NA,NA,NA,NA,2.22,NA,NA,NA,NA,NA
1851-02-28 15:00:00,20.56,NA,NA,NA,NA,NA,1003.73,NA,NA,NA,NA,NA,6.11,NA,NA,NA,NA,NA
1851-02-28 21:00:00,20.56,NA,NA,NA,NA,NA,995.26,NA,NA,NA,NA,NA,6.11,NA,NA,NA,NA,NA
1851-03-01,NA,NA,NA,NA,NA,NA,NA,NA,NA,"6 pm",NA,0,NA,-3.47,NA,NA,NA,",sn,"
1851-03-01 06:00:00,19.44,NA,NA,NA,NA,NA,998.98,NA,NA,NA,NA,NA,-1.11,NA,NA,NA,NA,NA
1851-03-01 09:00:00,19.44,NA,NA,NA,NA,NA,1001.69,NA,NA,NA,NA,NA,-2.78,NA,NA,NA,NA,NA
1851-03-01 15:00:00,17.78,NA,NA,NA,NA,NA,1006.1,NA,NA,NA,NA,NA,-0.56,NA,NA,NA,NA,NA
1851-03-01 21:00:00,17.22,NA,NA,NA,NA,NA,1015.24,NA,NA,NA,NA,NA,-9.44,NA,NA,NA,NA,NA
1851-03-02,NA,NA,NA,NA,NA,NA,NA,NA,NA,NA,NA,5.59,NA,-4.72,NA,NA,NA,",au,"
1851-03-02 06:00:00,17.22,NA,NA,NA,NA,NA,1018.96,NA,NA,NA,NA,NA,-15.56,NA,NA,NA,NA,NA
1851-03-02 09:00:00,13.89,NA,NA,NA,NA,NA,1022.69,NA,NA,NA,NA,NA,-3.33,NA,NA,NA,NA,NA
1851-03-02 15:00:00,13.33,NA,NA,NA,NA,NA,1021.33,NA,NA,NA,NA,NA,5,NA,NA,NA,NA,NA
1851-03-02 21:00:00,15,NA,NA,NA,NA,NA,1020.32,NA,NA,NA,NA,NA,-5,NA,NA,NA,NA,NA
1851-03-03,NA,NA,NA,NA,NA,NA,NA,NA,"6 am","12 pm",NA,NA,NA,-3.06,NA,NA,NA,",sn,"
1851-03-03 06:00:00,13.33,NA,NA,NA,NA,NA,1010.5,NA,NA,NA,NA,NA,-7.78,NA,NA,NA,NA,NA
1851-03-03 09:00:00,15,NA,NA,NA,NA,NA,1005.42,NA,NA,NA,NA,NA,-1.11,NA,NA,NA,NA,NA
1851-03-03 15:00:00,16.11,NA,NA,NA,NA,NA,990.86,NA,NA,NA,NA,NA,0,NA,NA,NA,NA,NA
1851-03-03 21:00:00,18.89,NA,NA,NA,NA,NA,997.97,NA,NA,NA,NA,NA,-3.33,NA,NA,NA,NA,NA
1851-03-04,NA,NA,NA,NA,NA,NA,NA,NA,NA,NA,NA,7.62,NA,-5.28,NA,NA,NA,NA
1851-03-04 06:00:00,12.22,NA,NA,NA,NA,NA,1007.45,NA,NA,NA,NA,NA,-11.11,NA,NA,NA,NA,NA
1851-03-04 09:00:00,13.33,NA,NA,NA,NA,NA,1012.53,NA,NA,NA,NA,NA,-2.22,NA,NA,NA,NA,NA
1851-03-04 15:00:00,17.22,NA,NA,NA,NA,NA,1012.87,NA,NA,NA,NA,NA,-2.22,NA,NA,NA,NA,NA
1851-03-04 21:00:00,17.22,NA,NA,NA,NA,NA,1016.59,NA,NA,NA,NA,NA,-5.56,NA,NA,NA,NA,NA
1851-03-05,NA,NA,NA,NA,NA,NA,NA,NA,"3 am","12 am",NA,NA,NA,-0.97,NA,NA,NA,",sn,"
1851-03-05 06:00:00,12.78,NA,NA,NA,NA,NA,1009.14,NA,NA,NA,NA,NA,-8.33,NA,NA,NA,NA,NA
1851-03-05 09:00:00,16.11,NA,NA,NA,NA,NA,1007.45,NA,NA,NA,NA,NA,2.22,NA,NA,NA,NA,NA
1851-03-05 15:00:00,16.11,NA,NA,NA,NA,NA,1011.18,NA,NA,NA,NA,NA,7.22,NA,NA,NA,NA,NA
1851-03-05 21:00:00,16.67,NA,NA,NA,NA,NA,1022.69,NA,NA,NA,NA,NA,-5,NA,NA,NA,NA,NA
1851-03-06,NA,NA,NA,NA,NA,NA,NA,NA,"6 pm","12 pm",NA,3.3,NA,0.28,NA,NA,NA,NA
1851-03-06 06:00:00,11.67,NA,NA,NA,NA,NA,1020.32,NA,NA,NA,NA,NA,-9.44,NA,NA,NA,NA,NA
1851-03-06 09:00:00,13.33,NA,NA,NA,NA,NA,1015.92,NA,NA,NA,NA,NA,0.56,NA,NA,NA,NA,NA
1851-03-06 15:00:00,13.89,NA,NA,NA,NA,NA,1006.1,NA,NA,NA,NA,NA,7.22,NA,NA,NA,NA,NA
1851-03-06 21:00:00,18.33,NA,NA,NA,NA,NA,1007.45,NA,NA,NA,NA,NA,2.78,NA,NA,NA,NA,NA
1851-03-07,NA,NA,NA,NA,NA,NA,NA,NA,NA,NA,NA,7.37,NA,-2.64,NA,NA,NA,",halo,"
1851-03-07 06:00:00,15.56,NA,NA,NA,NA,NA,1018.63,NA,NA,NA,NA,NA,-6.11,NA,NA,NA,NA,NA
1851-03-07 09:00:00,16.11,NA,NA,NA,NA,NA,1021.33,NA,NA,NA,NA,NA,-2.78,NA,NA,NA,NA,NA
1851-03-07 15:00:00,16.11,NA,NA,NA,NA,NA,1021,NA,NA,NA,NA,NA,1.11,NA,NA,NA,NA,NA
1851-03-07 21:00:00,18.33,NA,NA,NA,NA,NA,1024.38,NA,NA,NA,NA,NA,-2.78,NA,NA,NA,NA,NA
1851-03-08,NA,NA,NA,NA,NA,NA,NA,NA,"3 pm",NA,NA,NA,NA,-3.89,NA,NA,NA,",sn,"
1851-03-08 06:00:00,14.44,NA,NA,NA,NA,NA,1023.71,NA,NA,NA,NA,NA,-4.44,NA,NA,NA,NA,NA
1851-03-08 09:00:00,15.56,NA,NA,NA,NA,NA,1023.37,NA,NA,NA,NA,NA,-3.33,NA,NA,NA,NA,NA
1851-03-08 15:00:00,14.44,NA,NA,NA,NA,NA,1017.27,NA,NA,NA,NA,NA,-2.22,NA,NA,NA,NA,NA
1851-03-08 21:00:00,16.11,NA,NA,NA,NA,NA,1005.76,NA,NA,NA,NA,NA,-5.56,NA,NA,NA,NA,NA
1851-03-09,NA,NA,NA,NA,NA,NA,NA,NA,NA,"6 pm",NA,NA,NA,-6.81,NA,NA,NA,",sn,"
1851-03-09 06:00:00,11.67,NA,NA,NA,NA,NA,1001.36,NA,NA,NA,NA,NA,-7.78,NA,NA,NA,NA,NA
1851-03-09 09:00:00,12.78,NA,NA,NA,NA,NA,1002.03,NA,NA,NA,NA,NA,-4.44,NA,NA,NA,NA,NA
1851-03-09 15:00:00,13.33,NA,NA,NA,NA,NA,1001.69,NA,NA,NA,NA,NA,-5,NA,NA,NA,NA,NA
1851-03-09 21:00:00,15,NA,NA,NA,NA,NA,1008.47,NA,NA,NA,NA,NA,-10,NA,NA,NA,NA,NA
1851-03-10,NA,NA,NA,NA,NA,NA,NA,NA,NA,NA,NA,30.99,NA,-3.61,NA,NA,NA,",halo,"
1851-03-10 06:00:00,8.33,NA,NA,NA,NA,NA,1012.19,NA,NA,NA,NA,NA,-18.89,NA,NA,NA,NA,NA
1851-03-10 09:00:00,7.22,NA,NA,NA,NA,NA,1013.21,NA,NA,NA,NA,NA,-1.11,NA,NA,NA,NA,NA
1851-03-10 15:00:00,11.67,NA,NA,NA,NA,NA,1012.53,NA,NA,NA,NA,NA,7.22,NA,NA,NA,NA,NA
1851-03-10 21:00:00,18.33,NA,NA,NA,NA,NA,1014.22,NA,NA,NA,NA,NA,-1.67,NA,NA,NA,NA,NA
1851-03-11,NA,NA,NA,NA,NA,NA,NA,NA,NA,NA,NA,NA,NA,-0.14,NA,NA,NA,NA
1851-03-11 06:00:00,11.67,NA,NA,NA,NA,NA,1013.88,NA,NA,NA,NA,NA,-5.56,NA,NA,NA,NA,NA
1851-03-11 09:00:00,12.78,NA,NA,NA,NA,NA,1015.24,NA,NA,NA,NA,NA,-0.56,NA,NA,NA,NA,NA
1851-03-11 15:00:00,17.78,NA,NA,NA,NA,NA,1013.88,NA,NA,NA,NA,NA,5.56,NA,NA,NA,NA,NA
1851-03-11 21:00:00,19.44,NA,NA,NA,NA,NA,1011.51,NA,NA,NA,NA,NA,0,NA,NA,NA,NA,NA
1851-03-12,NA,NA,NA,NA,NA,NA,NA,NA,"1 am","11 am",NA,NA,NA,-2.36,NA,NA,NA,",ra,"
1851-03-12 06:00:00,15,NA,NA,NA,NA,NA,1002.37,NA,NA,NA,NA,NA,2.22,NA,NA,NA,NA,NA
1851-03-12 09:00:00,16.11,NA,NA,NA,NA,NA,1003.39,NA,NA,NA,NA,NA,4.44,NA,NA,NA,NA,NA
1851-03-12 15:00:00,16.67,NA,NA,NA,NA,NA,1013.21,NA,NA,NA,NA,NA,-3.33,NA,NA,NA,NA,NA
1851-03-12 21:00:00,18.89,NA,NA,NA,NA,NA,1018.63,NA,NA,NA,NA,NA,-12.78,NA,NA,NA,NA,NA
1851-03-13,NA,NA,NA,NA,NA,NA,NA,NA,NA,NA,NA,1.52,NA,-14.44,NA,NA,NA,NA
1851-03-13 06:00:00,10,NA,NA,NA,NA,NA,1019.3,NA,NA,NA,NA,NA,-19.44,NA,NA,NA,NA,NA
1851-03-13 09:00:00,11.11,NA,NA,NA,NA,NA,1020.32,NA,NA,NA,NA,NA,-13.33,NA,NA,NA,NA,NA
1851-03-13 15:00:00,11.11,NA,NA,NA,NA,NA,1017.27,NA,NA,NA,NA,NA,-10.56,NA,NA,NA,NA,NA
1851-03-13 21:00:00,15,NA,NA,NA,NA,NA,1016.93,NA,NA,NA,NA,NA,-14.44,NA,NA,NA,NA,NA
1851-03-14,NA,NA,NA,NA,NA,NA,NA,NA,NA,NA,NA,NA,NA,-14.03,NA,NA,NA,NA
1851-03-14 06:00:00,7.78,NA,NA,NA,NA,NA,1013.21,NA,NA,NA,NA,NA,-14.44,NA,NA,NA,NA,NA
1851-03-14 09:00:00,9.44,NA,NA,NA,NA,NA,1014.22,NA,NA,NA,NA,NA,-13.33,NA,NA,NA,NA,NA
1851-03-14 15:00:00,13.33,NA,NA,NA,NA,NA,1014.56,NA,NA,NA,NA,NA,-10.56,NA,NA,NA,NA,NA
1851-03-14 21:00:00,15,NA,NA,NA,NA,NA,1018.29,NA,NA,NA,NA,NA,-17.78,NA,NA,NA,NA,NA
1851-03-15,NA,NA,NA,NA,NA,NA,NA,NA,"11 am","6 pm",NA,NA,NA,-8.33,NA,NA,NA,",sn,"
1851-03-15 06:00:00,7.78,NA,NA,NA,NA,NA,1017.27,NA,NA,NA,NA,NA,-20,NA,NA,NA,NA,NA
1851-03-15 09:00:00,8.89,NA,NA,NA,NA,NA,1016.93,NA,NA,NA,NA,NA,-5,NA,NA,NA,NA,NA
1851-03-15 15:00:00,8.33,NA,NA,NA,NA,NA,1011.18,NA,NA,NA,NA,NA,-5,NA,NA,NA,NA,NA
1851-03-15 21:00:00,12.22,NA,NA,NA,NA,NA,1008.81,NA,NA,NA,NA,NA,-3.33,NA,NA,NA,NA,NA
1851-03-16,NA,NA,NA,NA,NA,NA,NA,NA,NA,NA,NA,8,NA,-11.53,NA,NA,NA,NA
1851-03-16 06:00:00,10,NA,NA,NA,NA,NA,1014.22,NA,NA,NA,NA,NA,-13.89,NA,NA,NA,NA,NA
1851-03-16 09:00:00,11.11,NA,NA,NA,NA,NA,1018.63,NA,NA,NA,NA,NA,-7.78,NA,NA,NA,NA,NA
1851-03-16 15:00:00,12.78,NA,NA,NA,NA,NA,1019.64,NA,NA,NA,NA,NA,-7.22,NA,NA,NA,NA,NA
1851-03-16 21:00:00,12.78,NA,NA,NA,NA,NA,1019.3,NA,NA,NA,NA,NA,-17.22,NA,NA,NA,NA,NA
1851-03-17,NA,NA,NA,NA,NA,NA,NA,NA,NA,NA,NA,NA,NA,-13.47,NA,NA,NA,NA
1851-03-17 06:00:00,5,NA,NA,NA,NA,NA,1017.95,NA,NA,NA,NA,NA,-24.44,NA,NA,NA,NA,NA
1851-03-17 09:00:00,7.78,NA,NA,NA,NA,NA,1018.29,NA,NA,NA,NA,NA,-12.22,NA,NA,NA,NA,NA
1851-03-17 15:00:00,10.56,NA,NA,NA,NA,NA,1017.61,NA,NA,NA,NA,NA,-5,NA,NA,NA,NA,NA
1851-03-17 21:00:00,12.78,NA,NA,NA,NA,NA,1017.61,NA,NA,NA,NA,NA,-12.22,NA,NA,NA,NA,NA
1851-03-18,NA,NA,NA,NA,NA,NA,NA,NA,"5 pm",NA,NA,NA,NA,-8.47,NA,NA,NA,",sn,"
1851-03-18 06:00:00,8.89,NA,NA,NA,NA,NA,1014.9,NA,NA,NA,NA,NA,-19.44,NA,NA,NA,NA,NA
1851-03-18 09:00:00,8.89,NA,NA,NA,NA,NA,1013.88,NA,NA,NA,NA,NA,-11.11,NA,NA,NA,NA,NA
1851-03-18 15:00:00,10.56,NA,NA,NA,NA,NA,1010.84,NA,NA,NA,NA,NA,-1.67,NA,NA,NA,NA,NA
1851-03-18 21:00:00,14.44,NA,45,NA,NA,NA,1006.77,NA,NA,NA,NA,NA,-1.67,NA,NA,NA,NA,NA
1851-03-19,NA,NA,NA,NA,NA,NA,NA,NA,NA,"11 pm",NA,NA,NA,2.22,NA,NA,NA,",ra,"
1851-03-19 06:00:00,11.67,NA,NA,NA,NA,NA,1001.69,NA,NA,NA,NA,NA,0,NA,NA,NA,NA,NA
1851-03-19 09:00:00,13.33,NA,NA,NA,NA,NA,1001.02,NA,NA,NA,NA,NA,2.22,NA,NA,NA,NA,NA
1851-03-19 15:00:00,15.56,NA,NA,NA,NA,NA,995.26,NA,NA,NA,NA,NA,4.44,NA,NA,NA,NA,NA
1851-03-19 21:00:00,16.11,NA,NA,NA,NA,NA,991.2,NA,NA,NA,NA,NA,2.22,NA,NA,NA,NA,NA
1851-03-20,NA,NA,NA,NA,NA,NA,NA,NA,"4 pm","11 pm",NA,20.83,NA,3.06,NA,NA,NA,",sn,"
1851-03-20 06:00:00,16.67,NA,NA,NA,NA,NA,1011.51,NA,NA,NA,NA,NA,-1.11,NA,NA,NA,NA,NA
1851-03-20 09:00:00,17.78,NA,NA,NA,NA,NA,997.29,NA,NA,NA,NA,NA,5.56,NA,NA,NA,NA,NA
1851-03-20 15:00:00,17.78,NA,NA,NA,NA,NA,996.95,NA,NA,NA,NA,NA,6.67,NA,NA,NA,NA,NA
1851-03-20 21:00:00,19.44,NA,NA,NA,NA,NA,991.2,NA,NA,NA,NA,NA,1.11,NA,NA,NA,NA,NA
1851-03-21,NA,NA,NA,NA,NA,NA,NA,NA,"9 am",NA,NA,23.5,NA,5.14,NA,NA,NA,",sn,"
1851-03-21 06:00:00,18.33,NA,NA,NA,NA,NA,991.53,NA,NA,NA,NA,NA,3.33,NA,NA,NA,NA,NA
1851-03-21 09:00:00,20.56,NA,NA,NA,NA,NA,993.23,NA,NA,NA,NA,NA,5.56,NA,NA,NA,NA,NA
1851-03-21 15:00:00,18.33,NA,NA,NA,NA,NA,994.24,NA,NA,NA,NA,NA,10.56,NA,NA,NA,NA,NA
1851-03-21 21:00:00,20,NA,NA,NA,NA,NA,995.26,NA,NA,NA,NA,NA,1.11,NA,NA,NA,NA,NA
1851-03-22,NA,NA,NA,NA,NA,NA,NA,NA,NA,"6 pm",NA,NA,NA,1.39,NA,NA,NA,",sn,"
1851-03-22 06:00:00,16.67,NA,NA,NA,NA,NA,997.29,NA,NA,NA,NA,NA,-1.11,NA,NA,NA,NA,NA
1851-03-22 09:00:00,17.22,NA,NA,NA,NA,NA,999.32,NA,NA,NA,NA,NA,3.33,NA,NA,NA,NA,NA
1851-03-22 15:00:00,17.22,NA,NA,NA,NA,NA,1001.02,NA,NA,NA,NA,NA,3.33,NA,NA,NA,NA,NA
1851-03-22 21:00:00,20,NA,NA,NA,NA,NA,1006.43,NA,NA,NA,NA,NA,0,NA,NA,NA,NA,NA
1851-03-23,NA,NA,NA,NA,NA,NA,NA,NA,NA,NA,NA,3.3,NA,-0.42,NA,NA,NA,NA
1851-03-23 06:00:00,16.67,NA,NA,NA,NA,NA,1010.5,NA,NA,NA,NA,NA,-3.89,NA,NA,NA,NA,NA
1851-03-23 09:00:00,17.78,NA,NA,NA,NA,NA,1012.53,NA,NA,NA,NA,NA,3.33,NA,NA,NA,NA,NA
1851-03-23 15:00:00,16.67,NA,NA,NA,NA,NA,1013.88,NA,NA,NA,NA,NA,2.22,NA,NA,NA,NA,NA
1851-03-23 21:00:00,16.11,NA,NA,NA,NA,NA,1015.24,NA,NA,NA,NA,NA,-3.33,NA,NA,NA,NA,NA
1851-03-24,NA,NA,NA,NA,NA,NA,NA,NA,"11 am","4 pm",NA,NA,NA,1.11,NA,NA,NA,",ra,"
1851-03-24 06:00:00,13.89,NA,NA,NA,NA,NA,1008.13,NA,NA,NA,NA,NA,-7.22,NA,NA,NA,NA,NA
1851-03-24 09:00:00,13.89,NA,NA,NA,NA,NA,1005.42,NA,NA,NA,NA,NA,2.22,NA,NA,NA,NA,NA
1851-03-24 15:00:00,16.11,NA,NA,NA,NA,NA,994.24,NA,NA,NA,NA,NA,5.56,NA,NA,NA,NA,NA
1851-03-24 21:00:00,18.33,NA,NA,NA,NA,NA,984.76,NA,NA,NA,NA,NA,3.89,NA,NA,NA,NA,NA
1851-03-25,NA,NA,NA,NA,NA,NA,NA,NA,NA,"2 pm",NA,5.59,NA,-3.19,NA,NA,NA,",sn,"
1851-03-25 06:00:00,16.11,NA,NA,NA,NA,NA,994.92,NA,NA,NA,NA,NA,-1.11,NA,NA,NA,NA,NA
1851-03-25 09:00:00,15.56,NA,NA,NA,NA,NA,998.31,NA,NA,NA,NA,NA,1.11,NA,NA,NA,NA,NA
1851-03-25 15:00:00,15.56,NA,NA,NA,NA,NA,1005.42,NA,NA,NA,NA,NA,-2.22,NA,NA,NA,NA,NA
1851-03-25 21:00:00,16.11,NA,NA,NA,NA,NA,1015.58,NA,NA,NA,NA,NA,-10.56,NA,NA,NA,NA,NA
1851-03-26,NA,NA,NA,NA,NA,NA,NA,NA,NA,NA,NA,1.02,NA,-5.14,NA,NA,NA,NA
1851-03-26 06:00:00,11.11,NA,NA,NA,NA,NA,1021.33,NA,NA,NA,NA,NA,-15,NA,NA,NA,NA,NA
1851-03-26 09:00:00,11.11,NA,NA,NA,NA,NA,1025.06,NA,NA,NA,NA,NA,-4.44,NA,NA,NA,NA,NA
1851-03-26 15:00:00,13.89,NA,NA,NA,NA,NA,1022.35,NA,NA,NA,NA,NA,0.56,NA,NA,NA,NA,NA
1851-03-26 21:00:00,16.67,NA,NA,NA,NA,NA,1016.93,NA,NA,NA,NA,NA,-1.67,NA,NA,NA,NA,NA
1851-03-27,NA,NA,NA,NA,NA,NA,NA,NA,NA,NA,NA,NA,NA,4.86,NA,NA,NA,",hz,"
1851-03-27 06:00:00,12.78,NA,NA,NA,NA,NA,1012.53,NA,NA,NA,NA,NA,-3.33,NA,NA,NA,NA,NA
1851-03-27 09:00:00,16.11,NA,NA,NA,NA,NA,1011.85,NA,NA,NA,NA,NA,6.11,NA,NA,NA,NA,NA
1851-03-27 15:00:00,16.67,NA,NA,NA,NA,NA,1009.48,NA,NA,NA,NA,NA,13.33,NA,NA,NA,NA,NA
1851-03-27 21:00:00,20,NA,NA,NA,NA,NA,1008.81,NA,NA,NA,NA,NA,3.33,NA,NA,NA,NA,NA
1851-03-28,NA,NA,NA,NA,NA,NA,NA,NA,"6 pm",NA,NA,NA,NA,6.25,NA,NA,NA,",ra,"
1851-03-28 06:00:00,18.33,NA,NA,NA,NA,NA,1006.43,NA,NA,NA,NA,NA,2.22,NA,NA,NA,NA,NA
1851-03-28 09:00:00,18.33,NA,NA,NA,NA,NA,1005.42,NA,NA,NA,NA,NA,9.44,NA,NA,NA,NA,NA
1851-03-28 15:00:00,18.89,NA,NA,NA,NA,NA,1001.69,NA,NA,NA,NA,NA,13.33,NA,NA,NA,NA,NA
1851-03-28 21:00:00,19.44,NA,NA,NA,NA,NA,1001.36,NA,NA,NA,NA,NA,5.56,NA,NA,NA,NA,NA
1851-03-29,NA,NA,NA,NA,NA,NA,NA,NA,NA,"5 am",NA,NA,NA,-2.36,NA,NA,NA,",sn,"
1851-03-29 06:00:00,15.56,NA,NA,NA,NA,NA,1014.22,NA,NA,NA,NA,NA,-3.89,NA,NA,NA,NA,NA
1851-03-29 09:00:00,15,NA,NA,NA,NA,NA,1019.64,NA,NA,NA,NA,NA,-1.11,NA,NA,NA,NA,NA
1851-03-29 15:00:00,13.89,NA,NA,NA,NA,NA,1024.04,NA,NA,NA,NA,NA,-0.56,NA,NA,NA,NA,NA
1851-03-29 21:00:00,17.78,NA,NA,NA,NA,NA,1028.45,NA,NA,NA,NA,NA,-3.89,NA,NA,NA,NA,NA
1851-03-30,NA,NA,NA,NA,NA,NA,NA,NA,NA,NA,NA,5.59,NA,4.44,NA,NA,NA,NA
1851-03-30 06:00:00,14.44,NA,NA,NA,NA,NA,1026.41,NA,NA,NA,NA,NA,-7.78,NA,NA,NA,NA,NA
1851-03-30 09:00:00,13.89,NA,NA,NA,NA,NA,1024.72,NA,NA,NA,NA,NA,4.44,NA,NA,NA,NA,NA
1851-03-30 15:00:00,13.89,NA,NA,NA,NA,NA,1021.33,NA,NA,NA,NA,NA,7.78,NA,NA,NA,NA,NA
1851-03-30 21:00:00,13.33,NA,NA,NA,NA,NA,1017.95,NA,NA,NA,NA,NA,13.33,NA,NA,NA,NA,NA
1851-03-31,NA,NA,NA,NA,NA,NA,NA,NA,NA,NA,NA,NA,NA,7.92,NA,NA,NA,NA
1851-03-31 06:00:00,12.78,NA,NA,NA,NA,NA,1015.58,NA,NA,NA,NA,NA,1.67,NA,NA,NA,NA,NA
1851-03-31 09:00:00,15.56,NA,NA,NA,NA,NA,1014.9,NA,NA,NA,NA,NA,7.22,NA,NA,NA,NA,NA
1851-03-31 15:00:00,17.78,NA,NA,NA,NA,NA,1010.5,NA,NA,NA,NA,NA,14.44,NA,NA,NA,NA,NA
1851-03-31 21:00:00,20,NA,NA,NA,NA,NA,1009.14,NA,NA,NA,NA,NA,8.33,NA,NA,NA,NA,NA
1851-04-01,NA,NA,NA,NA,NA,NA,NA,NA,NA,NA,NA,NA,NA,1.81,NA,NA,NA,NA
1851-04-01 06:00:00,16.67,NA,NA,NA,NA,NA,1015.92,NA,NA,NA,NA,NA,-0.56,NA,NA,NA,NA,NA
1851-04-01 09:00:00,16.11,NA,NA,NA,NA,NA,1018.96,NA,NA,NA,NA,NA,3.89,NA,NA,NA,NA,NA
1851-04-01 15:00:00,11.67,NA,NA,NA,NA,NA,1017.61,NA,NA,NA,NA,NA,5,NA,NA,NA,NA,NA
1851-04-01 21:00:00,14.44,NA,NA,NA,NA,NA,1018.96,NA,NA,NA,NA,NA,-1.11,NA,NA,NA,NA,NA
1851-04-02,NA,NA,NA,NA,NA,NA,NA,NA,NA,NA,NA,NA,NA,-1.94,NA,NA,NA,",halo,"
1851-04-02 06:00:00,11.67,NA,NA,NA,NA,NA,1019.98,NA,NA,NA,NA,NA,-5,NA,NA,NA,NA,NA
1851-04-02 09:00:00,11.67,NA,NA,NA,NA,NA,1022.69,NA,NA,NA,NA,NA,0,NA,NA,NA,NA,NA
1851-04-02 15:00:00,13.33,NA,NA,NA,NA,NA,1022.35,NA,NA,NA,NA,NA,0.56,NA,NA,NA,NA,NA
1851-04-02 21:00:00,12.22,NA,NA,NA,NA,NA,1021.67,NA,NA,NA,NA,NA,-3.33,NA,NA,NA,NA,NA
1851-04-03,NA,NA,NA,NA,NA,NA,NA,NA,"2 am","9 pm",NA,NA,NA,1.94,NA,NA,NA,",sn,"
1851-04-03 06:00:00,8.89,NA,NA,NA,NA,NA,1013.21,NA,NA,NA,NA,NA,-5,NA,NA,NA,NA,NA
1851-04-03 09:00:00,9.44,NA,NA,NA,NA,NA,1010.84,NA,NA,NA,NA,NA,1.11,NA,NA,NA,NA,NA
1851-04-03 15:00:00,11.11,NA,NA,NA,NA,NA,1002.71,NA,NA,NA,NA,NA,5,NA,NA,NA,NA,NA
1851-04-03 21:00:00,12.22,NA,NA,NA,NA,NA,996.95,NA,NA,NA,NA,NA,6.67,NA,NA,NA,NA,NA
1851-04-04,NA,NA,NA,NA,NA,NA,NA,NA,NA,NA,NA,9.91,NA,4.44,NA,NA,NA,NA
1851-04-04 06:00:00,11.11,NA,NA,NA,NA,NA,1004.4,NA,NA,NA,NA,NA,0.56,NA,NA,NA,NA,NA
1851-04-04 09:00:00,12.22,NA,NA,NA,NA,NA,1006.43,NA,NA,NA,NA,NA,6.67,NA,NA,NA,NA,NA
1851-04-04 15:00:00,12.22,NA,NA,NA,NA,NA,1007.45,NA,NA,NA,NA,NA,9.44,NA,NA,NA,NA,NA
1851-04-04 21:00:00,14.44,NA,NA,NA,NA,NA,1015.24,NA,NA,NA,NA,NA,1.11,NA,NA,NA,NA,NA
1851-04-05,NA,NA,NA,NA,NA,NA,NA,NA,NA,NA,NA,NA,NA,0.83,NA,NA,NA,",hz,"
1851-04-05 06:00:00,11.67,NA,NA,NA,NA,NA,1021,NA,NA,NA,NA,NA,-2.22,NA,NA,NA,NA,NA
1851-04-05 09:00:00,11.67,NA,NA,NA,NA,NA,1023.37,NA,NA,NA,NA,NA,2.78,NA,NA,NA,NA,NA
1851-04-05 15:00:00,6.67,NA,NA,NA,NA,NA,1025.06,NA,NA,NA,NA,NA,5,NA,NA,NA,NA,NA
1851-04-05 21:00:00,10,NA,NA,NA,NA,NA,1027.77,NA,NA,NA,NA,NA,-2.22,NA,NA,NA,NA,NA
1851-04-06,NA,NA,NA,NA,NA,NA,NA,NA,NA,NA,NA,NA,NA,5.97,NA,NA,NA,",br,"
1851-04-06 06:00:00,10,NA,NA,NA,NA,NA,1025.06,NA,NA,NA,NA,NA,-3.33,NA,NA,NA,NA,NA
1851-04-06 09:00:00,10,NA,NA,NA,NA,NA,1024.72,NA,NA,NA,NA,NA,7.22,NA,NA,NA,NA,NA
1851-04-06 15:00:00,12.22,NA,NA,NA,NA,NA,1021.67,NA,NA,NA,NA,NA,10.56,NA,NA,NA,NA,NA
1851-04-06 21:00:00,13.89,NA,NA,NA,NA,NA,1020.66,NA,NA,NA,NA,NA,9.44,NA,NA,NA,NA,NA
1851-04-07,NA,NA,NA,NA,NA,NA,NA,NA,"9 am","5 pm",NA,NA,NA,12.22,NA,NA,NA,NA
1851-04-07 06:00:00,13.89,NA,NA,NA,NA,NA,1015.24,NA,NA,NA,NA,NA,7.78,NA,NA,NA,NA,NA
1851-04-07 09:00:00,14.44,NA,NA,NA,NA,NA,1013.88,NA,NA,NA,NA,NA,17.22,NA,NA,NA,NA,NA
1851-04-07 15:00:00,16.11,NA,NA,NA,NA,NA,1010.84,NA,NA,NA,NA,NA,15,NA,NA,NA,NA,NA
1851-04-07 21:00:00,16.11,NA,NA,NA,NA,NA,1014.9,NA,NA,NA,NA,NA,8.89,NA,NA,NA,NA,NA
1851-04-08,NA,NA,NA,NA,NA,NA,NA,NA,NA,"pm",NA,6.6,NA,7.78,NA,NA,NA,NA
1851-04-08 06:00:00,14.44,NA,NA,NA,NA,NA,1018.63,NA,NA,NA,NA,NA,3.89,NA,NA,NA,NA,NA
1851-04-08 09:00:00,13.33,NA,NA,NA,NA,NA,1020.66,NA,NA,NA,NA,NA,8.89,NA,NA,NA,NA,NA
1851-04-08 15:00:00,14.44,NA,NA,NA,NA,NA,1020.66,NA,NA,NA,NA,NA,10.56,NA,NA,NA,NA,NA
1851-04-08 21:00:00,13.33,NA,NA,NA,NA,NA,1018.63,NA,NA,NA,NA,NA,7.78,NA,NA,NA,NA,NA
1851-04-09,NA,NA,NA,NA,NA,NA,NA,NA,"9 am","12 am",NA,0.25,NA,8.47,NA,NA,NA,NA
1851-04-09 06:00:00,13.33,NA,NA,NA,NA,NA,1009.82,NA,NA,NA,NA,NA,3.33,NA,NA,NA,NA,NA
1851-04-09 09:00:00,13.33,NA,NA,NA,NA,NA,1007.79,NA,NA,NA,NA,NA,6.67,NA,NA,NA,NA,NA
1851-04-09 15:00:00,13.33,NA,NA,NA,NA,NA,1007.45,NA,NA,NA,NA,NA,15,NA,NA,NA,NA,NA
1851-04-09 21:00:00,14.44,NA,NA,NA,NA,NA,1016.26,NA,NA,NA,NA,NA,3.33,NA,NA,NA,NA,NA
1851-04-10,NA,NA,NA,NA,NA,NA,NA,NA,NA,NA,NA,2.36,NA,4.86,NA,NA,NA,",halo,"
1851-04-10 06:00:00,11.67,NA,NA,NA,NA,NA,1021.33,NA,NA,NA,NA,NA,-3.89,NA,NA,NA,NA,NA
1851-04-10 09:00:00,12.22,NA,NA,NA,NA,NA,1023.71,NA,NA,NA,NA,NA,6.11,NA,NA,NA,NA,NA
1851-04-10 15:00:00,12.22,NA,NA,NA,NA,NA,1019.98,NA,NA,NA,NA,NA,12.22,NA,NA,NA,NA,NA
1851-04-10 21:00:00,12.78,NA,NA,NA,NA,NA,1020.66,NA,NA,NA,NA,NA,5,NA,NA,NA,NA,NA
1851-04-11,NA,NA,NA,NA,NA,NA,NA,NA,"5 am","1 pm",NA,NA,NA,0.14,NA,NA,NA,",sn,"
1851-04-11 06:00:00,11.11,NA,NA,NA,NA,NA,1023.37,NA,NA,NA,NA,NA,-0.56,NA,NA,NA,NA,NA
1851-04-11 09:00:00,11.67,NA,NA,NA,NA,NA,1025.4,NA,NA,NA,NA,NA,0.56,NA,NA,NA,NA,NA
1851-04-11 15:00:00,11.67,NA,NA,NA,NA,NA,1025.4,NA,NA,NA,NA,NA,2.78,NA,NA,NA,NA,NA
1851-04-11 21:00:00,10.56,NA,NA,NA,NA,NA,1025.4,NA,NA,NA,NA,NA,-2.22,NA,NA,NA,NA,NA
1851-04-12,NA,NA,NA,NA,NA,NA,NA,NA,"1 am",NA,NA,2.16,NA,-2.36,NA,NA,NA,",sn,"
1851-04-12 06:00:00,8.89,NA,NA,NA,NA,NA,1023.37,NA,NA,NA,NA,NA,-3.89,NA,NA,NA,NA,NA
1851-04-12 09:00:00,8.33,NA,NA,NA,NA,NA,1023.03,NA,NA,NA,NA,NA,-0.56,NA,NA,NA,NA,NA
1851-04-12 15:00:00,9.44,NA,NA,NA,NA,NA,1020.66,NA,NA,NA,NA,NA,-0.56,NA,NA,NA,NA,NA
1851-04-12 21:00:00,8.33,NA,NA,NA,NA,NA,1016.59,NA,NA,NA,NA,NA,-4.44,NA,NA,NA,NA,NA
1851-04-13,NA,NA,NA,NA,NA,NA,NA,NA,NA,"11 pm",NA,NA,NA,-1.81,NA,NA,NA,",sn,"
1851-04-13 06:00:00,6.11,NA,NA,NA,NA,NA,1005.42,NA,NA,NA,NA,NA,-5,NA,NA,NA,NA,NA
1851-04-13 09:00:00,6.67,NA,NA,NA,NA,NA,1002.71,NA,NA,NA,NA,NA,-2.78,NA,NA,NA,NA,NA
1851-04-13 15:00:00,7.22,NA,NA,NA,NA,NA,995.6,NA,NA,NA,NA,NA,-0.56,NA,NA,NA,NA,NA
1851-04-13 21:00:00,6.67,NA,NA,NA,NA,NA,994.24,NA,NA,NA,NA,NA,1.11,NA,NA,NA,NA,NA
1851-04-14,NA,NA,NA,NA,NA,NA,NA,NA,NA,NA,NA,29.21,NA,4.17,NA,NA,NA,NA
1851-04-14 06:00:00,7.22,NA,NA,NA,NA,NA,1000.34,NA,NA,NA,NA,NA,2.22,NA,NA,NA,NA,NA
1851-04-14 09:00:00,8.33,NA,NA,NA,NA,NA,1004.06,NA,NA,NA,NA,NA,3.89,NA,NA,NA,NA,NA
1851-04-14 15:00:00,10,NA,NA,NA,NA,NA,1007.45,NA,NA,NA,NA,NA,6.67,NA,NA,NA,NA,NA
1851-04-14 21:00:00,10.56,NA,NA,NA,NA,NA,1011.85,NA,NA,NA,NA,NA,3.89,NA,NA,NA,NA,NA
1851-04-15,NA,NA,NA,NA,NA,NA,NA,NA,NA,NA,NA,NA,NA,3.75,NA,NA,NA,NA
1851-04-15 06:00:00,8.89,NA,NA,NA,NA,NA,1015.24,NA,NA,NA,NA,NA,0,NA,NA,NA,NA,NA
1851-04-15 09:00:00,9.44,NA,NA,NA,NA,NA,1015.92,NA,NA,NA,NA,NA,5.56,NA,NA,NA,NA,NA
1851-04-15 15:00:00,10,NA,NA,NA,NA,NA,1017.27,NA,NA,NA,NA,NA,5.56,NA,NA,NA,NA,NA
1851-04-15 21:00:00,12.22,NA,NA,NA,NA,NA,1019.3,NA,NA,NA,NA,NA,3.89,NA,NA,NA,NA,NA
1851-04-16,NA,NA,NA,NA,NA,NA,NA,NA,"11 pm",NA,NA,NA,NA,2.64,NA,NA,NA,",ra,"
1851-04-16 06:00:00,9.44,NA,NA,NA,NA,NA,1016.93,NA,NA,NA,NA,NA,1.11,NA,NA,NA,NA,NA
1851-04-16 09:00:00,9.44,NA,NA,NA,NA,NA,1016.59,NA,NA,NA,NA,NA,3.33,NA,NA,NA,NA,NA
1851-04-16 15:00:00,10,NA,NA,NA,NA,NA,1014.22,NA,NA,NA,NA,NA,5,NA,NA,NA,NA,NA
1851-04-16 21:00:00,12.22,NA,NA,NA,NA,NA,1011.18,NA,NA,NA,NA,NA,1.11,NA,NA,NA,NA,NA
1851-04-17,NA,NA,NA,NA,NA,NA,NA,NA,"11 pm","10 am",NA,NA,NA,0.56,NA,NA,NA,",ra,"
1851-04-17 06:00:00,8.33,NA,NA,NA,NA,NA,1006.43,NA,NA,NA,NA,NA,-0.56,NA,NA,NA,NA,NA
1851-04-17 09:00:00,8.89,NA,NA,NA,NA,NA,1006.43,NA,NA,NA,NA,NA,0.56,NA,NA,NA,NA,NA
1851-04-17 15:00:00,9.44,NA,NA,NA,NA,NA,1006.1,NA,NA,NA,NA,NA,2.22,NA,NA,NA,NA,NA
1851-04-17 21:00:00,9.44,NA,NA,NA,NA,NA,1006.43,NA,NA,NA,NA,NA,0,NA,NA,NA,NA,NA
1851-04-18,NA,NA,NA,NA,NA,NA,NA,NA,NA,NA,NA,19.3,NA,0.56,NA,NA,NA,",sn,"
1851-04-18 06:00:00,7.22,NA,NA,NA,NA,NA,1004.4,NA,NA,NA,NA,NA,-1.67,NA,NA,NA,NA,NA
1851-04-18 09:00:00,7.78,NA,NA,NA,NA,NA,1003.73,NA,NA,NA,NA,NA,1.11,NA,NA,NA,NA,NA
1851-04-18 15:00:00,7.22,NA,NA,NA,NA,NA,1002.03,NA,NA,NA,NA,NA,2.22,NA,NA,NA,NA,NA
1851-04-18 21:00:00,10,NA,NA,NA,NA,NA,1001.69,NA,NA,NA,NA,NA,0.56,NA,NA,NA,NA,NA
1851-04-19,NA,NA,NA,NA,NA,NA,NA,NA,NA,"6 pm",NA,NA,NA,1.39,NA,NA,NA,",ra,"
1851-04-19 06:00:00,8.33,NA,NA,NA,NA,NA,999.32,NA,NA,NA,NA,NA,-0.56,NA,NA,NA,NA,NA
1851-04-19 09:00:00,10,NA,NA,NA,NA,NA,998.98,NA,NA,NA,NA,NA,1.11,NA,NA,NA,NA,NA
1851-04-19 15:00:00,9.44,NA,NA,NA,NA,NA,998.65,NA,NA,NA,NA,NA,2.22,NA,NA,NA,NA,NA
1851-04-19 21:00:00,11.11,NA,NA,NA,NA,NA,1000,NA,NA,NA,NA,NA,2.78,NA,NA,NA,NA,NA
1851-04-20,NA,NA,NA,NA,NA,NA,NA,NA,NA,"1 pm",NA,2.67,NA,2.78,NA,NA,NA,",sh,"
1851-04-20 06:00:00,9.44,NA,NA,NA,NA,NA,1000,NA,NA,NA,NA,NA,0,NA,NA,NA,NA,NA
1851-04-20 09:00:00,9.44,NA,NA,NA,NA,NA,1000,NA,NA,NA,NA,NA,3.33,NA,NA,NA,NA,NA
1851-04-20 15:00:00,10,NA,NA,NA,NA,NA,998.65,NA,NA,NA,NA,NA,4.44,NA,NA,NA,NA,NA
1851-04-20 21:00:00,9.44,NA,NA,NA,NA,NA,994.92,NA,NA,NA,NA,NA,3.33,NA,NA,NA,NA,NA
1851-04-21,NA,NA,NA,NA,NA,NA,NA,NA,NA,"1 pm",NA,1.57,NA,3.75,NA,NA,NA,",sh,"
1851-04-21 06:00:00,8.89,NA,NA,NA,NA,NA,985.1,NA,NA,NA,NA,NA,1.11,NA,NA,NA,NA,NA
1851-04-21 09:00:00,8.89,NA,NA,NA,NA,NA,984.42,NA,NA,NA,NA,NA,3.89,NA,NA,NA,NA,NA
1851-04-21 15:00:00,8.89,NA,NA,NA,NA,NA,981.04,NA,NA,NA,NA,NA,6.67,NA,NA,NA,NA,NA
1851-04-21 21:00:00,10,NA,NA,NA,NA,NA,981.38,NA,NA,NA,NA,NA,3.33,NA,NA,NA,NA,NA
1851-04-22,NA,NA,NA,NA,NA,NA,NA,NA,NA,"1 pm",NA,10.16,NA,1.25,NA,NA,NA,",sn,"
1851-04-22 06:00:00,9.44,NA,NA,NA,NA,NA,980.36,NA,NA,NA,NA,NA,0,NA,NA,NA,NA,NA
1851-04-22 09:00:00,8.89,NA,NA,NA,NA,NA,980.36,NA,NA,NA,NA,NA,2.78,NA,NA,NA,NA,NA
1851-04-22 15:00:00,10.56,NA,NA,NA,NA,NA,980.02,NA,NA,NA,NA,NA,2.22,NA,NA,NA,NA,NA
1851-04-22 21:00:00,9.44,NA,315,NA,NA,NA,982.73,NA,NA,NA,NA,NA,0,NA,NA,NA,NA,NA
1851-04-23,NA,NA,NA,NA,NA,NA,NA,NA,NA,"11 pm",NA,4.06,NA,1.53,NA,NA,NA,",au,"
1851-04-23 06:00:00,8.33,NA,NA,NA,NA,NA,988.15,NA,NA,NA,NA,NA,-1.67,NA,NA,NA,NA,NA
1851-04-23 09:00:00,9.44,NA,NA,NA,NA,NA,989.5,NA,NA,NA,NA,NA,2.22,NA,NA,NA,NA,NA
1851-04-23 15:00:00,10,NA,315,NA,NA,NA,990.18,NA,NA,NA,NA,NA,6.67,NA,NA,NA,NA,NA
1851-04-23 21:00:00,10.56,NA,NA,NA,NA,NA,994.92,NA,NA,NA,NA,NA,-1.11,NA,NA,NA,NA,NA
1851-04-24,NA,NA,NA,NA,NA,NA,NA,NA,NA,NA,NA,2.16,NA,2.36,NA,NA,NA,NA
1851-04-24 06:00:00,7.78,NA,NA,NA,NA,NA,994.58,NA,NA,NA,NA,NA,-3.89,NA,NA,NA,NA,NA
1851-04-24 09:00:00,8.89,NA,NA,NA,NA,NA,994.24,NA,NA,NA,NA,NA,3.33,NA,NA,NA,NA,NA
1851-04-24 15:00:00,11.67,NA,NA,NA,NA,NA,992.55,NA,NA,NA,NA,NA,8.89,NA,NA,NA,NA,NA
1851-04-24 21:00:00,12.78,NA,NA,NA,NA,NA,994.92,NA,NA,NA,NA,NA,1.11,NA,NA,NA,NA,NA
1851-04-25,NA,NA,NA,NA,NA,NA,NA,NA,NA,NA,NA,NA,NA,1.67,NA,NA,NA,NA
1851-04-25 06:00:00,10,NA,NA,NA,NA,NA,995.26,NA,NA,NA,NA,NA,-4.44,NA,NA,NA,NA,NA
1851-04-25 09:00:00,10.56,NA,NA,NA,NA,NA,996.61,NA,NA,NA,NA,NA,4.44,NA,NA,NA,NA,NA
1851-04-25 15:00:00,12.22,NA,NA,NA,NA,NA,997.97,NA,NA,NA,NA,NA,6.67,NA,NA,NA,NA,NA
1851-04-25 21:00:00,12.22,NA,NA,NA,NA,NA,1001.36,NA,NA,NA,NA,NA,0,NA,NA,NA,NA,NA
1851-04-26,NA,NA,NA,NA,NA,NA,NA,NA,NA,NA,NA,NA,NA,3.19,NA,NA,NA,NA
1851-04-26 06:00:00,10.56,NA,NA,NA,NA,NA,1003.05,NA,NA,NA,NA,NA,-2.78,NA,NA,NA,NA,NA
1851-04-26 09:00:00,11.11,NA,NA,NA,NA,NA,1004.4,NA,NA,NA,NA,NA,8.33,NA,NA,NA,NA,NA
1851-04-26 15:00:00,12.22,NA,NA,NA,NA,NA,1006.77,NA,NA,NA,NA,NA,7.78,NA,NA,NA,NA,NA
1851-04-26 21:00:00,13.33,NA,NA,NA,NA,NA,1011.18,NA,NA,NA,NA,NA,-0.56,NA,NA,NA,NA,NA
1851-04-27,NA,NA,NA,NA,NA,NA,NA,NA,NA,NA,NA,NA,NA,6.67,NA,NA,NA,",au,"
1851-04-27 06:00:00,12.22,NA,NA,NA,NA,NA,1011.85,NA,NA,NA,NA,NA,-0.56,NA,NA,NA,NA,NA
1851-04-27 09:00:00,11.67,NA,NA,NA,NA,NA,1013.21,NA,NA,NA,NA,NA,11.11,NA,NA,NA,NA,NA
1851-04-27 15:00:00,13.33,NA,NA,NA,NA,NA,1012.53,NA,NA,NA,NA,NA,13.33,NA,NA,NA,NA,NA
1851-04-27 21:00:00,14.44,NA,NA,NA,NA,NA,1015.24,NA,NA,NA,NA,NA,2.78,NA,NA,NA,NA,NA
1851-04-28,NA,NA,NA,NA,NA,NA,NA,NA,NA,NA,NA,NA,NA,5.56,NA,NA,NA,",halo,"
1851-04-28 06:00:00,11.67,NA,NA,NA,NA,NA,1014.9,NA,NA,NA,NA,NA,-2.78,NA,NA,NA,NA,NA
1851-04-28 09:00:00,11.67,NA,NA,NA,NA,NA,1015.58,NA,NA,NA,NA,NA,10.56,NA,NA,NA,NA,NA
1851-04-28 15:00:00,12.22,NA,NA,NA,NA,NA,1013.88,NA,NA,NA,NA,NA,12.78,NA,NA,NA,NA,NA
1851-04-28 21:00:00,12.22,NA,NA,NA,NA,NA,1013.88,NA,NA,NA,NA,NA,1.67,NA,NA,NA,NA,NA
1851-04-29,NA,NA,NA,NA,NA,NA,NA,NA,NA,NA,NA,NA,NA,2.78,NA,NA,NA,",halo,"
1851-04-29 06:00:00,11.11,NA,NA,NA,NA,NA,1013.21,NA,NA,NA,NA,NA,-3.89,NA,NA,NA,NA,NA
1851-04-29 09:00:00,10.56,NA,NA,NA,NA,NA,1013.55,NA,NA,NA,NA,NA,6.11,NA,NA,NA,NA,NA
1851-04-29 15:00:00,10,NA,NA,NA,NA,NA,1013.55,NA,NA,NA,NA,NA,9.44,NA,NA,NA,NA,NA
1851-04-29 21:00:00,11.11,NA,NA,NA,NA,NA,1015.92,NA,NA,NA,NA,NA,-0.56,NA,NA,NA,NA,NA
1851-04-30,NA,NA,NA,NA,NA,NA,NA,NA,NA,NA,NA,NA,NA,1.39,NA,NA,NA,NA
1851-04-30 06:00:00,10,NA,NA,NA,NA,NA,1015.58,NA,NA,NA,NA,NA,-2.22,NA,NA,NA,NA,NA
1851-04-30 09:00:00,10.56,NA,NA,NA,NA,NA,1017.95,NA,NA,NA,NA,NA,3.89,NA,NA,NA,NA,NA
1851-04-30 15:00:00,12.22,NA,NA,NA,NA,NA,1017.95,NA,NA,NA,NA,NA,6.67,NA,NA,NA,NA,NA
1851-04-30 21:00:00,10.56,NA,NA,NA,NA,NA,1017.27,NA,NA,NA,NA,NA,-2.78,NA,NA,NA,NA,NA
1851-05-01,NA,NA,NA,NA,NA,NA,NA,NA,"4pm","empty",NA,NA,NA,3.33,NA,NA,NA,",sn,"
1851-05-01 06:00:00,9.44,NA,NA,NA,NA,NA,1016.26,NA,NA,NA,NA,NA,-5,NA,NA,NA,NA,NA
1851-05-01 09:00:00,10,NA,NA,NA,NA,NA,1016.26,NA,NA,NA,NA,NA,7.78,NA,NA,NA,NA,NA
1851-05-01 15:00:00,11.11,NA,NA,NA,NA,NA,1014.22,NA,NA,NA,NA,NA,9.44,NA,NA,NA,NA,NA
1851-05-01 21:00:00,11.11,NA,NA,NA,NA,NA,1007.79,NA,NA,NA,NA,NA,1.11,NA,NA,NA,NA,NA
1851-05-02,NA,NA,NA,NA,NA,NA,NA,NA,"empty","3am",NA,0,NA,8.06,NA,NA,NA,",au,"
1851-05-02 06:00:00,10.56,NA,NA,NA,NA,NA,997.63,NA,NA,NA,NA,NA,1.11,NA,NA,NA,NA,NA
1851-05-02 09:00:00,12.22,NA,NA,NA,NA,NA,997.97,NA,NA,NA,NA,NA,10.56,NA,NA,NA,NA,NA
1851-05-02 15:00:00,15,NA,NA,NA,NA,NA,997.63,NA,NA,NA,NA,NA,17.78,NA,NA,NA,NA,NA
1851-05-02 21:00:00,13.89,NA,NA,NA,NA,NA,1006.1,NA,NA,NA,NA,NA,2.78,NA,NA,NA,NA,NA
1851-05-03,NA,NA,NA,NA,NA,NA,NA,NA,NA,NA,NA,2.16,NA,7.22,NA,NA,NA,NA
1851-05-03 06:00:00,12.22,NA,NA,NA,NA,NA,1010.16,NA,NA,NA,NA,NA,-2.78,NA,NA,NA,NA,NA
1851-05-03 09:00:00,11.67,NA,NA,NA,NA,NA,1012.19,NA,NA,NA,NA,NA,10,NA,NA,NA,NA,NA
1851-05-03 15:00:00,12.22,NA,NA,NA,NA,NA,1011.51,NA,NA,NA,NA,NA,16.67,NA,NA,NA,NA,NA
1851-05-03 21:00:00,14.44,NA,NA,NA,NA,NA,1013.21,NA,NA,NA,NA,NA,5,NA,NA,NA,NA,NA
1851-05-04,NA,NA,NA,NA,NA,NA,NA,NA,"4pm","empty",NA,NA,NA,7.08,NA,NA,NA,",ra,"
1851-05-04 06:00:00,12.22,NA,NA,NA,NA,NA,1015.58,NA,NA,NA,NA,NA,-1.67,NA,NA,NA,NA,NA
1851-05-04 09:00:00,12.22,NA,NA,NA,NA,NA,1016.59,NA,NA,NA,NA,NA,11.67,NA,NA,NA,NA,NA
1851-05-04 15:00:00,13.89,NA,NA,NA,NA,NA,1013.88,NA,NA,NA,NA,NA,12.78,NA,NA,NA,NA,NA
1851-05-04 21:00:00,13.89,NA,NA,NA,NA,NA,1010.84,NA,NA,NA,NA,NA,5.56,NA,NA,NA,NA,NA
1851-05-05,NA,NA,NA,NA,NA,NA,NA,NA,"empty","6pm",NA,0,NA,2.64,NA,NA,NA,",sn,"
1851-05-05 06:00:00,12.78,NA,NA,NA,NA,NA,1011.51,NA,NA,NA,NA,NA,3.89,NA,NA,NA,NA,NA
1851-05-05 09:00:00,12.78,NA,NA,NA,NA,NA,1013.88,NA,NA,NA,NA,NA,4.44,NA,NA,NA,NA,NA
1851-05-05 15:00:00,12.78,NA,NA,NA,NA,NA,1011.51,NA,NA,NA,NA,NA,1.11,NA,NA,NA,NA,NA
1851-05-05 21:00:00,11.67,NA,NA,NA,NA,NA,1007.79,NA,NA,NA,NA,NA,1.11,NA,NA,NA,NA,NA
1851-05-06,NA,NA,NA,NA,NA,NA,NA,NA,"empty","9am",NA,44.45,NA,5.97,NA,NA,NA,NA
1851-05-06 06:00:00,10,NA,NA,NA,NA,NA,1003.73,NA,NA,NA,NA,NA,0,NA,NA,NA,NA,NA
1851-05-06 09:00:00,10,NA,NA,NA,NA,NA,1002.37,NA,NA,NA,NA,NA,5,NA,NA,NA,NA,NA
1851-05-06 15:00:00,13.33,NA,NA,NA,NA,NA,1002.71,NA,NA,NA,NA,NA,15,NA,NA,NA,NA,NA
1851-05-06 21:00:00,12.78,NA,NA,NA,NA,NA,1010.16,NA,NA,NA,NA,NA,3.89,NA,NA,NA,NA,NA
1851-05-07,NA,NA,NA,NA,NA,NA,NA,NA,"11am","12pm",NA,30.99,NA,7.5,NA,NA,NA,NA
1851-05-07 06:00:00,11.11,NA,NA,NA,NA,NA,1013.55,NA,NA,NA,NA,NA,0,NA,NA,NA,NA,NA
1851-05-07 09:00:00,11.67,NA,NA,NA,NA,NA,1015.58,NA,NA,NA,NA,NA,7.22,NA,NA,NA,NA,NA
1851-05-07 15:00:00,12.22,NA,NA,NA,NA,NA,1013.55,NA,NA,NA,NA,NA,9.44,NA,NA,NA,NA,NA
1851-05-07 21:00:00,13.33,NA,NA,NA,NA,NA,1009.14,NA,NA,NA,NA,NA,4.44,NA,NA,NA,NA,NA
1851-05-08,NA,NA,NA,NA,NA,NA,NA,NA,NA,NA,NA,9.65,NA,7.5,NA,NA,NA,NA
1851-05-08 06:00:00,12.22,NA,NA,NA,NA,NA,1011.85,NA,NA,NA,NA,NA,2.22,NA,NA,NA,NA,NA
1851-05-08 09:00:00,12.22,NA,NA,NA,NA,NA,1014.56,NA,NA,NA,NA,NA,10,NA,NA,NA,NA,NA
1851-05-08 15:00:00,13.33,NA,NA,NA,NA,NA,1014.9,NA,NA,NA,NA,NA,13.33,NA,NA,NA,NA,NA
1851-05-08 21:00:00,13.33,NA,NA,NA,NA,NA,1014.9,NA,NA,NA,NA,NA,4.44,NA,NA,NA,NA,NA
1851-05-09,NA,NA,NA,NA,NA,NA,NA,NA,"11am","2pm",NA,NA,NA,5.69,NA,NA,NA,",halo,"
1851-05-09 06:00:00,12.78,NA,NA,NA,NA,NA,1011.18,NA,NA,NA,NA,NA,1.67,NA,NA,NA,NA,NA
1851-05-09 09:00:00,12.78,NA,NA,NA,NA,NA,1010.16,NA,NA,NA,NA,NA,7.78,NA,NA,NA,NA,NA
1851-05-09 15:00:00,14.44,NA,NA,NA,NA,NA,1007.79,NA,NA,NA,NA,NA,8.89,NA,NA,NA,NA,NA
1851-05-09 21:00:00,13.89,NA,NA,NA,NA,NA,1007.45,NA,NA,NA,NA,NA,4.44,NA,NA,NA,NA,NA
1851-05-10,NA,NA,NA,NA,NA,NA,NA,NA,NA,NA,NA,0.25,NA,5.14,NA,NA,NA,NA
1851-05-10 06:00:00,12.78,NA,NA,NA,NA,NA,1008.47,NA,NA,NA,NA,NA,2.22,NA,NA,NA,NA,NA
1851-05-10 09:00:00,12.78,NA,NA,NA,NA,NA,1011.18,NA,NA,NA,NA,NA,8.89,NA,NA,NA,NA,NA
1851-05-10 15:00:00,12.78,NA,NA,NA,NA,NA,1013.55,NA,NA,NA,NA,NA,7.78,NA,NA,NA,NA,NA
1851-05-10 21:00:00,13.33,NA,NA,NA,NA,NA,1016.59,NA,NA,NA,NA,NA,1.67,NA,NA,NA,NA,NA
1851-05-11,NA,NA,NA,NA,NA,NA,NA,NA,NA,NA,NA,NA,NA,4.86,NA,NA,NA,NA
1851-05-11 06:00:00,11.67,NA,NA,NA,NA,NA,1017.95,NA,NA,NA,NA,NA,0.56,NA,NA,NA,NA,NA
1851-05-11 09:00:00,11.11,NA,NA,NA,NA,NA,1018.96,NA,NA,NA,NA,NA,6.11,NA,NA,NA,NA,NA
1851-05-11 15:00:00,11.67,NA,NA,NA,NA,NA,1017.61,NA,NA,NA,NA,NA,9.44,NA,NA,NA,NA,NA
1851-05-11 21:00:00,13.89,NA,NA,NA,NA,NA,1016.59,NA,NA,NA,NA,NA,3.33,NA,NA,NA,NA,NA
1851-05-12,NA,NA,NA,NA,NA,NA,NA,NA,NA,NA,NA,NA,NA,11.11,NA,NA,NA,",halo,"
1851-05-12 06:00:00,11.67,NA,NA,NA,NA,NA,1016.26,NA,NA,NA,NA,NA,0,NA,NA,NA,NA,NA
1851-05-12 09:00:00,12.22,NA,NA,NA,NA,NA,1016.59,NA,NA,NA,NA,NA,15.56,NA,NA,NA,NA,NA
1851-05-12 15:00:00,15.56,NA,NA,NA,NA,NA,1015.58,NA,NA,NA,NA,NA,21.11,NA,NA,NA,NA,NA
1851-05-12 21:00:00,15.56,NA,NA,NA,NA,NA,1014.56,NA,NA,NA,NA,NA,7.78,NA,NA,NA,NA,NA
1851-05-13,NA,NA,NA,NA,NA,NA,NA,NA,"11am","1pm",NA,NA,NA,12.78,NA,NA,NA,",sh,"
1851-05-13 06:00:00,14.44,NA,NA,NA,NA,NA,1011.85,NA,NA,NA,NA,NA,5.56,NA,NA,NA,NA,NA
1851-05-13 09:00:00,14.44,NA,NA,NA,NA,NA,1009.82,NA,NA,NA,NA,NA,13.33,NA,NA,NA,NA,NA
1851-05-13 15:00:00,15.56,NA,NA,NA,NA,NA,1005.76,NA,NA,NA,NA,NA,17.22,NA,NA,NA,NA,NA
1851-05-13 21:00:00,17.22,NA,NA,NA,NA,NA,1002.37,NA,NA,NA,NA,NA,15,NA,NA,NA,NA,NA
1851-05-14,NA,NA,NA,NA,NA,NA,NA,NA,"11am","3pm",NA,0.13,NA,12.78,NA,NA,NA,",halo,"
1851-05-14 06:00:00,17.22,NA,NA,NA,NA,NA,1001.36,NA,NA,NA,NA,NA,12.22,NA,NA,NA,NA,NA
1851-05-14 09:00:00,17.22,NA,NA,NA,NA,NA,1002.37,NA,NA,NA,NA,NA,20.56,NA,NA,NA,NA,NA
1851-05-14 15:00:00,17.22,NA,NA,NA,NA,NA,1004.06,NA,NA,NA,NA,NA,13.89,NA,NA,NA,NA,NA
1851-05-14 21:00:00,15.56,NA,NA,NA,NA,NA,1009.48,NA,NA,NA,NA,NA,4.44,NA,NA,NA,NA,NA
1851-05-15,NA,NA,NA,NA,NA,NA,NA,NA,NA,NA,NA,1.02,NA,4.44,NA,NA,NA,",frst,"
1851-05-15 06:00:00,13.89,NA,NA,NA,NA,NA,1012.53,NA,NA,NA,NA,NA,1.11,NA,NA,NA,NA,NA
1851-05-15 09:00:00,11.67,NA,NA,NA,NA,NA,1014.9,NA,NA,NA,NA,NA,7.22,NA,NA,NA,NA,NA
1851-05-15 15:00:00,11.67,NA,NA,NA,NA,NA,1016.59,NA,NA,NA,NA,NA,9.44,NA,NA,NA,NA,NA
1851-05-15 21:00:00,13.33,NA,NA,NA,NA,NA,1017.95,NA,NA,NA,NA,NA,0,NA,NA,NA,NA,NA
1851-05-16,NA,NA,NA,NA,NA,NA,NA,NA,NA,NA,NA,NA,NA,7.22,NA,NA,NA,",au,"
1851-05-16 06:00:00,11.67,NA,NA,NA,NA,NA,1021,NA,NA,NA,NA,NA,-3.33,NA,NA,NA,NA,NA
1851-05-16 09:00:00,11.67,NA,NA,NA,NA,NA,1022.01,NA,NA,NA,NA,NA,10.56,NA,NA,NA,NA,NA
1851-05-16 15:00:00,13.89,NA,NA,NA,NA,NA,1019.64,NA,NA,NA,NA,NA,16.67,NA,NA,NA,NA,NA
1851-05-16 21:00:00,13.89,NA,NA,NA,NA,NA,1020.66,NA,NA,NA,NA,NA,5,NA,NA,NA,NA,NA
1851-05-17,NA,NA,NA,NA,NA,NA,NA,NA,"6pm","11pm",NA,NA,NA,10.42,NA,NA,NA,",halo,"
1851-05-17 06:00:00,13.33,NA,NA,NA,NA,NA,1017.95,NA,NA,NA,NA,NA,2.22,NA,NA,NA,NA,NA
1851-05-17 09:00:00,13.33,NA,NA,NA,NA,NA,1015.92,NA,NA,NA,NA,NA,16.11,NA,NA,NA,NA,NA
1851-05-17 15:00:00,15,NA,NA,NA,NA,NA,1010.84,NA,NA,NA,NA,NA,12.78,NA,NA,NA,NA,NA
1851-05-17 21:00:00,15,NA,NA,NA,NA,NA,1006.1,NA,NA,NA,NA,NA,10.56,NA,NA,NA,NA,NA
1851-05-18,NA,NA,NA,NA,NA,NA,NA,NA,NA,NA,NA,0.76,NA,10,NA,NA,NA,NA
1851-05-18 06:00:00,15.56,NA,NA,NA,NA,NA,1007.79,NA,NA,NA,NA,NA,9.44,NA,NA,NA,NA,NA
1851-05-18 09:00:00,15.56,NA,NA,NA,NA,NA,1010.16,NA,NA,NA,NA,NA,13.33,NA,NA,NA,NA,NA
1851-05-18 15:00:00,13.89,NA,NA,NA,NA,NA,1012.19,NA,NA,NA,NA,NA,15.56,NA,NA,NA,NA,NA
1851-05-18 21:00:00,15.56,NA,NA,NA,NA,NA,1015.58,NA,NA,NA,NA,NA,1.67,NA,NA,NA,NA,NA
1851-05-19,NA,NA,NA,NA,NA,NA,NA,NA,NA,NA,NA,NA,NA,5.14,NA,NA,NA,NA
1851-05-19 06:00:00,13.33,NA,NA,NA,NA,NA,1017.95,NA,NA,NA,NA,NA,1.11,NA,NA,NA,NA,NA
1851-05-19 09:00:00,13.89,NA,NA,NA,NA,NA,1019.98,NA,NA,NA,NA,NA,7.78,NA,NA,NA,NA,NA
1851-05-19 15:00:00,15,NA,NA,NA,NA,NA,1019.64,NA,NA,NA,NA,NA,10,NA,NA,NA,NA,NA
1851-05-19 21:00:00,15,NA,NA,NA,NA,NA,1019.64,NA,NA,NA,NA,NA,1.67,NA,NA,NA,NA,NA
1851-05-20,NA,NA,NA,NA,NA,NA,NA,NA,"10am","empty",NA,NA,NA,4.31,NA,NA,NA,",sn,"
1851-05-20 06:00:00,13.33,NA,NA,NA,NA,NA,1018.63,NA,NA,NA,NA,NA,-1.11,NA,NA,NA,NA,NA
1851-05-20 09:00:00,12.78,NA,NA,NA,NA,NA,1017.61,NA,NA,NA,NA,NA,8.89,NA,NA,NA,NA,NA
1851-05-20 15:00:00,13.33,NA,NA,NA,NA,NA,1014.22,NA,NA,NA,NA,NA,6.67,NA,NA,NA,NA,NA
1851-05-20 21:00:00,12.78,NA,NA,NA,NA,NA,1007.45,NA,NA,NA,NA,NA,2.78,NA,NA,NA,NA,NA
1851-05-21,NA,NA,NA,NA,NA,NA,NA,NA,"empty","11am",NA,0,NA,9.17,NA,NA,NA,",ra,"
1851-05-21 06:00:00,12.78,NA,NA,NA,NA,NA,1001.02,NA,NA,NA,NA,NA,2.78,NA,NA,NA,NA,NA
1851-05-21 09:00:00,12.78,NA,NA,NA,NA,NA,997.63,NA,NA,NA,NA,NA,13.33,NA,NA,NA,NA,NA
1851-05-21 15:00:00,15,NA,NA,NA,NA,NA,1001.36,NA,NA,NA,NA,NA,16.67,NA,NA,NA,NA,NA
1851-05-21 21:00:00,15,NA,NA,NA,NA,NA,1007.11,NA,NA,NA,NA,NA,3.89,NA,NA,NA,NA,NA
1851-05-22,NA,NA,NA,NA,NA,NA,NA,NA,NA,NA,NA,7.11,NA,9.86,NA,NA,NA,NA
1851-05-22 06:00:00,13.89,NA,NA,NA,NA,NA,1009.48,NA,NA,NA,NA,NA,-1.11,NA,NA,NA,NA,NA
1851-05-22 09:00:00,15,NA,NA,NA,NA,NA,1012.53,NA,NA,NA,NA,NA,16.67,NA,NA,NA,NA,NA
1851-05-22 15:00:00,16.11,NA,NA,NA,NA,NA,1012.87,NA,NA,NA,NA,NA,12.78,NA,NA,NA,NA,NA
1851-05-22 21:00:00,16.11,NA,NA,NA,NA,NA,1011.85,NA,NA,NA,NA,NA,11.11,NA,NA,NA,NA,NA
1851-05-23,NA,NA,NA,NA,NA,NA,NA,NA,"8am","6pm",NA,NA,NA,11.94,NA,NA,NA,",ts,"
1851-05-23 06:00:00,15.56,NA,NA,NA,NA,NA,1004.4,NA,NA,NA,NA,NA,7.78,NA,NA,NA,NA,NA
1851-05-23 09:00:00,16.11,NA,NA,NA,NA,NA,1002.71,NA,NA,NA,NA,NA,9.44,NA,NA,NA,NA,NA
1851-05-23 15:00:00,16.11,NA,NA,NA,NA,NA,996.28,NA,NA,NA,NA,NA,17.78,NA,NA,NA,NA,NA
1851-05-23 21:00:00,17.22,NA,NA,NA,NA,NA,992.89,NA,NA,NA,NA,NA,12.78,NA,NA,NA,NA,NA
1851-05-24,NA,NA,NA,NA,NA,NA,NA,NA,"1am","7am",NA,2.79,NA,9.58,NA,NA,NA,NA
1851-05-24 06:00:00,17.22,NA,NA,NA,NA,NA,996.95,NA,NA,NA,NA,NA,7.22,NA,NA,NA,NA,NA
1851-05-24 09:00:00,16.11,NA,NA,NA,NA,NA,1002.37,NA,NA,NA,NA,NA,10,NA,NA,NA,NA,NA
1851-05-24 15:00:00,16.11,NA,NA,NA,NA,NA,1009.14,NA,NA,NA,NA,NA,15,NA,NA,NA,NA,NA
1851-05-24 21:00:00,16.11,NA,NA,NA,NA,NA,1016.59,NA,NA,NA,NA,NA,6.11,NA,NA,NA,NA,NA
1851-05-25,NA,NA,NA,NA,NA,NA,NA,NA,NA,NA,NA,0.38,NA,14.17,NA,NA,NA,",frst,"
1851-05-25 06:00:00,16.11,NA,NA,NA,NA,NA,1021,NA,NA,NA,NA,NA,3.33,NA,NA,NA,NA,NA
1851-05-25 09:00:00,16.11,NA,NA,NA,NA,NA,1022.69,NA,NA,NA,NA,NA,20,NA,NA,NA,NA,NA
1851-05-25 15:00:00,18.89,NA,NA,NA,NA,NA,1022.35,NA,NA,NA,NA,NA,22.78,NA,NA,NA,NA,NA
1851-05-25 21:00:00,18.33,NA,NA,NA,NA,NA,1022.35,NA,NA,NA,NA,NA,10.56,NA,NA,NA,NA,NA
1851-05-26,NA,NA,NA,NA,NA,NA,NA,NA,NA,NA,NA,NA,NA,16.53,NA,NA,NA,NA
1851-05-26 06:00:00,17.22,NA,NA,NA,NA,NA,1021.67,NA,NA,NA,NA,NA,6.11,NA,NA,NA,NA,NA
1851-05-26 09:00:00,17.78,NA,NA,NA,NA,NA,1020.32,NA,NA,NA,NA,NA,22.22,NA,NA,NA,NA,NA
1851-05-26 15:00:00,20,NA,NA,NA,NA,NA,1017.27,NA,NA,NA,NA,NA,24.44,NA,NA,NA,NA,NA
1851-05-26 21:00:00,20.56,NA,NA,NA,NA,NA,1015.58,NA,NA,NA,NA,NA,13.33,NA,NA,NA,NA,NA
1851-05-27,NA,NA,NA,NA,NA,NA,NA,NA,NA,NA,NA,NA,NA,14.17,NA,NA,NA,",halo,"
1851-05-27 06:00:00,18.33,NA,NA,NA,NA,NA,1013.21,NA,NA,NA,NA,NA,5.56,NA,NA,NA,NA,NA
1851-05-27 09:00:00,18.33,NA,NA,NA,NA,NA,1013.55,NA,NA,NA,NA,NA,21.67,NA,NA,NA,NA,NA
1851-05-27 15:00:00,18.89,NA,NA,NA,NA,NA,1013.21,NA,NA,NA,NA,NA,23.33,NA,NA,NA,NA,NA
1851-05-27 21:00:00,17.78,NA,NA,NA,NA,NA,1015.58,NA,NA,NA,NA,NA,6.11,NA,NA,NA,NA,NA
1851-05-28,NA,NA,NA,NA,NA,NA,NA,NA,"4pm","6pm",NA,NA,NA,11.25,NA,NA,NA,",ra,"
1851-05-28 06:00:00,16.67,NA,NA,NA,NA,NA,1014.22,NA,NA,NA,NA,NA,3.89,NA,NA,NA,NA,NA
1851-05-28 09:00:00,16.11,NA,NA,NA,NA,NA,1013.21,NA,NA,NA,NA,NA,18.33,NA,NA,NA,NA,NA
1851-05-28 15:00:00,14.44,NA,NA,NA,NA,NA,1008.47,NA,NA,NA,NA,NA,12.78,NA,NA,NA,NA,NA
1851-05-28 21:00:00,15,NA,NA,NA,NA,NA,1004.4,NA,NA,NA,NA,NA,10,NA,NA,NA,NA,NA
1851-05-29,NA,NA,NA,NA,NA,NA,NA,NA,"empty","pm",NA,1.27,NA,4.86,NA,NA,NA,NA
1851-05-29 06:00:00,14.44,NA,NA,NA,NA,NA,1009.48,NA,NA,NA,NA,NA,4.44,NA,NA,NA,NA,NA
1851-05-29 09:00:00,13.89,NA,NA,NA,NA,NA,1011.85,NA,NA,NA,NA,NA,7.22,NA,NA,NA,NA,NA
1851-05-29 15:00:00,13.33,NA,NA,NA,NA,NA,1015.24,NA,NA,NA,NA,NA,6.11,NA,NA,NA,NA,NA
1851-05-29 21:00:00,12.78,NA,NA,NA,NA,NA,1017.27,NA,NA,NA,NA,NA,1.67,NA,NA,NA,NA,NA
1851-05-30,NA,NA,NA,NA,NA,NA,NA,NA,NA,NA,NA,0.25,NA,5.28,NA,NA,NA,NA
1851-05-30 06:00:00,12.78,NA,NA,NA,NA,NA,1016.59,NA,NA,NA,NA,NA,1.67,NA,NA,NA,NA,NA
1851-05-30 09:00:00,12.22,NA,NA,NA,NA,NA,1016.26,NA,NA,NA,NA,NA,7.22,NA,NA,NA,NA,NA
1851-05-30 15:00:00,11.11,NA,NA,NA,NA,NA,1015.58,NA,NA,NA,NA,NA,7.22,NA,NA,NA,NA,NA
1851-05-30 21:00:00,12.22,NA,NA,NA,NA,NA,1015.24,NA,NA,NA,NA,NA,5,NA,NA,NA,NA,NA
1851-05-31,NA,NA,NA,NA,NA,NA,NA,NA,"4am","7pm",NA,NA,NA,3.75,NA,NA,NA,",sn,"
1851-05-31 06:00:00,11.67,NA,NA,NA,NA,NA,1014.22,NA,NA,NA,NA,NA,2.22,NA,NA,NA,NA,NA
1851-05-31 09:00:00,12.22,NA,NA,NA,NA,NA,1013.88,NA,NA,NA,NA,NA,5.56,NA,NA,NA,NA,NA
1851-05-31 15:00:00,12.22,NA,NA,NA,NA,NA,1014.56,NA,NA,NA,NA,NA,3.89,NA,NA,NA,NA,NA
1851-05-31 21:00:00,11.67,NA,NA,NA,NA,NA,1014.56,NA,NA,NA,NA,NA,3.33,NA,NA,NA,NA,NA
1851-06-01,NA,NA,NA,NA,NA,NA,NA,NA,"2pm","5pm",NA,2.54,NA,4.17,NA,NA,NA,",frst,"
1851-06-01 06:00:00,11.11,NA,NA,NA,NA,NA,1014.56,NA,NA,NA,NA,NA,0.56,NA,NA,NA,NA,NA
1851-06-01 09:00:00,11.67,NA,NA,NA,NA,NA,1015.58,NA,NA,NA,NA,NA,6.67,NA,NA,NA,NA,NA
1851-06-01 15:00:00,11.11,NA,NA,NA,NA,NA,1014.9,NA,NA,NA,NA,NA,6.11,NA,NA,NA,NA,NA
1851-06-01 21:00:00,12.22,NA,NA,NA,NA,NA,1013.88,NA,NA,NA,NA,NA,3.33,NA,NA,NA,NA,NA
1851-06-02,NA,NA,NA,NA,NA,NA,NA,NA,NA,NA,NA,0.25,NA,8.47,NA,NA,NA,NA
1851-06-02 06:00:00,12.22,NA,NA,NA,NA,NA,1009.48,NA,NA,NA,NA,NA,3.33,NA,NA,NA,NA,NA
1851-06-02 09:00:00,12.22,NA,NA,NA,NA,NA,1005.42,NA,NA,NA,NA,NA,12.78,NA,NA,NA,NA,NA
1851-06-02 15:00:00,14.44,NA,NA,NA,NA,NA,1003.73,NA,NA,NA,NA,NA,12.78,NA,NA,NA,NA,NA
1851-06-02 21:00:00,14.44,NA,NA,NA,NA,NA,1000,NA,NA,NA,NA,NA,5,NA,NA,NA,NA,NA
1851-06-03,NA,NA,NA,NA,NA,NA,NA,NA,"6pm","11pm",NA,NA,NA,11.11,NA,NA,NA,NA
1851-06-03 06:00:00,14.44,NA,NA,NA,NA,NA,993.91,NA,NA,NA,NA,NA,3.33,NA,NA,NA,NA,NA
1851-06-03 09:00:00,13.33,NA,NA,NA,NA,NA,992.21,NA,NA,NA,NA,NA,14.44,NA,NA,NA,NA,NA
1851-06-03 15:00:00,13.89,NA,NA,NA,NA,NA,991.2,NA,NA,NA,NA,NA,17.22,NA,NA,NA,NA,NA
1851-06-03 21:00:00,15,NA,NA,NA,NA,NA,991.53,NA,NA,NA,NA,NA,9.44,NA,NA,NA,NA,NA
1851-06-04,NA,NA,NA,NA,NA,NA,NA,NA,NA,NA,NA,0.51,NA,14.44,NA,NA,NA,NA
1851-06-04 06:00:00,14.44,NA,NA,NA,NA,NA,992.55,NA,NA,NA,NA,NA,6.67,NA,NA,NA,NA,NA
1851-06-04 09:00:00,15,NA,NA,NA,NA,NA,994.58,NA,NA,NA,NA,NA,16.11,NA,NA,NA,NA,NA
1851-06-04 15:00:00,17.78,NA,NA,NA,NA,NA,994.24,NA,NA,NA,NA,NA,22.22,NA,NA,NA,NA,NA
1851-06-04 21:00:00,17.78,NA,NA,NA,NA,NA,997.63,NA,NA,NA,NA,NA,12.78,NA,NA,NA,NA,NA
1851-06-05,NA,NA,NA,NA,NA,NA,NA,NA,"3pm","11pm",NA,NA,NA,10.83,NA,NA,NA,NA
1851-06-05 06:00:00,16.67,NA,NA,NA,NA,NA,998.31,NA,NA,NA,NA,NA,8.89,NA,NA,NA,NA,NA
1851-06-05 09:00:00,15,NA,NA,NA,NA,NA,1000.34,NA,NA,NA,NA,NA,13.33,NA,NA,NA,NA,NA
1851-06-05 15:00:00,13.89,NA,NA,NA,NA,NA,1001.02,NA,NA,NA,NA,NA,13.33,NA,NA,NA,NA,NA
1851-06-05 21:00:00,15,NA,NA,NA,NA,NA,1003.05,NA,NA,NA,NA,NA,7.78,NA,NA,NA,NA,NA
1851-06-06,NA,NA,NA,NA,NA,NA,NA,NA,NA,NA,NA,0.58,NA,9.72,NA,NA,NA,NA
1851-06-06 06:00:00,15,NA,NA,NA,NA,NA,1002.03,NA,NA,NA,NA,NA,6.11,NA,NA,NA,NA,NA
1851-06-06 09:00:00,15,NA,NA,NA,NA,NA,1001.69,NA,NA,NA,NA,NA,10,NA,NA,NA,NA,NA
1851-06-06 15:00:00,13.89,NA,NA,NA,NA,NA,1001.69,NA,NA,NA,NA,NA,15.56,NA,NA,NA,NA,NA
1851-06-06 21:00:00,13.33,NA,NA,NA,NA,NA,1004.06,NA,NA,NA,NA,NA,7.22,NA,NA,NA,NA,NA
1851-06-07,NA,NA,NA,NA,NA,NA,NA,NA,NA,NA,NA,NA,NA,7.5,NA,NA,NA,NA
1851-06-07 06:00:00,13.33,NA,NA,NA,NA,NA,1005.08,NA,NA,NA,NA,NA,4.44,NA,NA,NA,NA,NA
1851-06-07 09:00:00,13.33,NA,NA,NA,NA,NA,1005.42,NA,NA,NA,NA,NA,6.67,NA,NA,NA,NA,NA
1851-06-07 15:00:00,13.33,NA,NA,NA,NA,NA,1005.42,NA,NA,NA,NA,NA,11.67,NA,NA,NA,NA,NA
1851-06-07 21:00:00,13.89,NA,NA,NA,NA,NA,1005.76,NA,NA,NA,NA,NA,7.22,NA,NA,NA,NA,NA
1851-06-08,NA,NA,NA,NA,NA,NA,NA,NA,NA,NA,NA,NA,NA,7.36,NA,NA,NA,",halo,"
1851-06-08 06:00:00,13.33,NA,NA,NA,NA,NA,1005.76,NA,NA,NA,NA,NA,5,NA,NA,NA,NA,NA
1851-06-08 09:00:00,13.33,NA,NA,NA,NA,NA,1005.76,NA,NA,NA,NA,NA,8.89,NA,NA,NA,NA,NA
1851-06-08 15:00:00,13.89,NA,NA,NA,NA,NA,1006.77,NA,NA,NA,NA,NA,11.67,NA,NA,NA,NA,NA
1851-06-08 21:00:00,13.89,NA,NA,NA,NA,NA,1009.82,NA,NA,NA,NA,NA,3.89,NA,NA,NA,NA,NA
1851-06-09,NA,NA,NA,NA,NA,NA,NA,NA,"8pm","empty",NA,NA,NA,9.86,NA,NA,NA,",halo,"
1851-06-09 06:00:00,12.78,NA,NA,NA,NA,NA,1011.51,NA,NA,NA,NA,NA,-1.11,NA,NA,NA,NA,NA
1851-06-09 09:00:00,13.33,NA,NA,NA,NA,NA,1012.87,NA,NA,NA,NA,NA,14.44,NA,NA,NA,NA,NA
1851-06-09 15:00:00,13.89,NA,NA,NA,NA,NA,1013.21,NA,NA,NA,NA,NA,19.44,NA,NA,NA,NA,NA
1851-06-09 21:00:00,14.44,NA,NA,NA,NA,NA,1013.55,NA,NA,NA,NA,NA,6.67,NA,NA,NA,NA,NA
1851-06-10,NA,NA,NA,NA,NA,NA,NA,NA,"empty","1pm",NA,0,NA,11.67,NA,NA,NA,NA
1851-06-10 06:00:00,13.89,NA,NA,NA,NA,NA,1007.45,NA,NA,NA,NA,NA,5.56,NA,NA,NA,NA,NA
1851-06-10 09:00:00,13.33,NA,NA,NA,NA,NA,1003.05,NA,NA,NA,NA,NA,10.56,NA,NA,NA,NA,NA
1851-06-10 15:00:00,15.56,NA,NA,NA,NA,NA,1001.36,NA,NA,NA,NA,NA,20.56,NA,NA,NA,NA,NA
1851-06-10 21:00:00,16.11,NA,NA,NA,NA,NA,1007.45,NA,NA,NA,NA,NA,10,NA,NA,NA,NA,NA
1851-06-11,NA,NA,NA,NA,NA,NA,NA,NA,"7pm","empty",NA,9.14,NA,16.39,NA,NA,NA,NA
1851-06-11 06:00:00,15.56,NA,NA,NA,NA,NA,1009.14,NA,NA,NA,NA,NA,7.78,NA,NA,NA,NA,NA
1851-06-11 09:00:00,16.11,NA,NA,NA,NA,NA,1010.16,NA,NA,NA,NA,NA,18.89,NA,NA,NA,NA,NA
1851-06-11 15:00:00,18.89,NA,NA,NA,NA,NA,1010.16,NA,NA,NA,NA,NA,24.44,NA,NA,NA,NA,NA
1851-06-11 21:00:00,18.89,NA,NA,NA,NA,NA,1009.14,NA,NA,NA,NA,NA,14.44,NA,NA,NA,NA,NA
1851-06-12,NA,NA,NA,NA,NA,NA,NA,NA,"empty","6am",NA,0,NA,15.42,NA,NA,NA,NA
1851-06-12 06:00:00,18.89,NA,NA,NA,NA,NA,1001.36,NA,NA,NA,NA,NA,10.56,NA,NA,NA,NA,NA
1851-06-12 09:00:00,16.67,NA,NA,NA,NA,NA,1000.34,NA,NA,NA,NA,NA,16.67,NA,NA,NA,NA,NA
1851-06-12 15:00:00,20,NA,NA,NA,NA,NA,1000,NA,NA,NA,NA,NA,21.67,NA,NA,NA,NA,NA
1851-06-12 21:00:00,18.89,NA,NA,NA,NA,NA,1001.02,NA,NA,NA,NA,NA,12.78,NA,NA,NA,NA,NA
1851-06-13,NA,NA,NA,NA,NA,NA,NA,NA,NA,NA,NA,1.02,NA,11.53,NA,NA,NA,NA
1851-06-13 06:00:00,18.33,NA,NA,NA,NA,NA,1001.36,NA,NA,NA,NA,NA,7.22,NA,NA,NA,NA,NA
1851-06-13 09:00:00,17.78,NA,NA,NA,NA,NA,1002.37,NA,NA,NA,NA,NA,18.89,NA,NA,NA,NA,NA
1851-06-13 15:00:00,16.67,NA,NA,NA,NA,NA,1005.08,NA,NA,NA,NA,NA,14.44,NA,NA,NA,NA,NA
1851-06-13 21:00:00,15.56,NA,NA,NA,NA,NA,1009.14,NA,NA,NA,NA,NA,5.56,NA,NA,NA,NA,NA
1851-06-14,NA,NA,NA,NA,NA,NA,NA,NA,NA,NA,NA,NA,NA,7.22,NA,NA,NA,",frst,"
1851-06-14 06:00:00,14.44,NA,NA,NA,NA,NA,1011.85,NA,NA,NA,NA,NA,-1.11,NA,NA,NA,NA,NA
1851-06-14 09:00:00,14.44,NA,NA,NA,NA,NA,1012.53,NA,NA,NA,NA,NA,13.33,NA,NA,NA,NA,NA
1851-06-14 15:00:00,15,NA,NA,NA,NA,NA,1014.22,NA,NA,NA,NA,NA,12.78,NA,NA,NA,NA,NA
1851-06-14 21:00:00,14.44,NA,NA,NA,NA,NA,1016.26,NA,NA,NA,NA,NA,3.89,NA,NA,NA,NA,NA
1851-06-15,NA,NA,NA,NA,NA,NA,NA,NA,NA,NA,NA,NA,NA,8.75,NA,NA,NA,",frst,"
1851-06-15 06:00:00,13.89,NA,NA,NA,NA,NA,1016.26,NA,NA,NA,NA,NA,-0.56,NA,NA,NA,NA,NA
1851-06-15 09:00:00,13.33,NA,NA,NA,NA,NA,1016.59,NA,NA,NA,NA,NA,11.67,NA,NA,NA,NA,NA
1851-06-15 15:00:00,13.33,NA,NA,NA,NA,NA,1015.24,NA,NA,NA,NA,NA,15.56,NA,NA,NA,NA,NA
1851-06-15 21:00:00,14.44,NA,NA,NA,NA,NA,1016.26,NA,NA,NA,NA,NA,8.33,NA,NA,NA,NA,NA
1851-06-16,NA,NA,NA,NA,NA,NA,NA,NA,NA,NA,NA,NA,NA,9.03,NA,NA,NA,NA
1851-06-16 06:00:00,13.89,NA,NA,NA,NA,NA,1017.27,NA,NA,NA,NA,NA,6.11,NA,NA,NA,NA,NA
1851-06-16 09:00:00,13.33,NA,NA,NA,NA,NA,1018.96,NA,NA,NA,NA,NA,12.22,NA,NA,NA,NA,NA
1851-06-16 15:00:00,13.89,NA,NA,NA,NA,NA,1019.3,NA,NA,NA,NA,NA,12.78,NA,NA,NA,NA,NA
1851-06-16 21:00:00,13.33,NA,NA,NA,NA,NA,1022.35,NA,NA,NA,NA,NA,5,NA,NA,NA,NA,NA
1851-06-17,NA,NA,NA,NA,NA,NA,NA,NA,NA,NA,NA,NA,NA,9.58,NA,NA,NA,",frst,"
1851-06-17 06:00:00,12.78,NA,NA,NA,NA,NA,1022.69,NA,NA,NA,NA,NA,-1.67,NA,NA,NA,NA,NA
1851-06-17 09:00:00,13.33,NA,NA,NA,NA,NA,1024.38,NA,NA,NA,NA,NA,15,NA,NA,NA,NA,NA
1851-06-17 15:00:00,15.56,NA,NA,NA,NA,NA,1023.03,NA,NA,NA,NA,NA,17.22,NA,NA,NA,NA,NA
1851-06-17 21:00:00,15.56,NA,NA,NA,NA,NA,1024.04,NA,NA,NA,NA,NA,7.78,NA,NA,NA,NA,NA
1851-06-18,NA,NA,NA,NA,NA,NA,NA,NA,NA,NA,NA,NA,NA,13.61,NA,NA,NA,",frst,"
1851-06-18 06:00:00,14.44,NA,NA,NA,NA,NA,1024.04,NA,NA,NA,NA,NA,1.11,NA,NA,NA,NA,NA
1851-06-18 09:00:00,15.56,NA,NA,NA,NA,NA,1023.71,NA,NA,NA,NA,NA,19.44,NA,NA,NA,NA,NA
1851-06-18 15:00:00,17.78,NA,NA,NA,NA,NA,1021.33,NA,NA,NA,NA,NA,22.78,NA,NA,NA,NA,NA
1851-06-18 21:00:00,16.67,NA,NA,NA,NA,NA,1020.32,NA,NA,NA,NA,NA,11.11,NA,NA,NA,NA,NA
1851-06-19,NA,NA,NA,NA,NA,NA,NA,NA,NA,NA,NA,NA,NA,17.5,NA,NA,NA,NA
1851-06-19 06:00:00,16.67,NA,NA,NA,NA,NA,1017.95,NA,NA,NA,NA,NA,6.11,NA,NA,NA,NA,NA
1851-06-19 09:00:00,16.11,NA,NA,NA,NA,NA,1017.27,NA,NA,NA,NA,NA,21.11,NA,NA,NA,NA,NA
1851-06-19 15:00:00,22.78,NA,NA,NA,NA,NA,1014.56,NA,NA,NA,NA,NA,28.33,NA,NA,NA,NA,NA
1851-06-19 21:00:00,21.11,NA,NA,NA,NA,NA,1012.53,NA,NA,NA,NA,NA,14.44,NA,NA,NA,NA,NA
1851-06-20,NA,NA,NA,NA,NA,NA,NA,NA,NA,NA,NA,NA,NA,19.17,NA,NA,NA,NA
1851-06-20 06:00:00,17.22,NA,NA,NA,NA,NA,1008.47,NA,NA,NA,NA,NA,8.89,NA,NA,NA,NA,NA
1851-06-20 09:00:00,17.78,NA,NA,NA,NA,NA,1007.45,NA,NA,NA,NA,NA,22.22,NA,NA,NA,NA,NA
1851-06-20 15:00:00,22.78,NA,NA,NA,NA,NA,1006.1,NA,NA,NA,NA,NA,27.78,NA,NA,NA,NA,NA
1851-06-20 21:00:00,21.11,NA,NA,NA,NA,NA,1006.77,NA,NA,NA,NA,NA,17.78,NA,NA,NA,NA,NA
1851-06-21,NA,NA,NA,NA,NA,NA,NA,NA,"5am","6am",NA,NA,NA,17.78,NA,NA,NA,NA
1851-06-21 06:00:00,19.44,NA,NA,NA,NA,NA,1007.79,NA,NA,NA,NA,NA,15.56,NA,NA,NA,NA,NA
1851-06-21 09:00:00,18.89,NA,NA,NA,NA,NA,1009.14,NA,NA,NA,NA,NA,20.56,NA,NA,NA,NA,NA
1851-06-21 15:00:00,20,NA,NA,NA,NA,NA,1008.13,NA,NA,NA,NA,NA,21.67,NA,NA,NA,NA,NA
1851-06-21 21:00:00,18.33,NA,NA,NA,NA,NA,1008.81,NA,NA,NA,NA,NA,13.33,NA,NA,NA,NA,NA
1851-06-22,NA,NA,NA,NA,NA,NA,NA,NA,NA,NA,NA,1.65,NA,15.14,NA,NA,NA,NA
1851-06-22 06:00:00,19.44,NA,NA,NA,NA,NA,1010.16,NA,NA,NA,NA,NA,8.89,NA,NA,NA,NA,NA
1851-06-22 09:00:00,18.89,NA,NA,NA,NA,NA,1011.18,NA,NA,NA,NA,NA,21.11,NA,NA,NA,NA,NA
1851-06-22 15:00:00,20,NA,NA,NA,NA,NA,1011.85,NA,NA,NA,NA,NA,18.89,NA,NA,NA,NA,NA
1851-06-22 21:00:00,18.33,NA,NA,NA,NA,NA,1012.87,NA,NA,NA,NA,NA,11.67,NA,NA,NA,NA,NA
1851-06-23,NA,NA,NA,NA,NA,NA,NA,NA,NA,NA,NA,NA,NA,12.78,NA,NA,NA,NA
1851-06-23 06:00:00,18.33,NA,NA,NA,NA,NA,1012.53,NA,NA,NA,NA,NA,10.56,NA,NA,NA,NA,NA
1851-06-23 09:00:00,16.67,NA,NA,NA,NA,NA,1013.88,NA,NA,NA,NA,NA,13.33,NA,NA,NA,NA,NA
1851-06-23 15:00:00,16.67,NA,NA,22.5,NA,NA,1014.56,NA,NA,NA,NA,NA,16.67,NA,NA,NA,NA,NA
1851-06-23 21:00:00,16.11,NA,NA,NA,NA,NA,1016.59,NA,NA,NA,NA,NA,10.56,NA,NA,NA,NA,NA
1851-06-24,NA,NA,NA,NA,NA,NA,NA,NA,"8am","empty",NA,NA,NA,10.14,NA,NA,NA,",ra,"
1851-06-24 06:00:00,16.11,NA,NA,NA,NA,NA,1015.92,NA,NA,NA,NA,NA,8.33,NA,NA,NA,NA,NA
1851-06-24 09:00:00,15.56,NA,NA,NA,NA,NA,1015.24,NA,NA,NA,NA,NA,11.67,NA,NA,NA,NA,NA
1851-06-24 15:00:00,15,NA,NA,NA,NA,NA,1013.88,NA,NA,NA,NA,NA,11.11,NA,NA,NA,NA,NA
1851-06-24 21:00:00,14.44,NA,NA,NA,NA,NA,1009.48,NA,NA,NA,NA,NA,9.44,NA,NA,NA,NA,NA
1851-06-25,NA,NA,NA,NA,NA,NA,NA,NA,"empty","1pm",NA,0,NA,11.94,NA,NA,NA,",br,"
1851-06-25 06:00:00,14.44,NA,NA,NA,NA,NA,1007.45,NA,NA,NA,NA,NA,8.33,NA,NA,NA,NA,NA
1851-06-25 09:00:00,14.44,NA,NA,NA,NA,NA,1007.79,NA,NA,NA,NA,NA,12.78,NA,NA,NA,NA,NA
1851-06-25 15:00:00,14.44,NA,NA,NA,NA,NA,1007.79,NA,NA,NA,NA,NA,16.11,NA,NA,NA,NA,NA
1851-06-25 21:00:00,15.56,NA,NA,NA,NA,NA,1009.48,NA,NA,NA,NA,NA,10.56,NA,NA,NA,NA,NA
1851-06-26,NA,NA,NA,NA,NA,NA,NA,NA,NA,NA,NA,25.53,NA,14.03,NA,NA,NA,NA
1851-06-26 06:00:00,15.56,NA,NA,NA,NA,NA,1010.84,NA,NA,NA,NA,NA,8.89,NA,NA,NA,NA,NA
1851-06-26 09:00:00,15.56,NA,NA,NA,NA,NA,1011.18,NA,NA,NA,NA,NA,17.78,NA,NA,NA,NA,NA
1851-06-26 15:00:00,16.67,NA,NA,NA,NA,NA,1010.5,NA,NA,NA,NA,NA,16.67,NA,NA,NA,NA,NA
1851-06-26 21:00:00,17.78,NA,NA,NA,NA,NA,1010.16,NA,NA,NA,NA,NA,12.78,NA,NA,NA,NA,NA
1851-06-27,NA,NA,NA,NA,NA,NA,NA,NA,"1pm","7pm",NA,NA,NA,16.81,NA,NA,NA,NA
1851-06-27 06:00:00,17.78,NA,NA,NA,NA,NA,1009.48,NA,NA,NA,NA,NA,10,NA,NA,NA,NA,NA
1851-06-27 09:00:00,18.33,NA,NA,NA,NA,NA,1008.47,NA,NA,NA,NA,NA,21.11,NA,NA,NA,NA,NA
1851-06-27 15:00:00,18.89,NA,NA,NA,NA,NA,1005.76,NA,NA,NA,NA,NA,21.11,NA,NA,NA,NA,NA
1851-06-27 21:00:00,18.33,NA,NA,NA,NA,NA,1003.05,NA,NA,NA,NA,NA,15,NA,NA,NA,NA,NA
1851-06-28,NA,NA,NA,NA,NA,NA,NA,NA,NA,NA,NA,3.94,NA,15.28,NA,NA,NA,",ts,"
1851-06-28 06:00:00,18.33,NA,NA,NA,NA,NA,1003.05,NA,NA,NA,NA,NA,11.67,NA,NA,NA,NA,NA
1851-06-28 09:00:00,18.33,NA,NA,NA,NA,NA,1003.39,NA,NA,NA,NA,NA,17.78,NA,NA,NA,NA,NA
1851-06-28 15:00:00,18.89,NA,NA,NA,NA,NA,1002.37,NA,NA,NA,NA,NA,19.44,NA,NA,NA,NA,NA
1851-06-28 21:00:00,18.89,NA,NA,NA,NA,NA,1005.76,NA,NA,NA,NA,NA,12.22,NA,NA,NA,NA,NA
1851-06-29,NA,NA,NA,NA,NA,NA,NA,NA,NA,NA,NA,NA,NA,17.36,NA,NA,NA,",halo,"
1851-06-29 06:00:00,17.78,NA,NA,NA,NA,NA,1006.77,NA,NA,NA,NA,NA,10.56,NA,NA,NA,NA,NA
1851-06-29 09:00:00,17.78,NA,NA,NA,NA,NA,1008.13,NA,NA,NA,NA,NA,18.33,NA,NA,NA,NA,NA
1851-06-29 15:00:00,20,NA,NA,NA,NA,NA,1008.13,NA,NA,NA,NA,NA,26.11,NA,NA,NA,NA,NA
1851-06-29 21:00:00,18.89,NA,NA,NA,NA,NA,1009.14,NA,NA,NA,NA,NA,14.44,NA,NA,NA,NA,NA
1851-06-30,NA,NA,NA,NA,NA,NA,NA,NA,"1am","4am",NA,NA,NA,17.36,NA,NA,NA,NA
1851-06-30 06:00:00,17.78,NA,NA,NA,NA,NA,1009.48,NA,NA,NA,NA,NA,13.89,NA,NA,NA,NA,NA
1851-06-30 09:00:00,17.78,NA,NA,NA,NA,NA,1009.48,NA,NA,NA,NA,NA,18.33,NA,NA,NA,NA,NA
1851-06-30 15:00:00,20,NA,NA,NA,NA,NA,1009.82,NA,NA,NA,NA,NA,22.22,NA,NA,NA,NA,NA
1851-06-30 21:00:00,18.89,NA,NA,NA,NA,NA,1010.84,NA,NA,NA,NA,NA,15,NA,NA,NA,NA,NA
1851-07-01,NA,NA,NA,NA,NA,NA,NA,NA,NA,NA,NA,1.65,NA,19.03,NA,NA,NA,NA
1851-07-01 06:00:00,18.89,NA,NA,NA,NA,NA,1011.85,NA,NA,NA,NA,NA,12.22,NA,NA,NA,NA,NA
1851-07-01 09:00:00,18.89,NA,NA,NA,NA,NA,1012.87,NA,NA,NA,NA,NA,22.78,NA,NA,NA,NA,NA
1851-07-01 15:00:00,21.67,NA,NA,NA,NA,NA,1013.21,NA,NA,NA,NA,NA,26.11,NA,NA,NA,NA,NA
1851-07-01 21:00:00,20.56,NA,NA,NA,NA,NA,1013.88,NA,NA,NA,NA,NA,15,NA,NA,NA,NA,NA
1851-07-02,NA,NA,NA,NA,NA,NA,NA,NA,"10am","4pm",NA,NA,NA,14.44,NA,NA,NA,",ts,"
1851-07-02 06:00:00,19.44,NA,NA,NA,NA,NA,1012.87,NA,NA,NA,NA,NA,13.33,NA,NA,NA,NA,NA
1851-07-02 09:00:00,19.44,NA,NA,NA,NA,NA,1012.87,NA,NA,NA,NA,NA,15.56,NA,NA,NA,NA,NA
1851-07-02 15:00:00,18.33,NA,NA,NA,NA,NA,1011.85,NA,NA,NA,NA,NA,15.56,NA,NA,NA,NA,NA
1851-07-02 21:00:00,18.89,NA,NA,NA,NA,NA,1011.51,NA,NA,NA,NA,NA,13.33,NA,NA,NA,NA,NA
1851-07-03,NA,NA,NA,NA,NA,NA,NA,NA,"empty","11am",NA,7.62,NA,16.81,NA,NA,NA,NA
1851-07-03 06:00:00,17.78,NA,NA,NA,NA,NA,1010.84,NA,NA,NA,NA,NA,12.22,NA,NA,NA,NA,NA
1851-07-03 09:00:00,17.78,NA,NA,NA,NA,NA,1009.48,NA,NA,NA,NA,NA,18.33,NA,NA,NA,NA,NA
1851-07-03 15:00:00,17.78,NA,NA,NA,NA,NA,1008.81,NA,NA,NA,NA,NA,21.11,NA,NA,NA,NA,NA
1851-07-03 21:00:00,18.89,NA,NA,NA,NA,NA,1009.48,NA,NA,NA,NA,NA,15.56,NA,NA,NA,NA,NA
1851-07-04,NA,NA,NA,NA,NA,NA,NA,NA,"7pm","empty",NA,0.25,NA,17.08,NA,NA,NA,NA
1851-07-04 06:00:00,18.89,NA,NA,NA,NA,NA,1010.16,NA,NA,NA,NA,NA,12.78,NA,NA,NA,NA,NA
1851-07-04 09:00:00,18.33,NA,NA,NA,NA,NA,1011.51,NA,NA,NA,NA,NA,17.78,NA,NA,NA,NA,NA
1851-07-04 15:00:00,17.78,NA,NA,NA,NA,NA,1010.16,NA,NA,NA,NA,NA,24.44,NA,NA,NA,NA,NA
1851-07-04 21:00:00,18.89,NA,NA,NA,NA,NA,1004.74,NA,NA,NA,NA,NA,13.33,NA,NA,NA,NA,NA
1851-07-05,NA,NA,NA,NA,NA,NA,NA,NA,"empty","8am",NA,0,NA,18.06,NA,NA,NA,NA
1851-07-05 06:00:00,18.89,NA,NA,NA,NA,NA,999.32,NA,NA,NA,NA,NA,13.89,NA,NA,NA,NA,NA
1851-07-05 09:00:00,18.33,NA,NA,NA,NA,NA,996.95,NA,NA,NA,NA,NA,21.11,NA,NA,NA,NA,NA
1851-07-05 15:00:00,18.89,NA,NA,NA,NA,NA,998.31,NA,NA,NA,NA,NA,22.78,NA,NA,NA,NA,NA
1851-07-05 21:00:00,17.78,NA,NA,NA,NA,NA,1002.71,NA,NA,NA,NA,NA,14.44,NA,NA,NA,NA,NA
1851-07-06,NA,NA,NA,NA,NA,NA,NA,NA,NA,NA,NA,1.4,NA,18.33,NA,NA,NA,NA
1851-07-06 06:00:00,17.78,NA,NA,NA,NA,NA,1006.1,NA,NA,NA,NA,NA,8.33,NA,NA,NA,NA,NA
1851-07-06 09:00:00,18.33,NA,NA,NA,NA,NA,1007.79,NA,NA,NA,NA,NA,21.67,NA,NA,NA,NA,NA
1851-07-06 15:00:00,21.11,NA,NA,NA,NA,NA,1007.79,NA,NA,NA,NA,NA,26.67,NA,NA,NA,NA,NA
1851-07-06 21:00:00,19.44,NA,NA,NA,NA,NA,1009.14,NA,NA,NA,NA,NA,16.67,NA,NA,NA,NA,NA
1851-07-07,NA,NA,NA,NA,NA,NA,NA,NA,"8am","7pm",NA,NA,NA,15.97,NA,NA,NA,",ra,"
1851-07-07 06:00:00,19.44,NA,NA,NA,NA,NA,1007.79,NA,NA,NA,NA,NA,12.78,NA,NA,NA,NA,NA
1851-07-07 09:00:00,19.44,NA,NA,NA,NA,NA,1005.76,NA,NA,NA,NA,NA,21.11,NA,NA,NA,NA,NA
1851-07-07 15:00:00,18.89,NA,NA,NA,NA,NA,1002.71,NA,NA,NA,NA,NA,16.67,NA,NA,NA,NA,NA
1851-07-07 21:00:00,19.44,NA,NA,NA,NA,NA,1007.45,NA,NA,NA,NA,NA,13.33,NA,NA,NA,NA,NA
1851-07-08,NA,NA,NA,NA,NA,NA,NA,NA,NA,NA,NA,13.72,NA,13.89,NA,NA,NA,",frst,"
1851-07-08 06:00:00,18.33,NA,NA,NA,NA,NA,1010.16,NA,NA,NA,NA,NA,5,NA,NA,NA,NA,NA
1851-07-08 09:00:00,18.33,NA,NA,NA,NA,NA,1011.18,NA,NA,NA,NA,NA,18.33,NA,NA,NA,NA,NA
1851-07-08 15:00:00,19.44,NA,NA,NA,NA,NA,1010.84,NA,NA,NA,NA,NA,20,NA,NA,NA,NA,NA
1851-07-08 21:00:00,17.22,NA,NA,NA,NA,NA,1012.53,NA,NA,NA,NA,NA,12.22,NA,NA,NA,NA,NA
1851-07-09,NA,NA,NA,NA,NA,NA,NA,NA,NA,NA,NA,NA,NA,18.19,NA,NA,NA,NA
1851-07-09 06:00:00,18.33,NA,NA,NA,NA,NA,1012.87,NA,NA,NA,NA,NA,6.67,NA,NA,NA,NA,NA
1851-07-09 09:00:00,18.89,NA,NA,NA,NA,NA,1012.53,NA,NA,NA,NA,NA,22.78,NA,NA,NA,NA,NA
1851-07-09 15:00:00,21.11,NA,NA,NA,NA,NA,1011.85,NA,NA,NA,NA,NA,26.67,NA,NA,NA,NA,NA
1851-07-09 21:00:00,19.44,NA,NA,NA,NA,NA,1011.85,NA,NA,NA,NA,NA,16.67,NA,NA,NA,NA,NA
1851-07-10,NA,NA,NA,NA,NA,NA,NA,NA,"7pm","10pm",NA,NA,NA,18.89,NA,NA,NA,",ts,"
1851-07-10 06:00:00,20.56,NA,NA,NA,NA,NA,1010.16,NA,NA,NA,NA,NA,13.89,NA,NA,NA,NA,NA
1851-07-10 09:00:00,18.33,NA,NA,NA,NA,NA,1009.14,NA,NA,NA,NA,NA,20,NA,NA,NA,NA,NA
1851-07-10 15:00:00,20,NA,NA,NA,NA,NA,1004.74,NA,NA,NA,NA,NA,22.22,NA,NA,NA,NA,NA
1851-07-10 21:00:00,20.56,NA,NA,NA,NA,NA,1002.71,NA,NA,NA,NA,NA,19.44,NA,NA,NA,NA,NA
1851-07-11,NA,NA,NA,NA,NA,NA,NA,NA,NA,NA,NA,2.41,NA,22.5,NA,NA,NA,NA
1851-07-11 06:00:00,21.67,NA,NA,NA,NA,NA,1004.74,NA,NA,NA,NA,NA,18.33,NA,NA,NA,NA,NA
1851-07-11 09:00:00,21.11,NA,NA,NA,NA,NA,1006.1,NA,NA,NA,NA,NA,26.11,NA,NA,NA,NA,NA
1851-07-11 15:00:00,23.33,NA,NA,NA,NA,NA,1006.77,NA,NA,NA,NA,NA,28.89,NA,NA,NA,NA,NA
1851-07-11 21:00:00,21.67,NA,NA,NA,NA,NA,1008.13,NA,NA,NA,NA,NA,16.67,NA,NA,NA,NA,NA
1851-07-12,NA,NA,NA,NA,NA,NA,NA,NA,NA,NA,NA,NA,NA,20.42,NA,NA,NA,NA
1851-07-12 06:00:00,20,NA,NA,NA,NA,NA,1009.48,NA,NA,NA,NA,NA,13.33,NA,NA,NA,NA,NA
1851-07-12 09:00:00,21.11,NA,NA,NA,NA,NA,1010.16,NA,NA,NA,NA,NA,25,NA,NA,NA,NA,NA
1851-07-12 15:00:00,23.33,NA,NA,NA,NA,NA,1009.48,NA,NA,NA,NA,NA,26.67,NA,NA,NA,NA,NA
1851-07-12 21:00:00,21.67,NA,NA,NA,NA,NA,1009.48,NA,NA,NA,NA,NA,16.67,NA,NA,NA,NA,NA
1851-07-13,NA,NA,NA,NA,NA,NA,NA,NA,"1am","6pm",NA,NA,NA,18.33,NA,NA,NA,",ts,"
1851-07-13 06:00:00,20.56,NA,NA,NA,NA,NA,1008.47,NA,NA,NA,NA,NA,14.44,NA,NA,NA,NA,NA
1851-07-13 09:00:00,20.56,NA,NA,NA,NA,NA,1007.79,NA,NA,NA,NA,NA,23.89,NA,NA,NA,NA,NA
1851-07-13 15:00:00,20.56,NA,NA,NA,NA,NA,1007.11,NA,NA,NA,NA,NA,21.67,NA,NA,NA,NA,NA
1851-07-13 21:00:00,18.89,NA,NA,NA,NA,NA,1009.14,NA,NA,NA,NA,NA,13.33,NA,NA,NA,NA,NA
1851-07-14,NA,NA,NA,NA,NA,NA,NA,NA,"8pm","empty",NA,0.13,NA,14.03,NA,NA,NA,NA
1851-07-14 06:00:00,18.33,NA,NA,NA,NA,NA,1010.5,NA,NA,NA,NA,NA,11.67,NA,NA,NA,NA,NA
1851-07-14 09:00:00,17.78,NA,NA,NA,NA,NA,1011.18,NA,NA,NA,NA,NA,15.56,NA,NA,NA,NA,NA
1851-07-14 15:00:00,17.78,NA,NA,NA,NA,NA,1010.84,NA,NA,NA,NA,NA,16.67,NA,NA,NA,NA,NA
1851-07-14 21:00:00,17.22,NA,NA,NA,NA,NA,1011.85,NA,NA,NA,NA,NA,12.22,NA,NA,NA,NA,NA
1851-07-15,NA,NA,NA,NA,NA,NA,NA,NA,"empty","2pm",NA,0,NA,15.69,NA,NA,NA,NA
1851-07-15 06:00:00,17.22,NA,NA,NA,NA,NA,1008.13,NA,NA,NA,NA,NA,11.67,NA,NA,NA,NA,NA
1851-07-15 09:00:00,17.22,NA,NA,NA,NA,NA,1008.13,NA,NA,NA,NA,NA,14.44,NA,NA,NA,NA,NA
1851-07-15 15:00:00,17.78,NA,NA,NA,NA,NA,1007.11,NA,NA,NA,NA,NA,22.22,NA,NA,NA,NA,NA
1851-07-15 21:00:00,17.78,NA,NA,NA,NA,NA,1007.11,NA,NA,NA,NA,NA,14.44,NA,NA,NA,NA,NA
1851-07-16,NA,NA,NA,NA,NA,NA,NA,NA,"am","8am",NA,1.14,NA,18.75,NA,NA,NA,",lt,"
1851-07-16 06:00:00,18.33,NA,NA,NA,NA,NA,1005.08,NA,NA,NA,NA,NA,12.78,NA,NA,NA,NA,NA
1851-07-16 09:00:00,17.78,NA,NA,NA,NA,NA,1004.06,NA,NA,NA,NA,NA,20.56,NA,NA,NA,NA,NA
1851-07-16 15:00:00,18.89,NA,NA,NA,NA,NA,1004.06,NA,NA,NA,NA,NA,24.44,NA,NA,NA,NA,NA
1851-07-16 21:00:00,19.44,NA,NA,NA,NA,NA,1005.08,NA,NA,NA,NA,NA,17.22,NA,NA,NA,NA,NA
1851-07-17,NA,NA,NA,NA,NA,NA,NA,NA,"7am","12am",NA,3.3,NA,20.42,NA,NA,NA,NA
1851-07-17 06:00:00,20,NA,NA,NA,NA,NA,1005.08,NA,NA,NA,NA,NA,17.22,NA,NA,NA,NA,NA
1851-07-17 09:00:00,19.44,NA,NA,NA,NA,NA,1005.08,NA,NA,NA,NA,NA,18.89,NA,NA,NA,NA,NA
1851-07-17 15:00:00,21.11,NA,NA,NA,NA,NA,1002.71,NA,NA,NA,NA,NA,27.22,NA,NA,NA,NA,NA
1851-07-17 21:00:00,21.11,NA,NA,NA,NA,NA,1002.03,NA,NA,NA,NA,NA,18.33,NA,NA,NA,NA,NA
1851-07-18,NA,NA,NA,NA,NA,NA,NA,NA,NA,NA,NA,2.03,NA,24.03,NA,NA,NA,NA
1851-07-18 06:00:00,21.11,NA,NA,NA,NA,NA,1000.34,NA,NA,NA,NA,NA,16.11,NA,NA,NA,NA,NA
1851-07-18 09:00:00,22.22,NA,NA,NA,NA,NA,1000,NA,NA,NA,NA,NA,28.89,NA,NA,NA,NA,NA
1851-07-18 15:00:00,25,NA,NA,NA,NA,NA,1000,NA,NA,NA,NA,NA,32.22,NA,NA,NA,NA,NA
1851-07-18 21:00:00,22.78,NA,NA,NA,NA,NA,1002.37,NA,NA,NA,NA,NA,20,NA,NA,NA,NA,NA
1851-07-19,NA,NA,NA,NA,NA,NA,NA,NA,NA,NA,NA,NA,NA,23.75,NA,NA,NA,NA
1851-07-19 06:00:00,22.22,NA,NA,NA,NA,NA,1005.08,NA,NA,NA,NA,NA,15.56,NA,NA,NA,NA,NA
1851-07-19 09:00:00,22.22,NA,NA,NA,NA,NA,1007.11,NA,NA,NA,NA,NA,27.22,NA,NA,NA,NA,NA
1851-07-19 15:00:00,26.11,NA,NA,NA,NA,NA,1008.47,NA,NA,NA,NA,NA,31.67,NA,NA,NA,NA,NA
1851-07-19 21:00:00,25.56,NA,NA,NA,NA,NA,1010.16,NA,NA,NA,NA,NA,20.56,NA,NA,NA,NA,NA
1851-07-20,NA,NA,NA,NA,NA,NA,NA,NA,"7am","7pm",NA,NA,NA,20.28,NA,NA,NA,NA
1851-07-20 06:00:00,22.22,NA,NA,NA,NA,NA,1009.14,NA,NA,NA,NA,NA,16.67,NA,NA,NA,NA,NA
1851-07-20 09:00:00,22.78,NA,NA,NA,NA,NA,1008.47,NA,NA,NA,NA,NA,21.67,NA,NA,NA,NA,NA
1851-07-20 15:00:00,22.22,NA,NA,NA,NA,NA,1008.47,NA,NA,NA,NA,NA,24.44,NA,NA,NA,NA,NA
1851-07-20 21:00:00,22.22,NA,NA,NA,NA,NA,1005.42,NA,NA,NA,NA,NA,18.33,NA,NA,NA,NA,NA
1851-07-21,NA,NA,NA,NA,NA,NA,NA,NA,NA,NA,NA,1.02,NA,20.69,NA,NA,NA,NA
1851-07-21 06:00:00,21.11,NA,NA,NA,NA,NA,1006.1,NA,NA,NA,NA,NA,13.89,NA,NA,NA,NA,NA
1851-07-21 09:00:00,21.11,NA,NA,NA,NA,NA,1006.77,NA,NA,NA,NA,NA,23.89,NA,NA,NA,NA,NA
1851-07-21 15:00:00,22.22,NA,NA,NA,NA,NA,1008.47,NA,NA,NA,NA,NA,26.11,NA,NA,NA,NA,NA
1851-07-21 21:00:00,22.22,NA,NA,NA,NA,NA,1012.87,NA,NA,NA,NA,NA,18.89,NA,NA,NA,NA,NA
1851-07-22,NA,NA,NA,NA,NA,NA,NA,NA,NA,NA,NA,NA,NA,22.5,NA,NA,NA,NA
1851-07-22 06:00:00,21.11,NA,NA,NA,NA,NA,1015.58,NA,NA,NA,NA,NA,15,NA,NA,NA,NA,NA
1851-07-22 09:00:00,22.22,NA,NA,NA,NA,NA,1015.92,NA,NA,NA,NA,NA,26.67,NA,NA,NA,NA,NA
1851-07-22 15:00:00,24.44,NA,NA,NA,NA,NA,1015.24,NA,NA,NA,NA,NA,30,NA,NA,NA,NA,NA
1851-07-22 21:00:00,23.89,NA,NA,NA,NA,NA,1015.24,NA,NA,NA,NA,NA,18.33,NA,NA,NA,NA,NA
1851-07-23,NA,NA,NA,NA,NA,NA,NA,NA,"1pm","3pm",NA,NA,NA,20.56,NA,NA,NA,",ts,"
1851-07-23 06:00:00,21.11,NA,NA,NA,NA,NA,1012.53,NA,NA,NA,NA,NA,13.89,NA,NA,NA,NA,NA
1851-07-23 09:00:00,22.22,NA,NA,NA,NA,NA,1011.51,NA,NA,NA,NA,NA,26.11,NA,NA,NA,NA,NA
1851-07-23 15:00:00,23.89,NA,NA,NA,NA,NA,1009.14,NA,NA,NA,NA,NA,24.44,NA,NA,NA,NA,NA
1851-07-23 21:00:00,22.22,NA,NA,NA,NA,NA,1010.16,NA,NA,NA,NA,NA,17.78,NA,NA,NA,NA,NA
1851-07-24,NA,NA,NA,NA,NA,NA,NA,NA,NA,NA,NA,2.29,NA,19.17,NA,NA,NA,NA
1851-07-24 06:00:00,20.56,NA,NA,NA,NA,NA,1009.82,NA,NA,NA,NA,NA,13.33,NA,NA,NA,NA,NA
1851-07-24 09:00:00,20,NA,NA,NA,NA,NA,1010.16,NA,NA,NA,NA,NA,21.67,NA,NA,NA,NA,NA
1851-07-24 15:00:00,21.67,NA,NA,NA,NA,NA,1010.16,NA,NA,NA,NA,NA,24.44,NA,NA,NA,NA,NA
1851-07-24 21:00:00,21.11,NA,NA,NA,NA,NA,1012.19,NA,NA,NA,NA,NA,15.56,NA,NA,NA,NA,NA
1851-07-25,NA,NA,NA,NA,NA,NA,NA,NA,"9pm","12pm",NA,NA,NA,20.42,NA,NA,NA,",lt,"
1851-07-25 06:00:00,20,NA,NA,NA,NA,NA,1012.53,NA,NA,NA,NA,NA,11.11,NA,NA,NA,NA,NA
1851-07-25 09:00:00,21.11,NA,NA,NA,NA,NA,1012.53,NA,NA,NA,NA,NA,23.89,NA,NA,NA,NA,NA
1851-07-25 15:00:00,22.22,NA,NA,NA,NA,NA,1011.18,NA,NA,NA,NA,NA,30,NA,NA,NA,NA,NA
1851-07-25 21:00:00,21.67,NA,NA,NA,NA,NA,1009.14,NA,NA,NA,NA,NA,16.67,NA,NA,NA,NA,NA
1851-07-26,NA,NA,NA,NA,NA,NA,NA,NA,"1pm","2pm",NA,0.76,NA,21.67,NA,NA,NA,",lt,"
1851-07-26 06:00:00,21.11,NA,NA,NA,NA,NA,1003.39,NA,NA,NA,NA,NA,17.22,NA,NA,NA,NA,NA
1851-07-26 09:00:00,21.67,NA,NA,NA,NA,NA,1002.37,NA,NA,NA,NA,NA,22.78,NA,NA,NA,NA,NA
1851-07-26 15:00:00,22.22,NA,NA,NA,NA,NA,1000.68,NA,NA,NA,NA,NA,28.89,NA,NA,NA,NA,NA
1851-07-26 21:00:00,21.11,NA,NA,NA,NA,NA,999.32,NA,NA,NA,NA,NA,17.78,NA,NA,NA,NA,NA
1851-07-27,NA,NA,NA,NA,NA,NA,NA,NA,"8am | 3pm","11am",NA,0.25,NA,17.92,NA,NA,NA,",ts,"
1851-07-27 06:00:00,21.11,NA,NA,NA,NA,NA,994.92,NA,NA,NA,NA,NA,15.56,NA,NA,NA,NA,NA
1851-07-27 09:00:00,21.11,NA,NA,NA,NA,NA,993.91,NA,NA,NA,NA,NA,17.22,NA,NA,NA,NA,NA
1851-07-27 15:00:00,21.11,NA,NA,NA,NA,NA,992.21,NA,NA,NA,NA,NA,21.11,NA,NA,NA,NA,NA
1851-07-27 21:00:00,20,NA,NA,NA,NA,NA,992.55,NA,NA,NA,NA,NA,17.78,NA,NA,NA,NA,NA
1851-07-28,NA,NA,NA,NA,NA,NA,NA,NA,"2pm","8am",NA,11.68,NA,18.61,NA,NA,NA,",ts,"
1851-07-28 06:00:00,20.56,NA,NA,NA,NA,NA,991.87,NA,NA,NA,NA,NA,16.67,NA,NA,NA,NA,NA
1851-07-28 09:00:00,20.56,NA,NA,NA,NA,NA,992.21,NA,NA,NA,NA,NA,21.67,NA,NA,NA,NA,NA
1851-07-28 15:00:00,20.56,NA,NA,NA,NA,NA,992.55,NA,NA,NA,NA,NA,21.11,NA,NA,NA,NA,NA
1851-07-28 21:00:00,20.56,NA,NA,NA,NA,NA,996.95,NA,NA,NA,NA,NA,15,NA,NA,NA,NA,NA
1851-07-29,NA,NA,NA,NA,NA,NA,NA,NA,"empty","7pm",NA,16.26,NA,14.72,NA,NA,NA,",ts,"
1851-07-29 06:00:00,19.44,NA,NA,NA,NA,NA,1001.69,NA,NA,NA,NA,NA,12.78,NA,NA,NA,NA,NA
1851-07-29 09:00:00,18.33,NA,NA,NA,NA,NA,1003.73,NA,NA,NA,NA,NA,13.33,NA,NA,NA,NA,NA
1851-07-29 15:00:00,18.33,NA,NA,NA,NA,NA,1005.42,NA,NA,NA,NA,NA,20.56,NA,NA,NA,NA,NA
1851-07-29 21:00:00,17.78,NA,NA,NA,NA,NA,1008.81,NA,NA,NA,NA,NA,12.22,NA,NA,NA,NA,NA
1851-07-30,NA,NA,NA,NA,NA,NA,NA,NA,"empty","12am",NA,22.22,NA,15.14,NA,NA,NA,NA
1851-07-30 06:00:00,17.78,NA,NA,NA,NA,NA,1010.84,NA,NA,NA,NA,NA,11.67,NA,NA,NA,NA,NA
1851-07-30 09:00:00,17.78,NA,NA,NA,NA,NA,1012.53,NA,NA,NA,NA,NA,17.22,NA,NA,NA,NA,NA
1851-07-30 15:00:00,17.22,NA,NA,NA,NA,NA,1013.55,NA,NA,NA,NA,NA,17.78,NA,NA,NA,NA,NA
1851-07-30 21:00:00,17.78,NA,NA,NA,NA,NA,1016.59,NA,NA,NA,NA,NA,13.89,NA,NA,NA,NA,NA
1851-07-31,NA,NA,NA,NA,NA,NA,NA,NA,"2pm","3pm",NA,2.54,NA,15,NA,NA,NA,NA
1851-07-31 06:00:00,17.78,NA,NA,NA,NA,NA,1018.29,NA,NA,NA,NA,NA,11.67,NA,NA,NA,NA,NA
1851-07-31 09:00:00,17.22,NA,NA,NA,NA,NA,1019.64,NA,NA,NA,NA,NA,17.22,NA,NA,NA,NA,NA
1851-07-31 15:00:00,17.78,NA,NA,NA,NA,NA,1016.26,NA,NA,NA,NA,NA,18.33,NA,NA,NA,NA,NA
1851-07-31 21:00:00,17.78,NA,NA,NA,NA,NA,1020.32,NA,NA,NA,NA,NA,12.78,NA,NA,NA,NA,NA
1851-08-01,NA,NA,NA,NA,NA,NA,NA,NA,NA,NA,NA,1.02,NA,16.11,NA,NA,NA,NA
1851-08-01 06:00:00,17.78,NA,NA,NA,NA,NA,1019.64,NA,NA,NA,NA,NA,11.67,NA,NA,NA,NA,NA
1851-08-01 09:00:00,18.33,NA,NA,NA,NA,NA,1022.01,NA,NA,NA,NA,NA,18.89,NA,NA,NA,NA,NA
1851-08-01 15:00:00,19.44,NA,NA,NA,NA,NA,1016.59,NA,NA,NA,NA,NA,21.11,NA,NA,NA,NA,NA
1851-08-01 21:00:00,18.33,NA,NA,NA,NA,NA,1015.58,NA,NA,NA,NA,NA,12.78,NA,NA,NA,NA,NA
1851-08-02,NA,NA,NA,NA,NA,NA,NA,NA,NA,NA,NA,NA,NA,15.97,NA,NA,NA,NA
1851-08-02 06:00:00,17.78,NA,NA,NA,NA,NA,1013.88,NA,NA,NA,NA,NA,6.67,NA,NA,NA,NA,NA
1851-08-02 09:00:00,17.78,NA,NA,NA,NA,NA,1013.21,NA,NA,NA,NA,NA,18.89,NA,NA,NA,NA,NA
1851-08-02 15:00:00,20,NA,NA,NA,NA,NA,1011.18,NA,NA,NA,NA,NA,22.78,NA,NA,NA,NA,NA
1851-08-02 21:00:00,17.78,NA,NA,NA,NA,NA,1011.85,NA,NA,NA,NA,NA,15.56,NA,NA,NA,NA,NA
1851-08-03,NA,NA,NA,NA,NA,NA,NA,NA,NA,NA,NA,NA,NA,20.42,NA,NA,NA,NA
1851-08-03 06:00:00,19.44,NA,NA,NA,NA,NA,1011.51,NA,NA,NA,NA,NA,13.33,NA,NA,NA,NA,NA
1851-08-03 09:00:00,20.56,NA,NA,NA,NA,NA,1011.85,NA,NA,NA,NA,NA,23.33,NA,NA,NA,NA,NA
1851-08-03 15:00:00,22.22,NA,NA,NA,NA,NA,1012.19,NA,NA,NA,NA,NA,26.67,NA,NA,NA,NA,NA
1851-08-03 21:00:00,22.22,NA,NA,NA,NA,NA,1015.58,NA,NA,NA,NA,NA,18.33,NA,NA,NA,NA,NA
1851-08-04,NA,NA,NA,NA,NA,NA,NA,NA,"5 am","6 am",NA,NA,NA,15.56,NA,NA,NA,NA
1851-08-04 06:00:00,19.44,NA,NA,NA,NA,NA,1022.69,NA,NA,NA,NA,NA,16.11,NA,NA,NA,NA,NA
1851-08-04 09:00:00,20,NA,NA,NA,NA,NA,1024.38,NA,NA,NA,NA,NA,18.33,NA,NA,NA,NA,NA
1851-08-04 15:00:00,20,NA,NA,NA,NA,NA,1026.08,NA,NA,NA,NA,NA,18.89,NA,NA,NA,NA,NA
1851-08-04 21:00:00,18.33,NA,NA,NA,NA,NA,1028.45,NA,NA,NA,NA,NA,8.89,NA,NA,NA,NA,NA
1851-08-05,NA,NA,NA,NA,NA,NA,NA,NA,"3 am","7 pm",NA,0.33,NA,13.06,NA,NA,NA,NA
1851-08-05 06:00:00,17.78,NA,NA,NA,NA,NA,1026.08,NA,NA,NA,NA,NA,7.78,NA,NA,NA,NA,NA
1851-08-05 09:00:00,17.22,NA,NA,NA,NA,NA,1025.06,NA,NA,NA,NA,NA,13.89,NA,NA,NA,NA,NA
1851-08-05 15:00:00,16.11,NA,NA,NA,NA,NA,1017.61,NA,NA,NA,NA,NA,15.56,NA,NA,NA,NA,NA
1851-08-05 21:00:00,17.78,NA,NA,NA,NA,NA,1013.88,NA,NA,NA,NA,NA,15,NA,NA,NA,NA,NA
1851-08-06,NA,NA,NA,NA,NA,NA,NA,NA,NA,NA,NA,3.68,NA,18.61,NA,NA,NA,",ts,"
1851-08-06 06:00:00,17.78,NA,NA,NA,NA,NA,1012.19,NA,NA,NA,NA,NA,15,NA,NA,NA,NA,NA
1851-08-06 09:00:00,18.33,NA,NA,NA,NA,NA,1011.85,NA,NA,NA,NA,NA,21.67,NA,NA,NA,NA,NA
1851-08-06 15:00:00,20,NA,NA,NA,NA,NA,1011.85,NA,NA,NA,NA,NA,23.33,NA,NA,NA,NA,NA
1851-08-06 21:00:00,19.44,NA,NA,NA,NA,NA,1013.88,NA,NA,NA,NA,NA,14.44,NA,NA,NA,NA,NA
1851-08-07,NA,NA,NA,NA,NA,NA,NA,NA,NA,NA,NA,NA,NA,18.47,NA,NA,NA,NA
1851-08-07 06:00:00,19.44,NA,NA,NA,NA,NA,1014.56,NA,NA,NA,NA,NA,11.11,NA,NA,NA,NA,NA
1851-08-07 09:00:00,20,NA,NA,NA,NA,NA,1014.9,NA,NA,NA,NA,NA,22.22,NA,NA,NA,NA,NA
1851-08-07 15:00:00,21.11,NA,NA,NA,NA,NA,1013.21,NA,NA,NA,NA,NA,24.44,NA,NA,NA,NA,NA
1851-08-07 21:00:00,20,NA,NA,NA,NA,NA,1012.87,NA,NA,NA,NA,NA,16.11,NA,NA,NA,NA,NA
1851-08-08,NA,NA,NA,NA,NA,NA,NA,NA,"4 am","9 am",NA,NA,NA,18.47,NA,NA,NA,NA
1851-08-08 06:00:00,20,NA,NA,NA,NA,NA,1012.53,NA,NA,NA,NA,NA,14.44,NA,NA,NA,NA,NA
1851-08-08 09:00:00,19.44,NA,NA,NA,NA,NA,1013.21,NA,NA,NA,NA,NA,17.78,NA,NA,NA,NA,NA
1851-08-08 15:00:00,20,NA,NA,NA,NA,NA,1011.85,NA,NA,NA,NA,NA,22.78,NA,NA,NA,NA,NA
1851-08-08 21:00:00,20.56,NA,NA,NA,NA,NA,1013.21,NA,NA,NA,NA,NA,18.89,NA,NA,NA,NA,NA
1851-08-09,NA,NA,NA,NA,NA,NA,NA,NA,NA,NA,NA,5.33,NA,19.44,NA,NA,NA,",fg,"
1851-08-09 06:00:00,21.11,NA,NA,NA,NA,NA,1013.55,NA,NA,NA,NA,NA,16.67,NA,NA,NA,NA,NA
1851-08-09 09:00:00,20.56,NA,NA,NA,NA,NA,1013.88,NA,NA,NA,NA,NA,21.11,NA,NA,NA,NA,NA
1851-08-09 15:00:00,21.11,NA,NA,NA,NA,NA,1013.21,NA,NA,NA,NA,NA,24.44,NA,NA,NA,NA,NA
1851-08-09 21:00:00,20,NA,NA,NA,NA,NA,1009.14,NA,NA,NA,NA,NA,15.56,NA,NA,NA,NA,NA
1851-08-10,NA,NA,NA,NA,NA,NA,NA,NA,NA,"4 pm",NA,NA,NA,17.64,NA,NA,NA,",sh,"
1851-08-10 06:00:00,20.56,NA,NA,NA,NA,NA,1002.37,NA,NA,NA,NA,NA,15.56,NA,NA,NA,NA,NA
1851-08-10 09:00:00,20.56,NA,NA,NA,NA,NA,1002.37,NA,NA,NA,NA,NA,20,NA,NA,NA,NA,NA
1851-08-10 15:00:00,20.56,NA,NA,NA,NA,NA,1002.37,NA,NA,NA,NA,NA,22.22,NA,NA,NA,NA,NA
1851-08-10 21:00:00,18.89,NA,NA,NA,NA,NA,1007.79,NA,NA,NA,NA,NA,12.78,NA,NA,NA,NA,NA
1851-08-11,NA,NA,NA,NA,NA,NA,NA,NA,NA,NA,NA,7.49,NA,14.86,NA,NA,NA,NA
1851-08-11 06:00:00,18.89,NA,NA,NA,NA,NA,1007.45,NA,NA,NA,NA,NA,8.89,NA,NA,NA,NA,NA
1851-08-11 09:00:00,18.89,NA,NA,NA,NA,NA,1008.47,NA,NA,NA,NA,NA,17.22,NA,NA,NA,NA,NA
1851-08-11 15:00:00,20,NA,NA,NA,NA,NA,1007.45,NA,NA,NA,NA,NA,21.11,NA,NA,NA,NA,NA
1851-08-11 21:00:00,18.33,NA,NA,NA,NA,NA,1009.82,NA,NA,NA,NA,NA,12.22,NA,NA,NA,NA,NA
1851-08-12,NA,NA,NA,NA,NA,NA,NA,NA,"3 am","4 am",NA,NA,NA,14.31,NA,NA,NA,NA
1851-08-12 06:00:00,18.33,NA,NA,NA,NA,NA,1010.84,NA,NA,NA,NA,NA,11.11,NA,NA,NA,NA,NA
1851-08-12 09:00:00,17.78,NA,NA,NA,NA,NA,1012.53,NA,NA,NA,NA,NA,16.67,NA,NA,NA,NA,NA
1851-08-12 15:00:00,17.78,NA,NA,NA,NA,NA,1012.53,NA,NA,NA,NA,NA,17.22,NA,NA,NA,NA,NA
1851-08-12 21:00:00,17.78,NA,NA,NA,NA,NA,1014.56,NA,NA,NA,NA,NA,12.22,NA,NA,NA,NA,NA
1851-08-13,NA,NA,NA,NA,NA,NA,NA,NA,"12 pm","12 pm",NA,0.38,NA,15.42,NA,NA,NA,NA
1851-08-13 06:00:00,17.78,NA,NA,NA,NA,NA,1014.9,NA,NA,NA,NA,NA,10,NA,NA,NA,NA,NA
1851-08-13 09:00:00,17.22,NA,NA,NA,NA,NA,1015.58,NA,NA,NA,NA,NA,17.78,NA,NA,NA,NA,NA
1851-08-13 15:00:00,18.33,NA,NA,NA,NA,NA,1012.87,NA,NA,NA,NA,NA,18.89,NA,NA,NA,NA,NA
1851-08-13 21:00:00,17.78,NA,NA,NA,NA,NA,1011.51,NA,NA,NA,NA,NA,15,NA,NA,NA,NA,NA
1851-08-14,NA,NA,NA,NA,NA,NA,NA,NA,"5 pm","11 pm",NA,0.25,NA,19.03,NA,NA,NA,NA
1851-08-14 06:00:00,18.89,NA,NA,NA,NA,NA,1006.1,NA,NA,NA,NA,NA,13.89,NA,NA,NA,NA,NA
1851-08-14 09:00:00,20,NA,NA,NA,NA,NA,1004.4,NA,NA,NA,NA,NA,22.22,NA,NA,NA,NA,NA
1851-08-14 15:00:00,21.67,NA,NA,NA,NA,NA,1001.02,NA,NA,NA,NA,NA,24.44,NA,NA,NA,NA,NA
1851-08-14 21:00:00,20,NA,NA,NA,NA,NA,1000.34,NA,NA,NA,NA,NA,15.56,NA,NA,NA,NA,NA
1851-08-15,NA,NA,NA,NA,NA,NA,NA,NA,NA,NA,NA,3.38,NA,14.44,NA,NA,NA,NA
1851-08-15 06:00:00,20,NA,NA,NA,NA,NA,1002.03,NA,NA,NA,NA,NA,8.33,NA,NA,NA,NA,NA
1851-08-15 09:00:00,19.44,NA,NA,NA,NA,NA,1002.37,NA,NA,NA,NA,NA,16.67,NA,NA,NA,NA,NA
1851-08-15 15:00:00,19.44,NA,NA,NA,NA,NA,1001.36,NA,NA,NA,NA,NA,21.11,NA,NA,NA,NA,NA
1851-08-15 21:00:00,19.44,NA,NA,NA,NA,NA,1002.03,NA,NA,NA,NA,NA,11.67,NA,NA,NA,NA,NA
1851-08-16,NA,NA,NA,NA,NA,NA,NA,NA,NA,NA,NA,NA,NA,12.92,NA,NA,NA,NA
1851-08-16 06:00:00,18.89,NA,NA,NA,NA,NA,1002.37,NA,NA,NA,NA,NA,6.67,NA,NA,NA,NA,NA
1851-08-16 09:00:00,17.22,NA,NA,NA,NA,NA,1002.71,NA,NA,NA,NA,NA,16.11,NA,NA,NA,NA,NA
1851-08-16 15:00:00,18.33,NA,NA,NA,NA,NA,1002.03,NA,NA,NA,NA,NA,18.33,NA,NA,NA,NA,NA
1851-08-16 21:00:00,18.33,NA,NA,NA,NA,NA,1002.71,NA,NA,NA,NA,NA,10.56,NA,NA,NA,NA,NA
1851-08-17,NA,NA,NA,NA,NA,NA,NA,NA,NA,NA,NA,NA,NA,14.58,NA,NA,NA,NA
1851-08-17 06:00:00,17.78,NA,NA,NA,NA,NA,1003.73,NA,NA,NA,NA,NA,9.44,NA,NA,NA,NA,NA
1851-08-17 09:00:00,17.78,NA,NA,NA,NA,NA,1005.08,NA,NA,NA,NA,NA,17.22,NA,NA,NA,NA,NA
1851-08-17 15:00:00,18.89,NA,NA,NA,NA,NA,1006.1,NA,NA,NA,NA,NA,20.56,NA,NA,NA,NA,NA
1851-08-17 21:00:00,18.33,NA,NA,NA,NA,NA,1009.14,NA,NA,NA,NA,NA,11.11,NA,NA,NA,NA,NA
1851-08-18,NA,NA,NA,NA,NA,NA,NA,NA,"6 am","12 am",NA,NA,NA,11.39,NA,NA,NA,NA
1851-08-18 06:00:00,17.78,NA,NA,NA,NA,NA,1007.45,NA,NA,NA,NA,NA,7.22,NA,NA,NA,NA,NA
1851-08-18 09:00:00,17.22,NA,NA,NA,NA,NA,1006.1,NA,NA,NA,NA,NA,13.33,NA,NA,NA,NA,NA
1851-08-18 15:00:00,17.22,NA,NA,NA,NA,NA,1006.77,NA,NA,NA,NA,NA,16.67,NA,NA,NA,NA,NA
1851-08-18 21:00:00,17.22,NA,NA,NA,NA,NA,1009.14,NA,NA,NA,NA,NA,8.33,NA,NA,NA,NA,NA
1851-08-19,NA,NA,NA,NA,NA,NA,NA,NA,"6 am","9 am",NA,1.4,NA,13.47,NA,NA,NA,NA
1851-08-19 06:00:00,17.22,NA,NA,NA,NA,NA,1009.14,NA,NA,NA,NA,NA,7.78,NA,NA,NA,NA,NA
1851-08-19 09:00:00,16.67,NA,NA,NA,NA,NA,1009.14,NA,NA,NA,NA,NA,16.67,NA,NA,NA,NA,NA
1851-08-19 15:00:00,17.22,NA,NA,NA,NA,NA,1009.14,NA,NA,NA,NA,NA,19.44,NA,NA,NA,NA,NA
1851-08-19 21:00:00,16.67,NA,NA,NA,NA,NA,1012.53,NA,NA,NA,NA,NA,10,NA,NA,NA,NA,NA
1851-08-20,NA,NA,NA,NA,NA,NA,NA,NA,NA,NA,NA,0.25,NA,12.22,NA,NA,NA,",halo,"
1851-08-20 06:00:00,16.67,NA,NA,NA,NA,NA,1017.95,NA,NA,NA,NA,NA,4.44,NA,NA,NA,NA,NA
1851-08-20 09:00:00,16.67,NA,NA,NA,NA,NA,1020.32,NA,NA,NA,NA,NA,16.67,NA,NA,NA,NA,NA
1851-08-20 15:00:00,17.22,NA,NA,NA,NA,NA,1020.32,NA,NA,NA,NA,NA,18.33,NA,NA,NA,NA,NA
1851-08-20 21:00:00,17.22,NA,NA,NA,NA,NA,1020.32,NA,NA,NA,NA,NA,9.44,NA,NA,NA,NA,NA
1851-08-21,NA,NA,NA,NA,NA,NA,NA,NA,NA,NA,NA,NA,NA,15.28,NA,NA,NA,",halo,"
1851-08-21 06:00:00,17.22,NA,NA,NA,NA,NA,1019.3,NA,NA,NA,NA,NA,8.33,NA,NA,NA,NA,NA
1851-08-21 09:00:00,17.22,NA,NA,NA,NA,NA,1019.64,NA,NA,NA,NA,NA,19.44,NA,NA,NA,NA,NA
1851-08-21 15:00:00,19.44,NA,NA,NA,NA,NA,1017.27,NA,NA,NA,NA,NA,22.78,NA,NA,NA,NA,NA
1851-08-21 21:00:00,18.89,NA,NA,NA,NA,NA,1017.95,NA,NA,NA,NA,NA,10.56,NA,NA,NA,NA,NA
1851-08-22,NA,NA,NA,NA,NA,NA,NA,NA,"10 pm",NA,NA,NA,NA,17.36,NA,NA,NA,NA
1851-08-22 06:00:00,18.33,NA,NA,NA,NA,NA,1018.29,NA,NA,NA,NA,NA,9.44,NA,NA,NA,NA,NA
1851-08-22 09:00:00,18.33,NA,NA,NA,NA,NA,1017.95,NA,NA,NA,NA,NA,20,NA,NA,NA,NA,NA
1851-08-22 15:00:00,20,NA,NA,NA,NA,NA,1015.58,NA,NA,NA,NA,NA,23.33,NA,NA,NA,NA,NA
1851-08-22 21:00:00,20,NA,NA,NA,NA,NA,1011.51,NA,NA,NA,NA,NA,16.67,NA,NA,NA,NA,NA
1851-08-23,NA,NA,NA,NA,NA,NA,NA,NA,NA,"4 am",NA,NA,NA,20.69,NA,NA,NA,NA
1851-08-23 06:00:00,20,NA,NA,NA,NA,NA,1003.73,NA,NA,NA,NA,NA,18.33,NA,NA,NA,NA,NA
1851-08-23 09:00:00,21.11,NA,NA,NA,NA,NA,1004.4,NA,NA,NA,NA,NA,22.78,NA,NA,NA,NA,NA
1851-08-23 15:00:00,22.22,NA,NA,NA,NA,NA,1002.37,NA,NA,NA,NA,NA,24.44,NA,NA,NA,NA,NA
1851-08-23 21:00:00,22.22,NA,NA,NA,NA,NA,1003.39,NA,NA,NA,NA,NA,17.22,NA,NA,NA,NA,NA
1851-08-24,NA,NA,NA,NA,NA,NA,NA,NA,NA,NA,NA,2.08,NA,17.78,NA,NA,NA,NA
1851-08-24 06:00:00,21.11,NA,NA,NA,NA,NA,1003.73,NA,NA,NA,NA,NA,12.22,NA,NA,NA,NA,NA
1851-08-24 09:00:00,20.56,NA,NA,NA,NA,NA,1004.06,NA,NA,NA,NA,NA,21.11,NA,NA,NA,NA,NA
1851-08-24 15:00:00,21.11,NA,NA,NA,NA,NA,1003.05,NA,NA,NA,NA,NA,25,NA,NA,NA,NA,NA
1851-08-24 21:00:00,21.11,NA,NA,NA,NA,NA,1006.43,NA,NA,NA,NA,NA,12.78,NA,NA,NA,NA,NA
1851-08-25,NA,NA,NA,NA,NA,NA,NA,NA,NA,NA,NA,NA,NA,18.89,NA,NA,NA,",ra,"
1851-08-25 06:00:00,20,NA,NA,NA,NA,NA,1005.76,NA,NA,NA,NA,NA,10.56,NA,NA,NA,NA,NA
1851-08-25 09:00:00,19.44,NA,NA,NA,NA,NA,1004.4,NA,NA,NA,NA,NA,21.11,NA,NA,NA,NA,NA
1851-08-25 15:00:00,21.67,NA,NA,NA,NA,NA,1001.69,NA,NA,NA,NA,NA,26.11,NA,NA,NA,NA,NA
1851-08-25 21:00:00,21.11,NA,NA,NA,NA,NA,998.65,NA,NA,NA,NA,NA,17.78,NA,NA,NA,NA,NA
1851-08-26,NA,NA,NA,NA,NA,NA,NA,NA,"1 pm",NA,NA,NA,NA,12.36,NA,NA,NA,NA
1851-08-26 06:00:00,19.44,NA,NA,NA,NA,NA,1001.69,NA,NA,NA,NA,NA,11.11,NA,NA,NA,NA,NA
1851-08-26 09:00:00,19.44,NA,NA,NA,NA,NA,1002.71,NA,NA,NA,NA,NA,16.11,NA,NA,NA,NA,NA
1851-08-26 15:00:00,16.67,NA,NA,NA,NA,NA,998.98,NA,NA,NA,NA,NA,13.89,NA,NA,NA,NA,NA
1851-08-26 21:00:00,17.22,NA,NA,NA,NA,NA,994.92,NA,NA,NA,NA,NA,8.33,NA,NA,NA,NA,NA
1851-08-27,NA,NA,NA,NA,NA,NA,NA,NA,"7 pm","9 am, 11 pm",NA,NA,NA,10.83,NA,NA,NA,",ra,"
1851-08-27 06:00:00,16.11,NA,NA,NA,NA,NA,1000.68,NA,NA,NA,NA,NA,6.67,NA,NA,NA,NA,NA
1851-08-27 09:00:00,13.89,NA,NA,NA,NA,NA,1003.05,NA,NA,NA,NA,NA,13.33,NA,NA,NA,NA,NA
1851-08-27 15:00:00,15,NA,NA,NA,NA,NA,1005.76,NA,NA,NA,NA,NA,13.89,NA,NA,NA,NA,NA
1851-08-27 21:00:00,16.11,NA,NA,NA,NA,NA,1009.14,NA,NA,NA,NA,NA,9.44,NA,NA,NA,NA,NA
1851-08-28,NA,NA,NA,NA,NA,NA,NA,NA,NA,NA,NA,NA,NA,11.53,NA,NA,NA,",halo,"
1851-08-28 06:00:00,15,NA,NA,NA,NA,NA,1010.84,NA,NA,NA,NA,NA,3.89,NA,NA,NA,NA,NA
1851-08-28 09:00:00,15,NA,NA,NA,NA,NA,1012.19,NA,NA,NA,NA,NA,12.78,NA,NA,NA,NA,NA
1851-08-28 15:00:00,16.67,NA,NA,NA,NA,NA,1012.53,NA,NA,NA,NA,NA,18.33,NA,NA,NA,NA,NA
1851-08-28 21:00:00,16.67,NA,NA,NA,NA,NA,1014.9,NA,NA,NA,NA,NA,11.11,NA,NA,NA,NA,NA
1851-08-29,NA,NA,NA,NA,NA,NA,NA,NA,NA,NA,NA,NA,NA,15.69,NA,NA,NA,NA
1851-08-29 06:00:00,16.67,NA,NA,NA,NA,NA,1016.26,NA,NA,NA,NA,NA,8.33,NA,NA,NA,NA,NA
1851-08-29 09:00:00,18.33,NA,NA,NA,NA,NA,1018.29,NA,NA,NA,NA,NA,20,NA,NA,NA,NA,NA
1851-08-29 15:00:00,21.11,NA,NA,NA,NA,NA,1017.95,NA,NA,NA,NA,NA,23.33,NA,NA,NA,NA,NA
1851-08-29 21:00:00,20,NA,NA,NA,NA,NA,1017.61,NA,NA,NA,NA,NA,13.33,NA,NA,NA,NA,NA
1851-08-30,NA,NA,NA,NA,NA,NA,NA,NA,NA,NA,NA,NA,NA,17.78,NA,NA,NA,NA
1851-08-30 06:00:00,18.89,NA,NA,NA,NA,NA,1015.92,NA,NA,NA,NA,NA,10,NA,NA,NA,NA,NA
1851-08-30 09:00:00,17.78,NA,NA,NA,NA,NA,1015.24,NA,NA,NA,NA,NA,18.89,NA,NA,NA,NA,NA
1851-08-30 15:00:00,21.11,NA,NA,NA,NA,NA,1013.21,NA,NA,NA,NA,NA,25.56,NA,NA,NA,NA,NA
1851-08-30 21:00:00,21.67,NA,NA,NA,NA,NA,1011.18,NA,NA,NA,NA,NA,16.67,NA,NA,NA,NA,NA
1851-08-31,NA,NA,NA,NA,NA,NA,NA,NA,NA,NA,NA,NA,NA,18.33,NA,NA,NA,NA
1851-08-31 06:00:00,20.56,NA,NA,NA,NA,NA,1010.5,NA,NA,NA,NA,NA,11.67,NA,NA,NA,NA,NA
1851-08-31 09:00:00,20.56,NA,NA,NA,NA,NA,1010.84,NA,NA,NA,NA,NA,20.56,NA,NA,NA,NA,NA
1851-08-31 15:00:00,20.56,NA,NA,NA,NA,NA,1010.5,NA,NA,NA,NA,NA,26.11,NA,NA,NA,NA,NA
1851-08-31 21:00:00,20.56,NA,NA,NA,NA,NA,1015.92,NA,NA,NA,NA,NA,15,NA,NA,NA,NA,NA
1851-09-01,NA,NA,NA,NA,NA,NA,NA,NA,"7 am","8 am",NA,NA,NA,11.81,NA,NA,NA,NA
1851-09-01 06:00:00,19.44,NA,NA,NA,NA,NA,1019.3,NA,NA,NA,NA,NA,8.89,NA,NA,NA,NA,NA
1851-09-01 09:00:00,19.44,NA,NA,NA,NA,NA,1021,NA,NA,NA,NA,NA,13.33,NA,NA,NA,NA,NA
1851-09-01 15:00:00,17.22,NA,NA,NA,NA,NA,1022.01,NA,NA,NA,NA,NA,14.44,NA,NA,NA,NA,NA
1851-09-01 21:00:00,17.22,NA,NA,NA,NA,NA,1023.37,NA,NA,NA,NA,NA,10.56,NA,NA,NA,NA,NA
1851-09-02,NA,NA,NA,NA,NA,NA,NA,NA,"empty","empty",NA,0.08,NA,12.92,NA,NA,NA,NA
1851-09-02 06:00:00,16.67,NA,NA,NA,NA,NA,1021.33,NA,NA,NA,NA,NA,10,NA,NA,NA,NA,NA
1851-09-02 09:00:00,15,NA,NA,NA,NA,NA,1020.66,NA,NA,NA,NA,NA,13.89,NA,NA,NA,NA,NA
1851-09-02 15:00:00,15.56,NA,NA,NA,NA,NA,1018.29,NA,NA,NA,NA,NA,17.78,NA,NA,NA,NA,NA
1851-09-02 21:00:00,15.56,NA,NA,NA,NA,NA,1017.27,NA,NA,NA,NA,NA,10,NA,NA,NA,NA,NA
1851-09-03,NA,NA,NA,NA,NA,NA,NA,NA,"empty","empty",NA,0,NA,13.19,NA,NA,NA,",fg,"
1851-09-03 06:00:00,15.56,NA,NA,NA,NA,NA,1017.27,NA,NA,NA,NA,NA,9.44,NA,NA,NA,NA,NA
1851-09-03 09:00:00,15.56,NA,NA,NA,NA,NA,1017.95,NA,NA,NA,NA,NA,14.44,NA,NA,NA,NA,NA
1851-09-03 15:00:00,15.56,NA,NA,NA,NA,NA,1016.59,NA,NA,NA,NA,NA,18.89,NA,NA,NA,NA,NA
1851-09-03 21:00:00,16.11,NA,NA,NA,NA,NA,1017.27,NA,NA,NA,NA,NA,10,NA,NA,NA,NA,NA
1851-09-04,NA,NA,NA,NA,NA,NA,NA,NA,"empty","empty",NA,0,NA,13.61,NA,NA,NA,",fg,"
1851-09-04 06:00:00,15,NA,NA,NA,NA,NA,1017.61,NA,NA,NA,NA,NA,5,NA,NA,NA,NA,NA
1851-09-04 09:00:00,15.56,NA,NA,NA,NA,NA,1018.96,NA,NA,NA,NA,NA,16.67,NA,NA,NA,NA,NA
1851-09-04 15:00:00,18.33,NA,NA,NA,NA,NA,1017.61,NA,NA,NA,NA,NA,21.67,NA,NA,NA,NA,NA
1851-09-04 21:00:00,16.67,NA,NA,NA,NA,NA,1018.96,NA,NA,NA,NA,NA,11.11,NA,NA,NA,NA,NA
1851-09-05,NA,NA,NA,NA,NA,NA,NA,NA,"empty","empty",NA,0,NA,17.64,NA,NA,NA,NA
1851-09-05 06:00:00,17.78,NA,NA,NA,NA,NA,1018.96,NA,NA,NA,NA,NA,8.89,NA,NA,NA,NA,NA
1851-09-05 09:00:00,18.89,NA,NA,NA,NA,NA,1019.64,NA,NA,NA,NA,NA,21.11,NA,NA,NA,NA,NA
1851-09-05 15:00:00,23.33,NA,NA,NA,NA,NA,1017.61,NA,NA,NA,NA,NA,25,NA,NA,NA,NA,NA
1851-09-05 21:00:00,21.11,NA,NA,NA,NA,NA,1015.92,NA,NA,NA,NA,NA,15.56,NA,NA,NA,NA,NA
1851-09-06,NA,NA,NA,NA,NA,NA,NA,NA,"empty","empty",NA,0,NA,19.17,NA,NA,NA,NA
1851-09-06 06:00:00,20,NA,NA,NA,NA,NA,1013.21,NA,NA,NA,NA,NA,12.22,NA,NA,NA,NA,NA
1851-09-06 09:00:00,19.44,NA,NA,NA,NA,NA,1011.85,NA,NA,NA,NA,NA,20,NA,NA,NA,NA,NA
1851-09-06 15:00:00,21.67,NA,NA,NA,NA,NA,1011.51,NA,NA,NA,NA,NA,26.11,NA,NA,NA,NA,NA
1851-09-06 21:00:00,21.11,NA,NA,NA,NA,NA,1011.85,NA,NA,NA,NA,NA,18.33,NA,NA,NA,NA,NA
1851-09-07,NA,NA,NA,NA,NA,NA,NA,NA,"empty","empty",NA,0,NA,21.11,NA,NA,NA,NA
1851-09-07 06:00:00,21.11,NA,NA,NA,NA,NA,1014.22,NA,NA,NA,NA,NA,16.67,NA,NA,NA,NA,NA
1851-09-07 09:00:00,21.67,NA,NA,NA,NA,NA,1016.26,NA,NA,NA,NA,NA,22.22,NA,NA,NA,NA,NA
1851-09-07 15:00:00,23.89,NA,NA,NA,NA,NA,1014.9,NA,NA,NA,NA,NA,27.22,NA,NA,NA,NA,NA
1851-09-07 21:00:00,21.67,NA,NA,NA,NA,NA,1014.9,NA,NA,NA,NA,NA,18.33,NA,NA,NA,NA,NA
1851-09-08,NA,NA,NA,NA,NA,NA,NA,NA,"empty","empty",NA,0,NA,22.64,NA,NA,NA,NA
1851-09-08 06:00:00,22.22,NA,NA,NA,NA,NA,1013.88,NA,NA,NA,NA,NA,16.11,NA,NA,NA,NA,NA
1851-09-08 09:00:00,23.33,NA,NA,NA,NA,NA,1013.88,NA,NA,NA,NA,NA,23.89,NA,NA,NA,NA,NA
1851-09-08 15:00:00,26.67,NA,NA,NA,NA,NA,1012.87,NA,NA,NA,NA,NA,30,NA,NA,NA,NA,NA
1851-09-08 21:00:00,24.44,NA,NA,NA,NA,NA,1012.53,NA,NA,NA,NA,NA,20.56,NA,NA,NA,NA,NA
1851-09-09,NA,NA,NA,NA,NA,NA,NA,NA,"empty","empty",NA,0,NA,16.39,NA,NA,NA,NA
1851-09-09 06:00:00,20,NA,NA,NA,NA,NA,1014.22,NA,NA,NA,NA,NA,13.89,NA,NA,NA,NA,NA
1851-09-09 09:00:00,20.56,NA,NA,NA,NA,NA,1016.59,NA,NA,NA,NA,NA,20.56,NA,NA,NA,NA,NA
1851-09-09 15:00:00,21.67,NA,NA,NA,NA,NA,1016.93,NA,NA,NA,NA,NA,21.11,NA,NA,NA,NA,NA
1851-09-09 21:00:00,18.33,NA,NA,NA,NA,NA,1018.96,NA,NA,NA,NA,NA,10,NA,NA,NA,NA,NA
1851-09-10,NA,NA,NA,NA,NA,NA,NA,NA,"10 pm","empty",NA,0,NA,15.83,NA,NA,NA,",sh,"
1851-09-10 06:00:00,17.78,NA,NA,NA,NA,NA,1019.98,NA,NA,NA,NA,NA,7.22,NA,NA,NA,NA,NA
1851-09-10 09:00:00,17.78,NA,NA,NA,NA,NA,1020.66,NA,NA,NA,NA,NA,17.78,NA,NA,NA,NA,NA
1851-09-10 15:00:00,18.33,NA,NA,NA,NA,NA,1017.61,NA,NA,NA,NA,NA,25,NA,NA,NA,NA,NA
1851-09-10 21:00:00,17.78,NA,NA,NA,NA,NA,1016.26,NA,NA,NA,NA,NA,13.33,NA,NA,NA,NA,NA
1851-09-11,NA,NA,NA,NA,NA,NA,NA,NA,"empty","4 am",NA,0,NA,17.5,NA,NA,NA,",fg,"
1851-09-11 06:00:00,17.78,NA,NA,NA,NA,NA,1013.55,NA,NA,NA,NA,NA,19.44,NA,NA,NA,NA,NA
1851-09-11 09:00:00,17.78,NA,NA,NA,NA,NA,1013.55,NA,NA,NA,NA,NA,16.67,NA,NA,NA,NA,NA
1851-09-11 15:00:00,20,NA,NA,NA,NA,NA,1011.85,NA,NA,NA,NA,NA,24.44,NA,NA,NA,NA,NA
1851-09-11 21:00:00,18.33,NA,NA,NA,NA,NA,1014.22,NA,NA,NA,NA,NA,15,NA,NA,NA,NA,NA
1851-09-12,NA,NA,NA,NA,NA,NA,NA,NA,"empty","empty",NA,5.89,NA,14.72,NA,NA,NA,",fg,"
1851-09-12 06:00:00,18.89,NA,NA,NA,NA,NA,1015.92,NA,NA,NA,NA,NA,7.22,NA,NA,NA,NA,NA
1851-09-12 09:00:00,18.89,NA,NA,NA,NA,NA,1017.61,NA,NA,NA,NA,NA,17.22,NA,NA,NA,NA,NA
1851-09-12 15:00:00,19.44,NA,NA,NA,NA,NA,1011.18,NA,NA,NA,NA,NA,19.44,NA,NA,NA,NA,NA
1851-09-12 21:00:00,18.89,NA,NA,NA,NA,NA,1008.81,NA,NA,NA,NA,NA,15,NA,NA,NA,NA,NA
1851-09-13,NA,NA,NA,NA,NA,NA,NA,NA,"empty","empty",NA,0,NA,16.67,NA,NA,NA,NA
1851-09-13 06:00:00,18.89,NA,NA,NA,NA,NA,1001.02,NA,NA,NA,NA,NA,15,NA,NA,NA,NA,NA
1851-09-13 09:00:00,19.44,NA,NA,NA,NA,NA,1000.68,NA,NA,NA,NA,NA,19.44,NA,NA,NA,NA,NA
1851-09-13 15:00:00,20,NA,NA,NA,NA,NA,1000.68,NA,NA,NA,NA,NA,20,NA,NA,NA,NA,NA
1851-09-13 21:00:00,17.78,NA,NA,NA,NA,NA,1005.08,NA,NA,NA,NA,NA,12.22,NA,NA,NA,NA,NA
1851-09-14,NA,NA,NA,NA,NA,NA,NA,NA,"8 pm","11 pm",NA,0,NA,8.61,NA,NA,NA,",ra,"
1851-09-14 06:00:00,17.22,NA,NA,NA,NA,NA,1007.11,NA,NA,NA,NA,NA,7.78,NA,NA,NA,NA,NA
1851-09-14 09:00:00,17.22,NA,NA,NA,NA,NA,1008.81,NA,NA,NA,NA,NA,10.56,NA,NA,NA,NA,NA
1851-09-14 15:00:00,12.78,NA,NA,NA,NA,NA,1011.85,NA,NA,NA,NA,NA,11.67,NA,NA,NA,NA,NA
1851-09-14 21:00:00,15.56,NA,NA,NA,NA,NA,1015.24,NA,NA,NA,NA,NA,4.44,NA,NA,NA,NA,NA
1851-09-15,NA,NA,NA,NA,NA,NA,NA,NA,"11 am","2 pm",NA,5.08,NA,6.25,NA,NA,NA,",sh,"
1851-09-15 06:00:00,14.44,NA,NA,NA,NA,NA,1017.61,NA,NA,NA,NA,NA,2.78,NA,NA,NA,NA,NA
1851-09-15 09:00:00,13.89,NA,NA,NA,NA,NA,1020.66,NA,NA,NA,NA,NA,8.33,NA,NA,NA,NA,NA
1851-09-15 15:00:00,12.22,NA,NA,NA,NA,NA,1020.66,NA,NA,NA,NA,NA,11.11,NA,NA,NA,NA,NA
1851-09-15 21:00:00,13.89,NA,NA,NA,NA,NA,1023.03,NA,NA,NA,NA,NA,2.78,NA,NA,NA,NA,NA
1851-09-16,NA,NA,NA,NA,NA,NA,NA,NA,"empty","empty",NA,0.05,NA,7.92,NA,NA,NA,NA
1851-09-16 06:00:00,NA,NA,NA,NA,NA,NA,1023.37,NA,NA,NA,NA,NA,-0.56,NA,NA,NA,NA,NA
1851-09-16 09:00:00,13.33,NA,NA,NA,NA,NA,1023.37,NA,NA,NA,NA,NA,11.67,NA,NA,NA,NA,NA
1851-09-16 15:00:00,14.44,NA,NA,NA,NA,NA,1022.01,NA,NA,NA,NA,NA,15,NA,NA,NA,NA,NA
1851-09-16 21:00:00,13.89,NA,NA,NA,NA,NA,1024.38,NA,NA,NA,NA,NA,5.56,NA,NA,NA,NA,NA
1851-09-17,NA,NA,NA,NA,NA,NA,NA,NA,"empty","empty",NA,0,NA,6.81,NA,NA,NA,NA
1851-09-17 06:00:00,12.22,NA,NA,NA,NA,NA,1024.38,NA,NA,NA,NA,NA,-1.67,NA,NA,NA,NA,NA
1851-09-17 09:00:00,12.78,NA,NA,NA,NA,NA,1026.75,NA,NA,NA,NA,NA,10.56,NA,NA,NA,NA,NA
1851-09-17 15:00:00,13.89,NA,NA,NA,NA,NA,1025.06,NA,NA,NA,NA,NA,15,NA,NA,NA,NA,NA
1851-09-17 21:00:00,14.44,NA,NA,NA,NA,NA,1025.06,NA,NA,NA,NA,NA,3.33,NA,NA,NA,NA,NA
1851-09-18,NA,NA,NA,NA,NA,NA,NA,NA,"empty","empty",NA,0,NA,9.03,NA,NA,NA,",hz,"
1851-09-18 06:00:00,12.22,NA,NA,NA,NA,NA,1024.04,NA,NA,NA,NA,NA,-0.56,NA,NA,NA,NA,NA
1851-09-18 09:00:00,12.78,NA,NA,NA,NA,NA,1023.37,NA,NA,NA,NA,NA,12.22,NA,NA,NA,NA,NA
1851-09-18 15:00:00,15,NA,NA,NA,NA,NA,1021,NA,NA,NA,NA,NA,17.22,NA,NA,NA,NA,NA
1851-09-18 21:00:00,15.56,NA,NA,NA,NA,NA,1019.98,NA,NA,NA,NA,NA,7.22,NA,NA,NA,NA,NA
1851-09-19,NA,NA,NA,NA,NA,NA,NA,NA,"empty","empty",NA,0,NA,11.94,NA,NA,NA,NA
1851-09-19 06:00:00,15,NA,NA,NA,NA,NA,1016.59,NA,NA,NA,NA,NA,3.33,NA,NA,NA,NA,NA
1851-09-19 09:00:00,15,NA,NA,NA,NA,NA,1016.26,NA,NA,NA,NA,NA,15,NA,NA,NA,NA,NA
1851-09-19 15:00:00,17.22,NA,NA,NA,NA,NA,1012.87,NA,NA,NA,NA,NA,18.89,NA,NA,NA,NA,NA
1851-09-19 21:00:00,16.67,NA,NA,NA,NA,NA,1011.51,NA,NA,NA,NA,NA,10.56,NA,NA,NA,NA,NA
1851-09-20,NA,NA,NA,NA,NA,NA,NA,NA,"empty","empty",NA,0,NA,14.72,NA,NA,NA,NA
1851-09-20 06:00:00,16.11,NA,NA,NA,NA,NA,1009.82,NA,NA,NA,NA,NA,6.11,NA,NA,NA,NA,NA
1851-09-20 09:00:00,16.67,NA,NA,NA,NA,NA,1009.82,NA,NA,NA,NA,NA,16.67,NA,NA,NA,NA,NA
1851-09-20 15:00:00,18.89,NA,NA,NA,NA,NA,1009.48,NA,NA,NA,NA,NA,22.22,NA,NA,NA,NA,NA
1851-09-20 21:00:00,18.89,NA,NA,NA,NA,NA,1012.19,NA,NA,NA,NA,NA,16.11,NA,NA,NA,NA,NA
1851-09-21,NA,NA,NA,NA,NA,NA,NA,NA,"2 pm","empty",NA,0,NA,13.75,NA,NA,NA,",ts,"
1851-09-21 06:00:00,18.33,NA,NA,NA,NA,NA,1010.16,NA,NA,NA,NA,NA,11.11,NA,NA,NA,NA,NA
1851-09-21 09:00:00,18.33,NA,NA,NA,NA,NA,1009.48,NA,NA,NA,NA,NA,18.33,NA,NA,NA,NA,NA
1851-09-21 15:00:00,18.89,NA,NA,NA,NA,NA,1008.47,NA,NA,NA,NA,NA,18.89,NA,NA,NA,NA,NA
1851-09-21 21:00:00,18.89,NA,NA,NA,NA,NA,1016.93,NA,NA,NA,NA,NA,6.67,NA,NA,NA,NA,NA
1851-09-22,NA,NA,NA,NA,NA,NA,NA,NA,"empty","9 am",NA,0,NA,NA,NA,NA,NA,",ra,"
1851-09-22 06:00:00,16.11,NA,NA,NA,NA,NA,1019.64,NA,NA,NA,NA,NA,NA,NA,NA,NA,NA,NA
1851-09-22 09:00:00,16.11,NA,NA,NA,NA,NA,1022.01,NA,NA,NA,NA,NA,NA,NA,NA,NA,NA,NA
1851-09-22 15:00:00,15.56,NA,NA,NA,NA,NA,1022.35,NA,NA,NA,NA,NA,NA,NA,NA,NA,NA,NA
1851-09-22 21:00:00,14.44,NA,NA,NA,NA,NA,1023.03,NA,NA,NA,NA,NA,NA,NA,NA,NA,NA,NA
1851-09-23,NA,NA,NA,NA,NA,NA,NA,NA,"empty","empty",NA,5.33,NA,5.69,NA,NA,NA,",halo,"
1851-09-23 06:00:00,12.22,NA,NA,NA,NA,NA,1021,NA,NA,NA,NA,NA,5.56,NA,NA,NA,NA,NA
1851-09-23 09:00:00,12.22,NA,NA,NA,NA,NA,1020.32,NA,NA,NA,NA,NA,6.67,NA,NA,NA,NA,NA
1851-09-23 15:00:00,13.33,NA,NA,NA,NA,NA,1016.26,NA,NA,NA,NA,NA,10,NA,NA,NA,NA,NA
1851-09-23 21:00:00,13.89,NA,NA,NA,NA,NA,1009.48,NA,NA,NA,NA,NA,0.56,NA,NA,NA,NA,NA
1851-09-24,NA,NA,NA,NA,NA,NA,NA,NA,"2 pm","4 pm",NA,0,NA,9.17,NA,NA,NA,NA
1851-09-24 06:00:00,14.44,NA,NA,NA,NA,NA,1002.37,NA,NA,NA,NA,NA,8.33,NA,NA,NA,NA,NA
1851-09-24 09:00:00,15,NA,NA,NA,NA,NA,995.94,NA,NA,NA,NA,NA,15,NA,NA,NA,NA,NA
1851-09-24 15:00:00,15,NA,NA,NA,NA,NA,997.97,NA,NA,NA,NA,NA,9.44,NA,NA,NA,NA,NA
1851-09-24 21:00:00,14.44,NA,NA,NA,NA,NA,1007.79,NA,NA,NA,NA,NA,3.89,NA,NA,NA,NA,NA
1851-09-25,NA,NA,NA,NA,NA,NA,NA,NA,"empty","empty",NA,28.96,NA,3.75,NA,NA,NA,",sn,"
1851-09-25 06:00:00,12.78,NA,NA,NA,NA,NA,1016.59,NA,NA,NA,NA,NA,-2.22,NA,NA,NA,NA,NA
1851-09-25 09:00:00,12.78,NA,NA,NA,NA,NA,1019.64,NA,NA,NA,NA,NA,7.22,NA,NA,NA,NA,NA
1851-09-25 15:00:00,13.33,NA,NA,NA,NA,NA,1019.64,NA,NA,NA,NA,NA,9.44,NA,NA,NA,NA,NA
1851-09-25 21:00:00,13.33,NA,NA,NA,NA,NA,1020.32,NA,NA,NA,NA,NA,0.56,NA,NA,NA,NA,NA
1851-09-26,NA,NA,NA,NA,NA,NA,NA,NA,"empty","empty",NA,0,NA,6.81,NA,NA,NA,NA
1851-09-26 06:00:00,11.67,NA,NA,NA,NA,NA,1019.64,NA,NA,NA,NA,NA,-3.33,NA,NA,NA,NA,NA
1851-09-26 09:00:00,11.67,NA,NA,NA,NA,NA,1019.3,NA,NA,NA,NA,NA,7.22,NA,NA,NA,NA,NA
1851-09-26 15:00:00,13.33,NA,NA,NA,NA,NA,1014.9,NA,NA,NA,NA,NA,15,NA,NA,NA,NA,NA
1851-09-26 21:00:00,13.33,NA,NA,NA,NA,NA,1013.88,NA,NA,NA,NA,NA,8.33,NA,NA,NA,NA,NA
1851-09-27,NA,NA,NA,NA,NA,NA,NA,NA,"7 pm","empty",NA,0,NA,12.78,NA,NA,NA,",sh,"
1851-09-27 06:00:00,13.33,NA,NA,NA,NA,NA,1015.24,NA,NA,NA,NA,NA,6.67,NA,NA,NA,NA,NA
1851-09-27 09:00:00,14.44,NA,NA,NA,NA,NA,1016.59,NA,NA,NA,NA,NA,13.33,NA,NA,NA,NA,NA
1851-09-27 15:00:00,15.56,NA,NA,NA,NA,NA,1016.59,NA,NA,NA,NA,NA,18.33,NA,NA,NA,NA,NA
1851-09-27 21:00:00,16.11,NA,NA,NA,NA,NA,1017.61,NA,NA,NA,NA,NA,12.78,NA,NA,NA,NA,NA
1851-09-28,NA,NA,NA,NA,NA,NA,NA,NA,"empty","6 pm",NA,0,NA,15.83,NA,NA,NA,",ra,"
1851-09-28 06:00:00,16.67,NA,NA,NA,NA,NA,1012.53,NA,NA,NA,NA,NA,11.67,NA,NA,NA,NA,NA
1851-09-28 09:00:00,17.22,NA,NA,NA,NA,NA,1011.85,NA,NA,NA,NA,NA,16.11,NA,NA,NA,NA,NA
1851-09-28 15:00:00,18.33,NA,NA,NA,NA,NA,1008.13,NA,NA,NA,NA,NA,19.44,NA,NA,NA,NA,NA
1851-09-28 21:00:00,18.33,NA,NA,NA,NA,NA,1012.19,NA,NA,NA,NA,NA,16.11,NA,NA,NA,NA,NA
1851-09-29,NA,NA,NA,NA,NA,NA,NA,NA,"7 pm","8 am",NA,13.72,NA,15.69,NA,NA,NA,NA
1851-09-29 06:00:00,17.78,NA,NA,NA,NA,NA,1015.92,NA,NA,NA,NA,NA,11.67,NA,NA,NA,NA,NA
1851-09-29 09:00:00,18.33,NA,NA,NA,NA,NA,1017.95,NA,NA,NA,NA,NA,17.22,NA,NA,NA,NA,NA
1851-09-29 15:00:00,18.89,NA,NA,NA,NA,NA,1016.59,NA,NA,NA,NA,NA,19.44,NA,NA,NA,NA,NA
1851-09-29 21:00:00,18.33,NA,NA,NA,NA,NA,1015.24,NA,NA,NA,NA,NA,14.44,NA,NA,NA,NA,NA
1851-09-30,NA,NA,NA,NA,NA,NA,NA,NA,"empty","3 pm",NA,0.84,NA,15.28,NA,NA,NA,NA
1851-09-30 06:00:00,18.33,NA,NA,NA,NA,NA,1010.5,NA,NA,NA,NA,NA,13.33,NA,NA,NA,NA,NA
1851-09-30 09:00:00,18.89,NA,NA,NA,NA,NA,1009.82,NA,NA,NA,NA,NA,16.11,NA,NA,NA,NA,NA
1851-09-30 15:00:00,19.44,NA,NA,NA,NA,NA,1005.42,NA,NA,NA,NA,NA,20,NA,NA,NA,NA,NA
1851-09-30 21:00:00,18.89,NA,NA,NA,NA,NA,1005.42,NA,NA,NA,NA,NA,11.67,NA,NA,NA,NA,NA
1851-10-01,NA,NA,NA,NA,NA,NA,NA,NA,"6 pm","10 pm",NA,31.88,NA,12.5,NA,NA,NA,NA
1851-10-01 06:00:00,17.78,NA,NA,NA,NA,NA,1005.08,NA,NA,NA,NA,NA,7.78,NA,NA,NA,NA,NA
1851-10-01 09:00:00,17.22,NA,NA,NA,NA,NA,1005.76,NA,NA,NA,NA,NA,13.89,NA,NA,NA,NA,NA
1851-10-01 15:00:00,17.22,NA,NA,NA,NA,NA,1005.08,NA,NA,NA,NA,NA,17.78,NA,NA,NA,NA,NA
1851-10-01 21:00:00,17.22,NA,NA,NA,NA,NA,1009.14,NA,NA,NA,NA,NA,10.56,NA,NA,NA,NA,NA
1851-10-02,NA,NA,NA,NA,NA,NA,NA,NA,"empty","empty",NA,1.6,NA,9.17,NA,NA,NA,NA
1851-10-02 06:00:00,16.67,NA,NA,NA,NA,NA,1016.26,NA,NA,NA,NA,NA,6.67,NA,NA,NA,NA,NA
1851-10-02 09:00:00,16.67,NA,NA,NA,NA,NA,1017.95,NA,NA,NA,NA,NA,12.78,NA,NA,NA,NA,NA
1851-10-02 15:00:00,15.56,NA,NA,NA,NA,NA,1017.27,NA,NA,NA,NA,NA,12.78,NA,NA,NA,NA,NA
1851-10-02 21:00:00,15.56,NA,NA,NA,NA,NA,1016.59,NA,NA,NA,NA,NA,4.44,NA,NA,NA,NA,NA
1851-10-03,NA,NA,NA,NA,NA,NA,NA,NA,"4 pm","empty",NA,0,NA,9.58,NA,NA,NA,NA
1851-10-03 06:00:00,14.44,NA,NA,NA,NA,NA,1014.56,NA,NA,NA,NA,NA,2.22,NA,NA,NA,NA,NA
1851-10-03 09:00:00,14.44,NA,NA,NA,NA,NA,1014.22,NA,NA,NA,NA,NA,11.11,NA,NA,NA,NA,NA
1851-10-03 15:00:00,15.56,NA,NA,NA,NA,NA,1009.82,NA,NA,NA,NA,NA,NA,NA,NA,NA,NA,NA
1851-10-03 21:00:00,14.44,NA,NA,NA,NA,NA,1002.03,NA,NA,NA,NA,NA,10.56,NA,NA,NA,NA,NA
1851-10-04,NA,NA,NA,NA,NA,NA,NA,NA,"empty","6 pm",NA,0,NA,9.72,NA,NA,NA,",ra,"
1851-10-04 06:00:00,15,NA,NA,NA,NA,NA,986.79,NA,NA,NA,NA,NA,9.44,NA,NA,NA,NA,NA
1851-10-04 09:00:00,15,NA,NA,NA,NA,NA,986.46,NA,NA,NA,NA,NA,11.67,NA,NA,NA,NA,NA
1851-10-04 15:00:00,15.56,NA,NA,NA,NA,NA,985.44,NA,NA,NA,NA,NA,11.11,NA,NA,NA,NA,NA
1851-10-04 21:00:00,15,NA,NA,NA,NA,NA,991.87,NA,NA,NA,NA,NA,6.67,NA,NA,NA,NA,NA
1851-10-05,NA,NA,NA,NA,NA,NA,NA,NA,"9 pm","11 am",NA,66.55,NA,5.69,NA,NA,NA,NA
1851-10-05 06:00:00,13.33,NA,NA,NA,NA,NA,997.29,NA,NA,NA,NA,NA,3.89,NA,NA,NA,NA,NA
1851-10-05 09:00:00,13.89,NA,NA,NA,NA,NA,998.98,NA,NA,NA,NA,NA,6.67,NA,NA,NA,NA,NA
1851-10-05 15:00:00,13.33,NA,NA,NA,NA,NA,1004.06,NA,NA,NA,NA,NA,7.22,NA,NA,NA,NA,NA
1851-10-05 21:00:00,13.33,NA,NA,NA,NA,NA,1011.51,NA,NA,NA,NA,NA,5,NA,NA,NA,NA,NA
1851-10-06,NA,NA,NA,NA,NA,NA,NA,NA,"empty","5 am",NA,20.45,NA,6.94,NA,NA,NA,NA
1851-10-06 06:00:00,13.33,NA,NA,NA,NA,NA,1012.53,NA,NA,NA,NA,NA,5,NA,NA,NA,NA,NA
1851-10-06 09:00:00,12.78,NA,NA,NA,NA,NA,1014.56,NA,NA,NA,NA,NA,8.89,NA,NA,NA,NA,NA
1851-10-06 15:00:00,13.33,NA,NA,NA,NA,NA,1012.87,NA,NA,NA,NA,NA,10,NA,NA,NA,NA,NA
1851-10-06 21:00:00,13.33,NA,NA,NA,NA,NA,1012.19,NA,NA,NA,NA,NA,3.89,NA,NA,NA,NA,NA
1851-10-07,NA,NA,NA,NA,NA,NA,NA,NA,"empty","empty",NA,0.51,NA,10,NA,NA,NA,",frst,"
1851-10-07 06:00:00,12.78,NA,NA,NA,NA,NA,1012.53,NA,NA,NA,NA,NA,2.22,NA,NA,NA,NA,NA
1851-10-07 09:00:00,13.33,NA,NA,NA,NA,NA,1013.21,NA,NA,NA,NA,NA,12.22,NA,NA,NA,NA,NA
1851-10-07 15:00:00,15.56,NA,NA,NA,NA,NA,1012.19,NA,NA,NA,NA,NA,17.22,NA,NA,NA,NA,NA
1851-10-07 21:00:00,15,NA,NA,NA,NA,NA,1012.53,NA,NA,NA,NA,NA,8.33,NA,NA,NA,NA,NA
1851-10-08,NA,NA,NA,NA,NA,NA,NA,NA,"empty","empty",NA,0,NA,10.83,NA,NA,NA,NA
1851-10-08 06:00:00,15.56,NA,NA,NA,NA,NA,1012.53,NA,NA,NA,NA,NA,6.67,NA,NA,NA,NA,NA
1851-10-08 09:00:00,15.56,NA,NA,NA,NA,NA,1013.55,NA,NA,NA,NA,NA,15,NA,NA,NA,NA,NA
1851-10-08 15:00:00,16.11,NA,NA,NA,NA,NA,1014.9,NA,NA,NA,NA,NA,15.56,NA,NA,NA,NA,NA
1851-10-08 21:00:00,15.56,NA,NA,NA,NA,NA,1020.66,NA,NA,NA,NA,NA,6.11,NA,NA,NA,NA,NA
1851-10-09,NA,NA,NA,NA,NA,NA,NA,NA,"empty","empty",NA,0,NA,8.89,NA,NA,NA,",frst,"
1851-10-09 06:00:00,14.44,NA,NA,NA,NA,NA,1024.38,NA,NA,NA,NA,NA,1.11,NA,NA,NA,NA,NA
1851-10-09 09:00:00,15,NA,NA,NA,NA,NA,1026.08,NA,NA,NA,NA,NA,10.56,NA,NA,NA,NA,NA
1851-10-09 15:00:00,16.11,NA,NA,NA,NA,NA,1024.38,NA,NA,NA,NA,NA,15.56,NA,NA,NA,NA,NA
1851-10-09 21:00:00,16.67,NA,NA,NA,NA,NA,1022.35,NA,NA,NA,NA,NA,8.33,NA,NA,NA,NA,NA
1851-10-10,NA,NA,NA,NA,NA,NA,NA,NA,"empty","empty",NA,0,NA,13.89,NA,NA,NA,NA
1851-10-10 06:00:00,16.11,NA,NA,NA,NA,NA,1018.96,NA,NA,NA,NA,NA,7.78,NA,NA,NA,NA,NA
1851-10-10 09:00:00,16.11,NA,NA,NA,NA,NA,1017.95,NA,NA,NA,NA,NA,14.44,NA,NA,NA,NA,NA
1851-10-10 15:00:00,17.78,NA,NA,NA,NA,NA,1016.59,NA,NA,NA,NA,NA,19.44,NA,NA,NA,NA,NA
1851-10-10 21:00:00,18.33,NA,NA,NA,NA,NA,1016.26,NA,NA,NA,NA,NA,13.89,NA,NA,NA,NA,NA
1851-10-11,NA,NA,NA,NA,NA,NA,NA,NA,"empty","empty",NA,0,NA,14.17,NA,NA,NA,",halo,"
1851-10-11 06:00:00,17.22,NA,NA,NA,NA,NA,1015.92,NA,NA,NA,NA,NA,10,NA,NA,NA,NA,NA
1851-10-11 09:00:00,17.78,NA,NA,NA,NA,NA,1016.93,NA,NA,NA,NA,NA,16.11,NA,NA,NA,NA,NA
1851-10-11 15:00:00,19.44,NA,NA,NA,NA,NA,1015.92,NA,NA,NA,NA,NA,20,NA,NA,NA,NA,NA
1851-10-11 21:00:00,19.44,NA,NA,NA,NA,NA,1017.27,NA,NA,NA,NA,NA,10.56,NA,NA,NA,NA,NA
1851-10-12,NA,NA,NA,NA,NA,NA,NA,NA,NA,NA,NA,0,NA,NA,NA,NA,NA,NA
1851-10-12 06:00:00,18.33,NA,NA,NA,NA,NA,1017.61,NA,NA,NA,NA,NA,NA,NA,NA,NA,NA,NA
1851-10-12 09:00:00,18.33,NA,NA,NA,NA,NA,1018.63,NA,NA,NA,NA,NA,NA,NA,NA,NA,NA,NA
1851-10-12 15:00:00,20,NA,NA,NA,NA,NA,1017.27,NA,NA,NA,NA,NA,NA,NA,NA,NA,NA,NA
1851-10-12 21:00:00,18.89,NA,NA,NA,NA,NA,1016.59,NA,NA,NA,NA,NA,NA,NA,NA,NA,NA,NA
1851-10-13,NA,NA,NA,NA,NA,NA,NA,NA,"6 pm","9 am",NA,NA,NA,19.31,NA,NA,NA,NA
1851-10-13 06:00:00,19.44,NA,NA,NA,NA,NA,1014.9,NA,NA,NA,NA,NA,15.56,NA,NA,NA,NA,NA
1851-10-13 09:00:00,19.44,NA,NA,NA,NA,NA,1014.56,NA,NA,NA,NA,NA,18.89,NA,NA,NA,NA,NA
1851-10-13 15:00:00,21.67,NA,NA,NA,NA,NA,1011.18,NA,NA,NA,NA,NA,23.89,NA,NA,NA,NA,NA
1851-10-13 21:00:00,21.67,NA,NA,NA,NA,NA,1006.1,NA,NA,NA,NA,NA,18.89,NA,NA,NA,NA,NA
1851-10-14,NA,NA,NA,NA,NA,NA,NA,NA,"empty","6 am",NA,7.54,NA,16.94,NA,NA,NA,NA
1851-10-14 06:00:00,21.11,NA,NA,NA,NA,NA,1002.37,NA,NA,NA,NA,NA,17.22,NA,NA,NA,NA,NA
1851-10-14 09:00:00,21.67,NA,NA,NA,NA,NA,1005.08,NA,NA,NA,NA,NA,20,NA,NA,NA,NA,NA
1851-10-14 15:00:00,20,NA,NA,NA,NA,NA,1005.08,NA,NA,NA,NA,NA,18.89,NA,NA,NA,NA,NA
1851-10-14 21:00:00,20,NA,NA,NA,NA,NA,1005.76,NA,NA,NA,NA,NA,11.67,NA,NA,NA,NA,NA
1851-10-15,NA,NA,NA,NA,NA,NA,NA,NA,"5 pm","empty",NA,4.06,NA,11.53,NA,NA,NA,",ra,"
1851-10-15 06:00:00,19.44,NA,NA,NA,NA,NA,1003.39,NA,NA,NA,NA,NA,7.22,NA,NA,NA,NA,NA
1851-10-15 09:00:00,18.33,NA,NA,NA,NA,NA,1004.74,NA,NA,NA,NA,NA,14.44,NA,NA,NA,NA,NA
1851-10-15 15:00:00,17.22,NA,NA,NA,NA,NA,1003.39,NA,NA,NA,NA,NA,16.67,NA,NA,NA,NA,NA
1851-10-15 21:00:00,17.78,NA,NA,NA,NA,NA,1006.77,NA,NA,NA,NA,NA,7.78,NA,NA,NA,NA,NA
1851-10-16,NA,NA,NA,NA,NA,NA,NA,NA,"empty","4 am",NA,0,NA,5,NA,NA,NA,NA
1851-10-16 06:00:00,15.56,NA,NA,NA,NA,NA,1011.18,NA,NA,NA,NA,NA,3.33,NA,NA,NA,NA,NA
1851-10-16 09:00:00,16.11,NA,NA,NA,NA,NA,1013.55,NA,NA,NA,NA,NA,6.67,NA,NA,NA,NA,NA
1851-10-16 15:00:00,16.11,NA,NA,NA,NA,NA,1014.22,NA,NA,NA,NA,NA,8.89,NA,NA,NA,NA,NA
1851-10-16 21:00:00,15.56,NA,NA,NA,NA,NA,1017.27,NA,NA,NA,NA,NA,1.11,NA,NA,NA,NA,NA
1851-10-17,NA,NA,NA,NA,NA,NA,NA,NA,"empty","empty",NA,2.97,NA,2.5,NA,NA,NA,NA
1851-10-17 06:00:00,12.78,NA,NA,NA,NA,NA,1019.3,NA,NA,NA,NA,NA,-2.78,NA,NA,NA,NA,NA
1851-10-17 09:00:00,12.78,NA,NA,NA,NA,NA,1021,NA,NA,NA,NA,NA,4.44,NA,NA,NA,NA,NA
1851-10-17 15:00:00,11.67,NA,NA,NA,NA,NA,1019.98,NA,NA,NA,NA,NA,8.33,NA,NA,NA,NA,NA
1851-10-17 21:00:00,11.67,NA,NA,NA,NA,NA,1020.32,NA,NA,NA,NA,NA,0,NA,NA,NA,NA,NA
1851-10-18,NA,NA,NA,NA,NA,NA,NA,NA,"empty","empty",NA,0,NA,3.33,NA,NA,NA,NA
1851-10-18 06:00:00,10.56,NA,NA,NA,NA,NA,1021,NA,NA,NA,NA,NA,-3.89,NA,NA,NA,NA,NA
1851-10-18 09:00:00,11.11,NA,NA,NA,NA,NA,1023.03,NA,NA,NA,NA,NA,4.44,NA,NA,NA,NA,NA
1851-10-18 15:00:00,11.67,NA,NA,NA,NA,NA,1022.01,NA,NA,NA,NA,NA,10.56,NA,NA,NA,NA,NA
1851-10-18 21:00:00,11.67,NA,NA,NA,NA,NA,1022.35,NA,NA,NA,NA,NA,2.22,NA,NA,NA,NA,NA
1851-10-19,NA,NA,NA,NA,NA,NA,NA,NA,"12 am","9 pm",NA,0,NA,6.67,NA,NA,NA,NA
1851-10-19 06:00:00,11.11,NA,NA,NA,NA,NA,1019.3,NA,NA,NA,NA,NA,-0.56,NA,NA,NA,NA,NA
1851-10-19 09:00:00,11.11,NA,NA,NA,NA,NA,1016.26,NA,NA,NA,NA,NA,3.33,NA,NA,NA,NA,NA
1851-10-19 15:00:00,12.22,NA,NA,NA,NA,NA,1002.71,NA,NA,NA,NA,NA,10.56,NA,NA,NA,NA,NA
1851-10-19 21:00:00,12.78,NA,NA,NA,NA,NA,991.2,NA,NA,NA,NA,NA,13.33,NA,NA,NA,NA,NA
1851-10-20,NA,NA,NA,NA,NA,NA,NA,NA,"empty","empty",NA,9.65,NA,10.56,NA,NA,NA,NA
1851-10-20 06:00:00,12.22,NA,NA,NA,NA,NA,988.83,NA,NA,NA,NA,NA,9.44,NA,NA,NA,NA,NA
1851-10-20 09:00:00,14.44,NA,NA,NA,NA,NA,989.5,NA,NA,NA,NA,NA,11.67,NA,NA,NA,NA,NA
1851-10-20 15:00:00,14.44,NA,NA,NA,NA,NA,992.89,NA,NA,NA,NA,NA,12.78,NA,NA,NA,NA,NA
1851-10-20 21:00:00,14.44,NA,NA,NA,NA,NA,1000.34,NA,NA,NA,NA,NA,8.33,NA,NA,NA,NA,NA
1851-10-21,NA,NA,NA,NA,NA,NA,NA,NA,"1 am","2 am",NA,0,NA,7.36,NA,NA,NA,NA
1851-10-21 06:00:00,13.33,NA,NA,NA,NA,NA,1010.5,NA,NA,NA,NA,NA,4.44,NA,NA,NA,NA,NA
1851-10-21 09:00:00,13.89,NA,NA,NA,NA,NA,1012.53,NA,NA,NA,NA,NA,10,NA,NA,NA,NA,NA
1851-10-21 15:00:00,13.33,NA,NA,NA,NA,NA,1014.56,NA,NA,NA,NA,NA,10.56,NA,NA,NA,NA,NA
1851-10-21 21:00:00,13.33,NA,NA,NA,NA,NA,1016.26,NA,NA,NA,NA,NA,4.44,NA,NA,NA,NA,NA
1851-10-22,NA,NA,NA,NA,NA,NA,NA,NA,"2 pm","empty",NA,0.51,NA,9.44,NA,NA,NA,NA
1851-10-22 06:00:00,12.78,NA,NA,NA,NA,NA,1014.22,NA,NA,NA,NA,NA,1.67,NA,NA,NA,NA,NA
1851-10-22 09:00:00,13.33,NA,NA,NA,NA,NA,1013.21,NA,NA,NA,NA,NA,11.11,NA,NA,NA,NA,NA
1851-10-22 15:00:00,13.33,NA,NA,NA,NA,NA,1010.16,NA,NA,NA,NA,NA,13.33,NA,NA,NA,NA,NA
1851-10-22 21:00:00,15,NA,NA,NA,NA,NA,1007.79,NA,NA,NA,NA,NA,11.67,NA,NA,NA,NA,NA
1851-10-23,NA,NA,NA,NA,NA,NA,NA,NA,"empty","9 am | 6 pm",NA,0,NA,6.94,NA,NA,NA,",sh,"
1851-10-23 06:00:00,14.44,NA,NA,NA,NA,NA,1002.71,NA,NA,NA,NA,NA,6.67,NA,NA,NA,NA,NA
1851-10-23 09:00:00,13.89,NA,NA,NA,NA,NA,1002.37,NA,NA,NA,NA,NA,8.89,NA,NA,NA,NA,NA
1851-10-23 15:00:00,13.89,NA,NA,NA,NA,NA,1002.03,NA,NA,NA,NA,NA,10.56,NA,NA,NA,NA,NA
1851-10-23 21:00:00,13.89,NA,NA,NA,NA,NA,1003.73,NA,NA,NA,NA,NA,1.67,NA,NA,NA,NA,NA
1851-10-24,NA,NA,NA,NA,NA,NA,NA,NA,"empty","empty",NA,NA,NA,2.64,NA,NA,NA,NA
1851-10-24 06:00:00,12.22,NA,NA,NA,NA,NA,1005.76,NA,NA,NA,NA,NA,-2.22,NA,NA,NA,NA,NA
1851-10-24 09:00:00,12.22,NA,NA,NA,NA,NA,1005.76,NA,NA,NA,NA,NA,3.33,NA,NA,NA,NA,NA
1851-10-24 15:00:00,12.78,NA,NA,NA,NA,NA,1006.1,NA,NA,NA,NA,NA,5.56,NA,NA,NA,NA,NA
1851-10-24 21:00:00,12.22,NA,NA,NA,NA,NA,1005.08,NA,NA,NA,NA,NA,3.89,NA,NA,NA,NA,NA
1851-10-25,NA,NA,NA,NA,NA,NA,NA,NA,"empty","empty",NA,0,NA,6.53,NA,NA,NA,NA
1851-10-25 06:00:00,11.11,NA,NA,NA,NA,NA,1005.76,NA,NA,NA,NA,NA,-1.11,NA,NA,NA,NA,NA
1851-10-25 09:00:00,11.11,NA,NA,NA,NA,NA,1006.43,NA,NA,NA,NA,NA,4.44,NA,NA,NA,NA,NA
1851-10-25 15:00:00,12.78,NA,NA,NA,NA,NA,1003.39,NA,NA,NA,NA,NA,12.22,NA,NA,NA,NA,NA
1851-10-25 21:00:00,14.44,NA,NA,NA,NA,NA,1004.4,NA,NA,NA,NA,NA,10.56,NA,NA,NA,NA,NA
1851-10-26,NA,NA,NA,NA,NA,NA,NA,NA,"7 pm","6 am",NA,0,NA,16.11,NA,NA,NA,NA
1851-10-26 06:00:00,13.33,NA,NA,NA,NA,NA,1002.03,NA,NA,NA,NA,NA,13.33,NA,NA,NA,NA,NA
1851-10-26 09:00:00,15,NA,NA,NA,NA,NA,1002.37,NA,NA,NA,NA,NA,15,NA,NA,NA,NA,NA
1851-10-26 15:00:00,17.78,NA,NA,NA,NA,NA,1002.37,NA,NA,NA,NA,NA,19.44,NA,NA,NA,NA,NA
1851-10-26 21:00:00,17.78,NA,NA,NA,NA,NA,1002.03,NA,NA,NA,NA,NA,15.56,NA,NA,NA,NA,NA
1851-10-27,NA,NA,NA,NA,NA,NA,NA,NA,"empty","4 pm",NA,0.05,NA,15.28,NA,NA,NA,NA
1851-10-27 06:00:00,18.33,NA,NA,NA,NA,NA,993.91,NA,NA,NA,NA,NA,17.78,NA,NA,NA,NA,NA
1851-10-27 09:00:00,18.89,NA,NA,NA,NA,NA,988.83,NA,NA,NA,NA,NA,17.78,NA,NA,NA,NA,NA
1851-10-27 15:00:00,20,NA,NA,NA,NA,NA,1015.24,NA,NA,NA,NA,NA,18.33,NA,NA,NA,NA,NA
1851-10-27 21:00:00,18.89,NA,NA,NA,NA,NA,987.47,NA,NA,NA,NA,NA,7.22,NA,NA,NA,NA,NA
1851-10-28,NA,NA,NA,NA,NA,NA,NA,NA,"empty","empty",NA,40.64,NA,1.11,NA,NA,NA,NA
1851-10-28 06:00:00,14.44,NA,NA,NA,NA,NA,1011.85,NA,NA,NA,NA,NA,-1.11,NA,NA,NA,NA,NA
1851-10-28 09:00:00,11.11,NA,NA,NA,NA,NA,1013.88,NA,NA,NA,NA,NA,3.89,NA,NA,NA,NA,NA
1851-10-28 15:00:00,10.56,NA,NA,NA,NA,NA,1017.27,NA,NA,NA,NA,NA,4.44,NA,NA,NA,NA,NA
1851-10-28 21:00:00,12.78,NA,NA,NA,NA,NA,1025.4,NA,NA,NA,NA,NA,-2.78,NA,NA,NA,NA,NA
1851-10-29,NA,NA,NA,NA,NA,NA,NA,NA,"11 am","3 pm",NA,0,NA,3.75,NA,NA,NA,NA
1851-10-29 06:00:00,10,NA,NA,NA,NA,NA,1028.45,NA,NA,NA,NA,NA,-4.44,NA,NA,NA,NA,NA
1851-10-29 09:00:00,10,NA,NA,NA,NA,NA,1029.8,NA,NA,NA,NA,NA,4.44,NA,NA,NA,NA,NA
1851-10-29 15:00:00,10.56,NA,NA,NA,NA,NA,1029.46,NA,NA,NA,NA,NA,7.78,NA,NA,NA,NA,NA
1851-10-29 21:00:00,11.67,NA,NA,NA,NA,NA,1029.12,NA,NA,NA,NA,NA,7.22,NA,NA,NA,NA,NA
1851-10-30,NA,NA,NA,NA,NA,NA,NA,NA,"empty","empty",NA,1.19,NA,9.17,NA,NA,NA,NA
1851-10-30 06:00:00,11.11,NA,NA,NA,NA,NA,1027.43,NA,NA,NA,NA,NA,6.11,NA,NA,NA,NA,NA
1851-10-30 09:00:00,11.11,NA,NA,NA,NA,NA,1026.75,NA,NA,NA,NA,NA,10,NA,NA,NA,NA,NA
1851-10-30 15:00:00,14.44,NA,NA,NA,NA,NA,1024.72,NA,NA,NA,NA,NA,13.89,NA,NA,NA,NA,NA
1851-10-30 21:00:00,13.89,NA,NA,NA,NA,NA,1021,NA,NA,NA,NA,NA,6.67,NA,NA,NA,NA,NA
1851-10-31,NA,NA,NA,NA,NA,NA,NA,NA,"4 pm","12 pm",NA,0,NA,10.69,NA,NA,NA,NA
1851-10-31 06:00:00,13.89,NA,NA,NA,NA,NA,1012.53,NA,NA,NA,NA,NA,5.56,NA,NA,NA,NA,NA
1851-10-31 09:00:00,12.78,NA,NA,NA,NA,NA,1011.18,NA,NA,NA,NA,NA,11.11,NA,NA,NA,NA,NA
1851-10-31 15:00:00,14.44,NA,NA,NA,NA,NA,1004.06,NA,NA,NA,NA,NA,12.78,NA,NA,NA,NA,NA
1851-10-31 21:00:00,16.11,NA,NA,NA,NA,NA,996.28,NA,NA,NA,NA,NA,13.33,NA,NA,NA,NA,NA
1851-11-01,NA,NA,NA,NA,NA,NA,NA,NA,NA,NA,NA,5.89,NA,NA,NA,NA,NA,NA
1851-12-01,NA,NA,NA,NA,NA,NA,NA,NA,NA,NA,NA,NA,NA,-1.94,NA,NA,NA,",sn,"
1851-12-01 06:00:00,15,NA,NA,NA,NA,NA,974.94,NA,NA,NA,NA,NA,-3.89,NA,NA,NA,NA,NA
1851-12-01 09:00:00,16.67,NA,NA,NA,NA,NA,974.26,NA,NA,NA,NA,NA,-1.67,NA,NA,NA,NA,NA
1851-12-01 15:00:00,17.22,NA,NA,NA,NA,NA,974.26,NA,NA,NA,NA,NA,-0.56,NA,NA,NA,NA,NA
1851-12-01 21:00:00,18.33,NA,NA,NA,NA,NA,975.62,NA,NA,NA,NA,NA,-1.67,NA,NA,NA,NA,NA
1851-12-02,NA,NA,NA,NA,NA,NA,NA,NA,"empty","10am",NA,NA,NA,-0.83,NA,NA,NA,",sn,"
1851-12-02 06:00:00,13.89,NA,NA,NA,NA,NA,981.38,NA,NA,NA,NA,NA,-2.22,NA,NA,NA,NA,NA
1851-12-02 09:00:00,15,NA,NA,NA,NA,NA,983.41,NA,NA,NA,NA,NA,-0.56,NA,NA,NA,NA,NA
1851-12-02 15:00:00,16.67,NA,NA,NA,NA,NA,983.75,NA,NA,NA,NA,NA,1.11,NA,NA,NA,NA,NA
1851-12-02 21:00:00,18.89,NA,NA,NA,NA,NA,987.13,NA,NA,NA,NA,NA,-1.67,NA,NA,NA,NA,NA
1851-12-03,NA,NA,NA,NA,NA,NA,NA,NA,"10pm","empty",NA,12.29,NA,0,NA,NA,NA,NA
1851-12-03 06:00:00,15.56,NA,NA,NA,NA,NA,989.84,NA,NA,NA,NA,NA,-3.33,NA,NA,NA,NA,NA
1851-12-03 09:00:00,17.22,NA,NA,NA,NA,NA,991.87,NA,NA,NA,NA,NA,-0.56,NA,NA,NA,NA,NA
1851-12-03 15:00:00,16.67,NA,NA,NA,NA,NA,1009.48,NA,NA,NA,NA,NA,4.44,NA,NA,NA,NA,NA
1851-12-03 21:00:00,17.22,NA,NA,NA,NA,NA,995.94,NA,NA,NA,NA,NA,-0.56,NA,NA,NA,NA,NA
1851-12-04,NA,NA,NA,NA,NA,NA,NA,NA,"empty","10am",NA,0,NA,-0.56,NA,NA,NA,",sn,"
1851-12-04 06:00:00,14.44,NA,NA,NA,NA,NA,995.6,NA,NA,NA,NA,NA,-1.67,NA,NA,NA,NA,NA
1851-12-04 09:00:00,16.11,NA,NA,NA,NA,NA,995.94,NA,NA,NA,NA,NA,1.11,NA,NA,NA,NA,NA
1851-12-04 15:00:00,17.78,NA,NA,NA,NA,NA,997.63,NA,NA,NA,NA,NA,0,NA,NA,NA,NA,NA
1851-12-04 21:00:00,18.33,NA,NA,NA,NA,NA,1003.05,NA,NA,NA,NA,NA,-1.67,NA,NA,NA,NA,NA
1851-12-05,NA,NA,NA,NA,NA,NA,NA,NA,"1am","9am",NA,0.13,NA,-0.97,NA,NA,NA,",sn,"
1851-12-05 06:00:00,16.11,NA,NA,NA,NA,NA,1007.79,NA,NA,NA,NA,NA,-3.33,NA,NA,NA,NA,NA
1851-12-05 09:00:00,17.78,NA,NA,NA,NA,NA,1010.16,NA,NA,NA,NA,NA,0,NA,NA,NA,NA,NA
1851-12-05 15:00:00,20.56,NA,NA,NA,NA,NA,1011.18,NA,NA,NA,NA,NA,1.67,NA,NA,NA,NA,NA
1851-12-05 21:00:00,18.33,NA,NA,NA,NA,NA,1014.9,NA,NA,NA,NA,NA,-2.22,NA,NA,NA,NA,NA
1851-12-06,NA,NA,NA,NA,NA,NA,NA,NA,"1pm","3pm",NA,0.51,NA,-3.33,NA,NA,NA,",sn,"
1851-12-06 06:00:00,13.89,NA,NA,NA,NA,NA,1017.27,NA,NA,NA,NA,NA,-4.44,NA,NA,NA,NA,NA
1851-12-06 09:00:00,15.56,NA,NA,NA,NA,NA,1018.96,NA,NA,NA,NA,NA,-1.67,NA,NA,NA,NA,NA
1851-12-06 15:00:00,16.67,NA,NA,NA,NA,NA,1018.96,NA,NA,NA,NA,NA,-2.22,NA,NA,NA,NA,NA
1851-12-06 21:00:00,15.56,NA,NA,NA,NA,NA,1020.66,NA,NA,NA,NA,NA,-5,NA,NA,NA,NA,NA
1851-12-07,NA,NA,NA,NA,NA,NA,NA,NA,"am","3pm",NA,0.64,NA,-6.94,NA,NA,NA,",sn,"
1851-12-07 06:00:00,12.22,NA,NA,NA,NA,NA,1021.67,NA,NA,NA,NA,NA,-10,NA,NA,NA,NA,NA
1851-12-07 09:00:00,13.89,NA,NA,NA,NA,NA,1022.35,NA,NA,NA,NA,NA,-6.67,NA,NA,NA,NA,NA
1851-12-07 15:00:00,14.44,NA,NA,NA,NA,NA,1021.67,NA,NA,NA,NA,NA,-2.78,NA,NA,NA,NA,NA
1851-12-07 21:00:00,12.78,NA,NA,NA,NA,NA,1021.33,NA,NA,NA,NA,NA,-8.33,NA,NA,NA,NA,NA
1851-12-08,NA,NA,NA,NA,NA,NA,NA,NA,"1pm",NA,NA,1.22,NA,-7.36,NA,NA,NA,",sn,"
1851-12-08 06:00:00,11.67,NA,NA,NA,NA,NA,1020.32,NA,NA,NA,NA,NA,-17.78,NA,NA,NA,NA,NA
1851-12-08 09:00:00,12.78,NA,NA,NA,NA,NA,1015.92,NA,NA,NA,NA,NA,-11.11,NA,NA,NA,NA,NA
1851-12-08 15:00:00,13.89,NA,NA,NA,NA,NA,1006.43,NA,NA,NA,NA,NA,-1.67,NA,NA,NA,NA,NA
1851-12-08 21:00:00,16.67,NA,NA,NA,NA,NA,985.78,NA,NA,NA,NA,NA,1.11,NA,NA,NA,NA,NA
1851-12-09,NA,NA,NA,NA,NA,NA,NA,NA,"empty","3am",NA,NA,NA,-4.03,NA,NA,NA,NA
1851-12-09 06:00:00,13.89,NA,NA,NA,NA,NA,982.39,NA,NA,NA,NA,NA,0,NA,NA,NA,NA,NA
1851-12-09 09:00:00,16.11,NA,NA,NA,NA,NA,986.46,NA,NA,NA,NA,NA,-1.67,NA,NA,NA,NA,NA
1851-12-09 15:00:00,16.67,NA,NA,NA,NA,NA,986.12,NA,NA,NA,NA,NA,-5,NA,NA,NA,NA,NA
1851-12-09 21:00:00,15.56,NA,NA,NA,NA,NA,991.2,NA,NA,NA,NA,NA,-9.44,NA,NA,NA,NA,NA
1851-12-10,NA,NA,NA,NA,NA,NA,NA,NA,NA,NA,NA,3.94,NA,-10,NA,NA,NA,NA
1851-12-10 06:00:00,10,NA,NA,NA,NA,NA,994.92,NA,NA,NA,NA,NA,-13.33,NA,NA,NA,NA,NA
1851-12-10 09:00:00,11.11,NA,NA,NA,NA,NA,996.95,NA,NA,NA,NA,NA,-12.22,NA,NA,NA,NA,NA
1851-12-10 15:00:00,12.22,NA,NA,NA,NA,NA,992.89,NA,NA,NA,NA,NA,-8.33,NA,NA,NA,NA,NA
1851-12-10 21:00:00,13.33,NA,NA,NA,NA,NA,1009.14,NA,NA,NA,NA,NA,-6.11,NA,NA,NA,NA,NA
1851-12-11,NA,NA,NA,NA,NA,NA,NA,NA,"3am","9am",NA,NA,NA,-10.28,NA,NA,NA,",sn,"
1851-12-11 06:00:00,10,NA,NA,NA,NA,NA,981.38,NA,NA,NA,NA,NA,-8.33,NA,NA,NA,NA,NA
1851-12-11 09:00:00,12.22,NA,NA,NA,NA,NA,983.41,NA,NA,NA,NA,NA,-8.33,NA,NA,NA,NA,NA
1851-12-11 15:00:00,12.78,NA,NA,NA,NA,NA,985.1,NA,NA,NA,NA,NA,-9.44,NA,NA,NA,NA,NA
1851-12-11 21:00:00,12.78,NA,NA,NA,NA,NA,991.53,NA,NA,NA,NA,NA,-15,NA,NA,NA,NA,NA
1851-12-12,NA,NA,NA,NA,NA,NA,NA,NA,NA,NA,NA,2.79,NA,-10,NA,NA,NA,NA
1851-12-12 06:00:00,6.67,NA,NA,NA,NA,NA,1000,NA,NA,NA,NA,NA,-16.11,NA,NA,NA,NA,NA
1851-12-12 09:00:00,10.56,NA,NA,NA,NA,NA,1002.37,NA,NA,NA,NA,NA,-10.56,NA,NA,NA,NA,NA
1851-12-12 15:00:00,12.78,NA,NA,NA,NA,NA,1005.42,NA,NA,NA,NA,NA,-4.44,NA,NA,NA,NA,NA
1851-12-12 21:00:00,12.22,NA,NA,NA,NA,NA,1008.81,NA,NA,NA,NA,NA,-8.89,NA,NA,NA,NA,NA
1851-12-13,NA,NA,NA,NA,NA,NA,NA,NA,"9am","12pm",NA,NA,NA,-0.56,NA,NA,NA,",sn,"
1851-12-13 06:00:00,12.22,NA,NA,NA,NA,NA,1000,NA,NA,NA,NA,NA,-2.78,NA,NA,NA,NA,NA
1851-12-13 09:00:00,13.89,NA,NA,NA,NA,NA,1002.37,NA,NA,NA,NA,NA,-2.22,NA,NA,NA,NA,NA
1851-12-13 15:00:00,12.78,NA,NA,NA,NA,NA,992.21,NA,NA,NA,NA,NA,3.33,NA,NA,NA,NA,NA
1851-12-13 21:00:00,15.56,NA,NA,NA,NA,NA,988.49,NA,NA,NA,NA,NA,-0.56,NA,NA,NA,NA,NA
1851-12-14,NA,NA,NA,NA,NA,NA,NA,NA,NA,NA,NA,3.68,NA,-13.19,NA,NA,NA,NA
1851-12-14 06:00:00,10,NA,NA,NA,NA,NA,995.26,NA,NA,NA,NA,NA,-13.33,NA,NA,NA,NA,NA
1851-12-14 09:00:00,12.78,NA,NA,NA,NA,NA,998.31,NA,NA,NA,NA,NA,-12.22,NA,NA,NA,NA,NA
1851-12-14 15:00:00,13.33,NA,NA,NA,NA,NA,1001.02,NA,NA,NA,NA,NA,-11.67,NA,NA,NA,NA,NA
1851-12-14 21:00:00,11.67,NA,NA,NA,NA,NA,1010.5,NA,NA,NA,NA,NA,-15.56,NA,NA,NA,NA,NA
1851-12-15,NA,NA,NA,NA,NA,NA,NA,NA,NA,NA,NA,NA,NA,-11.53,NA,NA,NA,NA
1851-12-15 06:00:00,6.11,NA,NA,NA,NA,NA,1014.22,NA,NA,NA,NA,NA,-16.67,NA,NA,NA,NA,NA
1851-12-15 09:00:00,8.33,NA,NA,NA,NA,NA,1016.59,NA,NA,NA,NA,NA,-13.89,NA,NA,NA,NA,NA
1851-12-15 15:00:00,12.22,NA,NA,NA,NA,NA,1013.55,NA,NA,NA,NA,NA,-6.67,NA,NA,NA,NA,NA
1851-12-15 21:00:00,16.11,NA,NA,NA,NA,NA,1009.48,NA,NA,NA,NA,NA,-8.89,NA,NA,NA,NA,NA
1851-12-16,NA,NA,NA,NA,NA,NA,NA,NA,"9am","12am",NA,NA,NA,2.08,NA,NA,NA,",ra,"
1851-12-16 06:00:00,13.33,NA,NA,NA,NA,NA,1000,NA,NA,NA,NA,NA,2.22,NA,NA,NA,NA,NA
1851-12-16 09:00:00,15,NA,NA,NA,NA,NA,995.26,NA,NA,NA,NA,NA,2.22,NA,NA,NA,NA,NA
1851-12-16 15:00:00,16.11,NA,NA,NA,NA,NA,986.46,NA,NA,NA,NA,NA,5.56,NA,NA,NA,NA,NA
1851-12-16 21:00:00,20.56,NA,NA,NA,NA,NA,1001.02,NA,NA,NA,NA,NA,-1.67,NA,NA,NA,NA,NA
1851-12-17,NA,NA,NA,NA,NA,NA,NA,NA,"2pm","5pm",NA,4.22,NA,-8.06,NA,NA,NA,",sn,"
1851-12-17 06:00:00,16.11,NA,NA,NA,NA,NA,1004.74,NA,NA,NA,NA,NA,-8.89,NA,NA,NA,NA,NA
1851-12-17 09:00:00,18.33,NA,NA,NA,NA,NA,1004.74,NA,NA,NA,NA,NA,-6.11,NA,NA,NA,NA,NA
1851-12-17 15:00:00,18.89,NA,NA,NA,NA,NA,998.31,NA,NA,NA,NA,NA,-4.44,NA,NA,NA,NA,NA
1851-12-17 21:00:00,17.78,NA,NA,NA,NA,NA,999.32,NA,NA,NA,NA,NA,-12.78,NA,NA,NA,NA,NA
1851-12-18,NA,NA,NA,NA,NA,NA,NA,NA,NA,NA,NA,1.78,NA,-12.92,NA,NA,NA,",frst,"
1851-12-18 06:00:00,10.56,NA,NA,NA,NA,NA,995.94,NA,NA,NA,NA,NA,-17.78,NA,NA,NA,NA,NA
1851-12-18 09:00:00,11.11,NA,NA,NA,NA,NA,997.63,NA,NA,NA,NA,NA,-13.89,NA,NA,NA,NA,NA
1851-12-18 15:00:00,13.89,NA,NA,NA,NA,NA,990.18,NA,NA,NA,NA,NA,-7.22,NA,NA,NA,NA,NA
1851-12-18 21:00:00,13.33,NA,NA,NA,NA,NA,991.53,NA,NA,NA,NA,NA,-12.78,NA,NA,NA,NA,NA
1851-12-19,NA,NA,NA,NA,NA,NA,NA,NA,NA,NA,NA,NA,NA,-12.22,NA,NA,NA,NA
1851-12-19 06:00:00,6.11,NA,NA,NA,NA,NA,994.58,NA,NA,NA,NA,NA,-15,NA,NA,NA,NA,NA
1851-12-19 09:00:00,7.78,NA,NA,NA,NA,NA,996.95,NA,NA,NA,NA,NA,-11.67,NA,NA,NA,NA,NA
1851-12-19 15:00:00,10.56,NA,NA,NA,NA,NA,997.63,NA,NA,NA,NA,NA,-10,NA,NA,NA,NA,NA
1851-12-19 21:00:00,12.78,NA,NA,NA,NA,NA,1003.39,NA,NA,NA,NA,NA,-12.22,NA,NA,NA,NA,NA
1851-12-20,NA,NA,NA,NA,NA,NA,NA,NA,"2pm","6pm",NA,NA,NA,-4.72,NA,NA,NA,",sn,"
1851-12-20 06:00:00,8.89,NA,NA,NA,NA,NA,1000,NA,NA,NA,NA,NA,-15,NA,NA,NA,NA,NA
1851-12-20 09:00:00,10,NA,NA,NA,NA,NA,1000,NA,NA,NA,NA,NA,-3.89,NA,NA,NA,NA,NA
1851-12-20 15:00:00,13.33,NA,NA,NA,NA,NA,992.55,NA,NA,NA,NA,NA,2.22,NA,NA,NA,NA,NA
1851-12-20 21:00:00,15.56,NA,NA,NA,NA,NA,988.49,NA,NA,NA,NA,NA,-2.22,NA,NA,NA,NA,NA
1851-12-21,NA,NA,NA,NA,NA,NA,NA,NA,NA,NA,NA,1.52,NA,-10.83,NA,NA,NA,NA
1851-12-21 06:00:00,11.67,NA,NA,NA,NA,NA,996.28,NA,NA,NA,NA,NA,-10.56,NA,NA,NA,NA,NA
1851-12-21 09:00:00,12.78,NA,NA,NA,NA,NA,1001.02,NA,NA,NA,NA,NA,-10,NA,NA,NA,NA,NA
1851-12-21 15:00:00,14.44,NA,NA,NA,NA,NA,1000.34,NA,NA,NA,NA,NA,-9.44,NA,NA,NA,NA,NA
1851-12-21 21:00:00,12.22,NA,NA,NA,NA,NA,1006.1,NA,NA,NA,NA,NA,-13.33,NA,NA,NA,NA,NA
1851-12-22,NA,NA,NA,NA,NA,NA,NA,NA,NA,NA,NA,NA,NA,-16.67,NA,NA,NA,NA
1851-12-22 06:00:00,7.22,NA,NA,NA,NA,NA,1013.88,NA,NA,NA,NA,NA,-18.89,NA,NA,NA,NA,NA
1851-12-22 09:00:00,9.44,NA,NA,NA,NA,NA,1016.26,NA,NA,NA,NA,NA,-16.67,NA,NA,NA,NA,NA
1851-12-22 15:00:00,8.89,NA,NA,NA,NA,NA,1016.93,NA,NA,NA,NA,NA,-12.78,NA,NA,NA,NA,NA
1851-12-22 21:00:00,8.89,NA,NA,NA,NA,NA,1018.29,NA,NA,NA,NA,NA,-18.33,NA,NA,NA,NA,NA
1851-12-23,NA,NA,NA,NA,NA,NA,NA,NA,"12am","8pm",NA,NA,NA,-13.89,NA,NA,NA,",sn,"
1851-12-23 06:00:00,7.22,NA,NA,NA,NA,NA,1012.87,NA,NA,NA,NA,NA,-19.44,NA,NA,NA,NA,NA
1851-12-23 09:00:00,9.44,NA,NA,NA,NA,NA,1013.21,NA,NA,NA,NA,NA,-13.89,NA,NA,NA,NA,NA
1851-12-23 15:00:00,10,NA,NA,NA,NA,NA,1009.14,NA,NA,NA,NA,NA,-10,NA,NA,NA,NA,NA
1851-12-23 21:00:00,9.44,NA,NA,NA,NA,NA,1006.1,NA,NA,NA,NA,NA,-12.22,NA,NA,NA,NA,NA
1851-12-24,NA,NA,NA,NA,NA,NA,NA,NA,NA,NA,NA,2.54,NA,-12.22,NA,NA,NA,",sn,"
1851-12-24 06:00:00,7.22,NA,NA,NA,NA,NA,1011.18,NA,NA,NA,NA,NA,-15,NA,NA,NA,NA,NA
1851-12-24 09:00:00,9.44,NA,NA,NA,NA,NA,1014.56,NA,NA,NA,NA,NA,-11.11,NA,NA,NA,NA,NA
1851-12-24 15:00:00,8.33,NA,NA,NA,NA,NA,1012.87,NA,NA,NA,NA,NA,-9.44,NA,NA,NA,NA,NA
1851-12-24 21:00:00,11.11,NA,NA,NA,NA,NA,1009.14,NA,NA,NA,NA,NA,-13.33,NA,NA,NA,NA,NA
1851-12-25,NA,NA,NA,NA,NA,NA,NA,NA,"am","2pm",NA,NA,NA,-11.94,NA,NA,NA,",sn,"
1851-12-25 06:00:00,8.89,NA,NA,NA,NA,NA,987.47,NA,NA,NA,NA,NA,-17.22,NA,NA,NA,NA,NA
1851-12-25 09:00:00,12.22,NA,NA,NA,NA,NA,987.81,NA,NA,NA,NA,NA,-2.78,NA,NA,NA,NA,NA
1851-12-25 15:00:00,14.44,NA,NA,NA,NA,NA,991.87,NA,NA,NA,NA,NA,-7.78,NA,NA,NA,NA,NA
1851-12-25 21:00:00,8.33,NA,NA,NA,NA,NA,1004.06,NA,NA,NA,NA,NA,-20,NA,NA,NA,NA,NA
1851-12-26,NA,NA,NA,NA,NA,NA,NA,NA,NA,NA,NA,2.79,NA,-20.83,NA,NA,NA,NA
1851-12-26 06:00:00,7.22,NA,NA,NA,NA,NA,1009.82,NA,NA,NA,NA,NA,-23.89,NA,NA,NA,NA,NA
1851-12-26 09:00:00,7.78,NA,NA,NA,NA,NA,1015.24,NA,NA,NA,NA,NA,-21.67,NA,NA,NA,NA,NA
1851-12-26 15:00:00,8.33,NA,NA,NA,NA,NA,1015.58,NA,NA,NA,NA,NA,-16.11,NA,NA,NA,NA,NA
1851-12-26 21:00:00,9.44,NA,NA,NA,NA,NA,1020.66,NA,NA,NA,NA,NA,-21.67,NA,NA,NA,NA,NA
1851-12-27,NA,NA,NA,NA,NA,NA,NA,NA,NA,NA,NA,NA,NA,-20.56,NA,NA,NA,NA
1851-12-27 06:00:00,3.89,NA,NA,NA,NA,NA,1025.74,NA,NA,NA,NA,NA,-23.89,NA,NA,NA,NA,NA
1851-12-27 09:00:00,6.67,NA,NA,NA,NA,NA,1027.43,NA,NA,NA,NA,NA,-19.44,NA,NA,NA,NA,NA
1851-12-27 15:00:00,6.67,NA,NA,NA,NA,NA,1028.78,NA,NA,NA,NA,NA,-16.67,NA,NA,NA,NA,NA
1851-12-27 21:00:00,10,NA,NA,NA,NA,NA,1032.51,NA,NA,NA,NA,NA,-22.22,NA,NA,NA,NA,NA
1851-12-28,NA,NA,NA,NA,NA,NA,NA,NA,"4pm","empty",NA,NA,NA,-11.39,NA,NA,NA,",sn,"
1851-12-28 06:00:00,2.78,NA,NA,NA,NA,NA,1032.17,NA,NA,NA,NA,NA,-23.89,NA,NA,NA,NA,NA
1851-12-28 09:00:00,5.56,NA,NA,NA,NA,NA,1032.17,NA,NA,NA,NA,NA,-14.44,NA,NA,NA,NA,NA
1851-12-28 15:00:00,7.22,NA,NA,NA,NA,NA,1027.77,NA,NA,NA,NA,NA,-4.44,NA,NA,NA,NA,NA
1851-12-28 21:00:00,10.56,NA,NA,NA,NA,NA,1022.35,NA,NA,NA,NA,NA,-2.78,NA,NA,NA,NA,NA
1851-12-29,NA,NA,NA,NA,NA,NA,NA,NA,"empty","3pm",NA,0,NA,3.89,NA,NA,NA,",ra,"
1851-12-29 06:00:00,11.11,NA,NA,NA,NA,NA,1012.87,NA,NA,NA,NA,NA,2.78,NA,NA,NA,NA,NA
1851-12-29 09:00:00,14.44,NA,NA,NA,NA,NA,1011.51,NA,NA,NA,NA,NA,3.33,NA,NA,NA,NA,NA
1851-12-29 15:00:00,14.44,NA,NA,NA,NA,NA,1008.81,NA,NA,NA,NA,NA,5.56,NA,NA,NA,NA,NA
1851-12-29 21:00:00,21.11,NA,NA,NA,NA,NA,1007.45,NA,NA,NA,NA,NA,3.89,NA,NA,NA,NA,NA
1851-12-30,NA,NA,NA,NA,NA,NA,NA,NA,"empty","12pm",NA,12.78,NA,0,NA,NA,NA,NA
1851-12-30 06:00:00,16.67,NA,NA,NA,NA,NA,1011.85,NA,NA,NA,NA,NA,-1.11,NA,NA,NA,NA,NA
1851-12-30 09:00:00,18.33,NA,NA,NA,NA,NA,1014.22,NA,NA,NA,NA,NA,-0.56,NA,NA,NA,NA,NA
1851-12-30 15:00:00,18.33,NA,NA,NA,NA,NA,1014.22,NA,NA,NA,NA,NA,1.67,NA,NA,NA,NA,NA
1851-12-30 21:00:00,20,NA,NA,NA,NA,NA,1015.24,NA,NA,NA,NA,NA,0,NA,NA,NA,NA,NA
1851-12-31,NA,NA,NA,NA,NA,NA,NA,NA,NA,NA,NA,0.58,NA,1.94,NA,NA,NA,NA
1851-12-31 06:00:00,14.44,NA,NA,NA,NA,NA,1011.51,NA,NA,NA,NA,NA,-1.11,NA,NA,NA,NA,NA
1851-12-31 09:00:00,18.89,NA,NA,NA,NA,NA,1011.51,NA,NA,NA,NA,NA,2.22,NA,NA,NA,NA,NA
1851-12-31 15:00:00,17.78,NA,NA,NA,NA,NA,1012.53,NA,NA,NA,NA,NA,4.44,NA,NA,NA,NA,NA
1851-12-31 21:00:00,21.11,NA,NA,NA,NA,NA,1013.55,NA,NA,NA,NA,NA,2.22,NA,NA,NA,NA,NA
1852-03-01,NA,NA,NA,NA,NA,NA,NA,NA,NA,NA,NA,NA,NA,-9.86,NA,NA,NA,",parhel,"
1852-03-01 06:00:00,9.44,NA,NA,NA,NA,NA,1006.43,NA,NA,NA,NA,NA,-12.78,NA,NA,NA,NA,NA
1852-03-01 09:00:00,9.44,NA,NA,NA,NA,NA,1009.14,NA,NA,NA,NA,NA,-10,NA,NA,NA,NA,NA
1852-03-01 15:00:00,13.89,NA,NA,NA,NA,NA,1008.13,NA,NA,NA,NA,NA,-6.67,NA,NA,NA,NA,NA
1852-03-01 21:00:00,14.44,NA,NA,NA,NA,NA,1011.51,NA,NA,NA,NA,NA,-10,NA,NA,NA,NA,NA
1852-03-02,NA,NA,NA,NA,NA,NA,NA,NA,"10am","10pm",NA,NA,NA,-10,NA,NA,NA,",sn,"
1852-03-02 06:00:00,9.44,NA,NA,NA,NA,NA,1010.16,NA,NA,NA,NA,NA,-13.33,NA,NA,NA,NA,NA
1852-03-02 09:00:00,12.22,NA,NA,NA,NA,NA,1010.5,NA,NA,NA,NA,NA,-10,NA,NA,NA,NA,NA
1852-03-02 15:00:00,12.22,NA,NA,NA,NA,NA,1005.76,NA,NA,NA,NA,NA,-5.56,NA,NA,NA,NA,NA
1852-03-02 21:00:00,10.56,NA,NA,NA,NA,NA,1003.05,NA,NA,NA,NA,NA,-11.11,NA,NA,NA,NA,NA
1852-03-03,NA,NA,NA,NA,NA,NA,NA,NA,NA,NA,NA,3.3,NA,-11.67,NA,NA,NA,NA
1852-03-03 06:00:00,6.11,NA,NA,NA,NA,NA,1007.11,NA,NA,NA,NA,NA,-16.67,NA,NA,NA,NA,NA
1852-03-03 09:00:00,8.33,NA,NA,NA,NA,NA,1009.14,NA,NA,NA,NA,NA,-13.33,NA,NA,NA,NA,NA
1852-03-03 15:00:00,15,NA,NA,NA,NA,NA,1009.14,NA,NA,NA,NA,NA,-6.67,NA,NA,NA,NA,NA
1852-03-03 21:00:00,13.89,NA,NA,NA,NA,NA,1012.87,NA,NA,NA,NA,NA,-10,NA,NA,NA,NA,NA
1852-03-04,NA,NA,NA,NA,NA,NA,NA,NA,NA,NA,NA,NA,NA,-11.25,NA,NA,NA,",halo,"
1852-03-04 06:00:00,8.33,NA,NA,NA,NA,NA,1015.92,NA,NA,NA,NA,NA,-12.78,NA,NA,NA,NA,NA
1852-03-04 09:00:00,10.56,NA,NA,NA,NA,NA,1018.29,NA,NA,NA,NA,NA,-11.11,NA,NA,NA,NA,NA
1852-03-04 15:00:00,16.11,NA,NA,NA,NA,NA,1018.29,NA,NA,NA,NA,NA,-7.78,NA,NA,NA,NA,NA
1852-03-04 21:00:00,13.33,NA,NA,NA,NA,NA,1018.63,NA,NA,NA,NA,NA,-13.33,NA,NA,NA,NA,NA
1852-03-05,NA,NA,NA,NA,NA,NA,NA,NA,"9pm","8am",NA,NA,NA,-6.39,NA,NA,NA,",sn,"
1852-03-05 06:00:00,8.89,NA,NA,NA,NA,NA,1016.59,NA,NA,NA,NA,NA,-13.33,NA,NA,NA,NA,NA
1852-03-05 09:00:00,11.11,NA,NA,NA,NA,NA,1016.93,NA,NA,NA,NA,NA,-5.56,NA,NA,NA,NA,NA
1852-03-05 15:00:00,12.78,NA,NA,NA,NA,NA,1013.55,NA,NA,NA,NA,NA,0.56,NA,NA,NA,NA,NA
1852-03-05 21:00:00,14.44,NA,NA,NA,NA,NA,1009.82,NA,NA,NA,NA,NA,-7.22,NA,NA,NA,NA,NA
1852-03-06,NA,NA,NA,NA,NA,NA,NA,NA,"empty","6am",NA,0,NA,-9.44,NA,NA,NA,",sn,"
1852-03-06 06:00:00,12.22,NA,NA,NA,NA,NA,1009.48,NA,NA,NA,NA,NA,-10.56,NA,NA,NA,NA,NA
1852-03-06 09:00:00,12.78,NA,NA,NA,NA,NA,1011.51,NA,NA,NA,NA,NA,-5.56,NA,NA,NA,NA,NA
1852-03-06 15:00:00,15.56,NA,NA,NA,NA,NA,1012.53,NA,NA,NA,NA,NA,-6.11,NA,NA,NA,NA,NA
1852-03-06 21:00:00,16.11,NA,NA,NA,NA,NA,1013.88,NA,NA,NA,NA,NA,-15.56,NA,NA,NA,NA,NA
1852-03-07,NA,NA,NA,NA,NA,NA,NA,NA,NA,NA,NA,2.79,NA,-11.94,NA,NA,NA,",fg,"
1852-03-07 06:00:00,8.89,NA,NA,NA,NA,NA,1012.87,NA,NA,NA,NA,NA,-20.56,NA,NA,NA,NA,NA
1852-03-07 09:00:00,12.22,NA,NA,NA,NA,NA,1013.21,NA,NA,NA,NA,NA,-10,NA,NA,NA,NA,NA
1852-03-07 15:00:00,14.44,NA,NA,NA,NA,NA,1012.87,NA,NA,NA,NA,NA,-4.44,NA,NA,NA,NA,NA
1852-03-07 21:00:00,13.89,NA,NA,NA,NA,NA,1016.59,NA,NA,NA,NA,NA,-12.78,NA,NA,NA,NA,NA
1852-03-08,NA,NA,NA,NA,NA,NA,NA,NA,NA,NA,NA,NA,NA,-9.44,NA,NA,NA,NA
1852-03-08 06:00:00,6.11,NA,NA,NA,NA,NA,NA,NA,NA,NA,NA,NA,-19.44,NA,NA,NA,NA,NA
1852-03-08 09:00:00,9.44,NA,NA,NA,NA,NA,1016.59,NA,NA,NA,NA,NA,-8.33,NA,NA,NA,NA,NA
1852-03-08 15:00:00,16.67,NA,NA,NA,NA,NA,1016.26,NA,NA,NA,NA,NA,0.56,NA,NA,NA,NA,NA
1852-03-08 21:00:00,16.67,NA,NA,NA,NA,NA,1015.92,NA,NA,NA,NA,NA,-10.56,NA,NA,NA,NA,NA
1852-03-09,NA,NA,NA,NA,NA,NA,NA,NA,"12am","empty",NA,NA,NA,-2.92,NA,NA,NA,",sn,"
1852-03-09 06:00:00,10.56,NA,NA,NA,NA,NA,1011.51,NA,NA,NA,NA,NA,-10,NA,NA,NA,NA,NA
1852-03-09 09:00:00,14.44,NA,NA,NA,NA,NA,1011.18,NA,NA,NA,NA,NA,0,NA,NA,NA,NA,NA
1852-03-09 15:00:00,13.89,NA,NA,NA,NA,NA,1005.76,NA,NA,NA,NA,NA,1.67,NA,NA,NA,NA,NA
1852-03-09 21:00:00,17.78,NA,NA,NA,NA,NA,996.28,NA,NA,NA,NA,NA,-3.33,NA,NA,NA,NA,NA
1852-03-10,NA,NA,NA,NA,NA,NA,NA,NA,"empty","1pm",NA,0,NA,-2.92,NA,NA,NA,",sn,"
1852-03-10 06:00:00,15,NA,NA,NA,NA,NA,992.89,NA,NA,NA,NA,NA,-4.44,NA,NA,NA,NA,NA
1852-03-10 09:00:00,17.22,NA,NA,NA,NA,NA,997.63,NA,NA,NA,NA,NA,-1.11,NA,NA,NA,NA,NA
1852-03-10 15:00:00,17.22,NA,NA,NA,NA,NA,1003.39,NA,NA,NA,NA,NA,-0.56,NA,NA,NA,NA,NA
1852-03-10 21:00:00,21.11,NA,NA,NA,NA,NA,1015.58,NA,NA,NA,NA,NA,-5.56,NA,NA,NA,NA,NA
1852-03-11,NA,NA,NA,NA,NA,NA,NA,NA,"7pm","11pm",NA,18.29,NA,-7.5,NA,NA,NA,NA
1852-03-11 06:00:00,13.33,NA,NA,NA,NA,NA,1024.38,NA,NA,NA,NA,NA,-10,NA,NA,NA,NA,NA
1852-03-11 09:00:00,18.89,NA,NA,NA,NA,NA,1028.11,NA,NA,NA,NA,NA,-3.33,NA,NA,NA,NA,NA
1852-03-11 15:00:00,19.44,NA,NA,NA,NA,NA,1031.49,NA,NA,NA,NA,NA,-3.89,NA,NA,NA,NA,NA
1852-03-11 21:00:00,19.44,NA,NA,NA,NA,NA,1031.16,NA,NA,NA,NA,NA,-12.78,NA,NA,NA,NA,NA
1852-03-12,NA,NA,NA,NA,NA,NA,NA,NA,"6pm","11pm",NA,0.76,NA,-0.42,NA,NA,NA,NA
1852-03-12 06:00:00,13.33,NA,NA,NA,NA,NA,1026.08,NA,NA,NA,NA,NA,-13.89,NA,NA,NA,NA,NA
1852-03-12 09:00:00,14.44,NA,NA,NA,NA,NA,1023.71,NA,NA,NA,NA,NA,2.22,NA,NA,NA,NA,NA
1852-03-12 15:00:00,17.22,NA,NA,NA,NA,NA,1018.96,NA,NA,NA,NA,NA,8.89,NA,NA,NA,NA,NA
1852-03-12 21:00:00,20,NA,NA,NA,NA,NA,1009.82,NA,NA,NA,NA,NA,1.11,NA,NA,NA,NA,NA
1852-03-13,NA,NA,NA,NA,NA,NA,NA,NA,NA,NA,NA,2.54,NA,4.31,NA,NA,NA,",sn,"
1852-03-13 06:00:00,16.11,NA,NA,NA,NA,NA,1005.08,NA,NA,NA,NA,NA,0,NA,NA,NA,NA,NA
1852-03-13 09:00:00,17.22,NA,NA,NA,NA,NA,1005.42,NA,NA,NA,NA,NA,4.44,NA,NA,NA,NA,NA
1852-03-13 15:00:00,17.22,NA,NA,NA,NA,NA,1005.42,NA,NA,NA,NA,NA,8.89,NA,NA,NA,NA,NA
1852-03-13 21:00:00,22.22,NA,NA,NA,NA,NA,1007.79,NA,NA,NA,NA,NA,2.78,NA,NA,NA,NA,NA
1852-03-14,NA,NA,NA,NA,NA,NA,NA,NA,NA,NA,NA,NA,NA,-1.25,NA,NA,NA,NA
1852-03-14 06:00:00,16.67,NA,NA,NA,NA,NA,1013.21,NA,NA,NA,NA,NA,-3.33,NA,NA,NA,NA,NA
1852-03-14 09:00:00,18.33,NA,NA,NA,NA,NA,1014.22,NA,NA,NA,NA,NA,1.11,NA,NA,NA,NA,NA
1852-03-14 15:00:00,20,NA,NA,NA,NA,NA,1017.95,NA,NA,NA,NA,NA,1.11,NA,NA,NA,NA,NA
1852-03-14 21:00:00,18.33,NA,NA,NA,NA,NA,1019.3,NA,NA,NA,NA,NA,-3.89,NA,NA,NA,NA,NA
1852-03-15,NA,NA,NA,NA,NA,NA,NA,NA,"11am","1pm",NA,NA,NA,-0.28,NA,NA,NA,",sn,"
1852-03-15 06:00:00,14.44,NA,NA,NA,NA,NA,1013.21,NA,NA,NA,NA,NA,-5,NA,NA,NA,NA,NA
1852-03-15 09:00:00,16.67,NA,NA,NA,NA,NA,1012.19,NA,NA,NA,NA,NA,-0.56,NA,NA,NA,NA,NA
1852-03-15 15:00:00,17.78,NA,NA,NA,NA,NA,1006.1,NA,NA,NA,NA,NA,3.33,NA,NA,NA,NA,NA
1852-03-15 21:00:00,18.33,NA,NA,NA,NA,NA,994.58,NA,NA,NA,NA,NA,1.11,NA,NA,NA,NA,NA
1852-03-16,NA,NA,NA,NA,NA,NA,NA,NA,"empty","7pm",NA,6.35,NA,2.92,NA,NA,NA,",ra,"
1852-03-16 06:00:00,14.44,NA,NA,NA,NA,NA,994.92,NA,NA,NA,NA,NA,-1.11,NA,NA,NA,NA,NA
1852-03-16 09:00:00,17.78,NA,NA,NA,NA,NA,997.63,NA,NA,NA,NA,NA,3.33,NA,NA,NA,NA,NA
1852-03-16 15:00:00,21.67,NA,NA,NA,NA,NA,997.97,NA,NA,NA,NA,NA,8.33,NA,NA,NA,NA,NA
1852-03-16 21:00:00,20.56,NA,NA,NA,NA,NA,1002.03,NA,NA,NA,NA,NA,1.11,NA,NA,NA,NA,NA
1852-03-17,NA,NA,NA,NA,NA,NA,NA,NA,NA,NA,NA,0.25,NA,-1.39,NA,NA,NA,NA
1852-03-17 06:00:00,16.67,NA,NA,NA,NA,NA,1009.48,NA,NA,NA,NA,NA,-2.22,NA,NA,NA,NA,NA
1852-03-17 09:00:00,19.44,NA,NA,NA,NA,NA,1011.85,NA,NA,NA,NA,NA,2.22,NA,NA,NA,NA,NA
1852-03-17 15:00:00,18.33,NA,NA,NA,NA,NA,1015.58,NA,NA,NA,NA,NA,-1.67,NA,NA,NA,NA,NA
1852-03-17 21:00:00,22.22,NA,NA,NA,NA,NA,1018.63,NA,NA,NA,NA,NA,-3.89,NA,NA,NA,NA,NA
1852-03-18,NA,NA,NA,NA,NA,NA,NA,NA,NA,NA,NA,NA,NA,-5.69,NA,NA,NA,NA
1852-03-18 06:00:00,15,NA,NA,NA,NA,NA,1017.61,NA,NA,NA,NA,NA,-7.22,NA,NA,NA,NA,NA
1852-03-18 09:00:00,16.67,NA,NA,NA,NA,NA,1018.96,NA,NA,NA,NA,NA,-5,NA,NA,NA,NA,NA
1852-03-18 15:00:00,16.67,NA,NA,NA,NA,NA,1016.93,NA,NA,NA,NA,NA,-5,NA,NA,NA,NA,NA
1852-03-18 21:00:00,16.67,NA,NA,NA,NA,NA,1014.22,NA,NA,NA,NA,NA,-5.56,NA,NA,NA,NA,NA
1852-03-19,NA,NA,NA,NA,NA,NA,NA,NA,"7pm","empty",NA,NA,NA,-0.83,NA,NA,NA,",sn,"
1852-03-19 06:00:00,14.44,NA,NA,NA,NA,NA,1012.19,NA,NA,NA,NA,NA,-7.78,NA,NA,NA,NA,NA
1852-03-19 09:00:00,16.11,NA,NA,NA,NA,NA,1012.87,NA,NA,NA,NA,NA,-1.11,NA,NA,NA,NA,NA
1852-03-19 15:00:00,16.67,NA,NA,NA,NA,NA,1012.19,NA,NA,NA,NA,NA,5.56,NA,NA,NA,NA,NA
1852-03-19 21:00:00,19.44,NA,NA,NA,NA,NA,1011.51,NA,NA,NA,NA,NA,0,NA,NA,NA,NA,NA
1852-03-20,NA,NA,NA,NA,NA,NA,NA,NA,"empty","11pm",NA,0,NA,0.14,NA,NA,NA,",sn,"
1852-03-20 06:00:00,15,NA,NA,NA,NA,NA,1002.37,NA,NA,NA,NA,NA,-2.22,NA,NA,NA,NA,NA
1852-03-20 09:00:00,17.78,NA,NA,NA,NA,NA,1000.68,NA,NA,NA,NA,NA,1.67,NA,NA,NA,NA,NA
1852-03-20 15:00:00,18.89,NA,NA,NA,NA,NA,992.21,NA,NA,NA,NA,NA,1.11,NA,NA,NA,NA,NA
1852-03-20 21:00:00,19.44,NA,NA,NA,NA,NA,992.89,NA,NA,NA,NA,NA,0,NA,NA,NA,NA,NA
1852-03-21,NA,NA,NA,NA,NA,NA,NA,NA,NA,NA,NA,40.39,NA,-7.78,NA,NA,NA,NA
1852-03-21 06:00:00,15.56,NA,NA,NA,NA,NA,1002.37,NA,NA,NA,NA,NA,-12.22,NA,NA,NA,NA,NA
1852-03-21 09:00:00,16.11,NA,NA,NA,NA,NA,1007.79,NA,NA,NA,NA,NA,-4.44,NA,NA,NA,NA,NA
1852-03-21 15:00:00,16.11,NA,NA,NA,NA,NA,1009.48,NA,NA,NA,NA,NA,-3.33,NA,NA,NA,NA,NA
1852-03-21 21:00:00,16.67,NA,NA,NA,NA,NA,1012.53,NA,NA,NA,NA,NA,-11.11,NA,NA,NA,NA,NA
1852-03-22,NA,NA,NA,NA,NA,NA,NA,NA,"5am","1pm",NA,NA,NA,-2.92,NA,NA,NA,",sn,"
1852-03-22 06:00:00,10,NA,NA,NA,NA,NA,1006.1,NA,NA,NA,NA,NA,-13.33,NA,NA,NA,NA,NA
1852-03-22 09:00:00,12.78,NA,NA,NA,NA,NA,1004.06,NA,NA,NA,NA,NA,-0.56,NA,NA,NA,NA,NA
1852-03-22 15:00:00,15.56,NA,NA,NA,NA,NA,997.63,NA,NA,NA,NA,NA,6.11,NA,NA,NA,NA,NA
1852-03-22 21:00:00,17.22,NA,NA,NA,NA,NA,1004.06,NA,NA,NA,NA,NA,-3.89,NA,NA,NA,NA,NA
1852-03-23,NA,NA,NA,NA,NA,NA,NA,NA,"6pm","empty",NA,2.29,NA,-0.69,NA,NA,NA,",sn,"
1852-03-23 06:00:00,12.78,NA,NA,NA,NA,NA,1005.42,NA,NA,NA,NA,NA,-9.44,NA,NA,NA,NA,NA
1852-03-23 09:00:00,15,NA,NA,NA,NA,NA,1006.77,NA,NA,NA,NA,NA,-0.56,NA,NA,NA,NA,NA
1852-03-23 15:00:00,18.33,NA,NA,NA,NA,NA,1005.42,NA,NA,NA,NA,NA,8.33,NA,NA,NA,NA,NA
1852-03-23 21:00:00,18.33,NA,NA,NA,NA,NA,994.92,NA,NA,NA,NA,NA,-1.11,NA,NA,NA,NA,NA
1852-03-24,NA,NA,NA,NA,NA,NA,NA,NA,"empty","2am",NA,0,NA,4.86,NA,NA,NA,",ra,"
1852-03-24 06:00:00,12.78,NA,NA,NA,NA,NA,988.83,NA,NA,NA,NA,NA,4.44,NA,NA,NA,NA,NA
1852-03-24 09:00:00,16.67,NA,NA,NA,NA,NA,992.55,NA,NA,NA,NA,NA,6.67,NA,NA,NA,NA,NA
1852-03-24 15:00:00,17.78,NA,NA,NA,NA,NA,994.58,NA,NA,NA,NA,NA,7.78,NA,NA,NA,NA,NA
1852-03-24 21:00:00,20,NA,NA,NA,NA,NA,993.57,NA,NA,NA,NA,NA,0.56,NA,NA,NA,NA,NA
1852-03-25,NA,NA,NA,NA,NA,NA,NA,NA,NA,NA,NA,13.39,NA,-1.67,NA,NA,NA,",halo,"
1852-03-25 06:00:00,17.78,NA,NA,NA,NA,NA,991.87,NA,NA,NA,NA,NA,-4.44,NA,NA,NA,NA,NA
1852-03-25 09:00:00,18.89,NA,NA,NA,NA,NA,992.89,NA,NA,NA,NA,NA,4.44,NA,NA,NA,NA,NA
1852-03-25 15:00:00,20,NA,NA,NA,NA,NA,991.53,NA,NA,NA,NA,NA,5,NA,NA,NA,NA,NA
1852-03-25 21:00:00,21.11,NA,NA,NA,NA,NA,993.91,NA,NA,NA,NA,NA,-0.56,NA,NA,NA,NA,NA
1852-03-26,NA,NA,NA,NA,NA,NA,NA,NA,NA,NA,NA,NA,NA,-0.69,NA,NA,NA,NA
1852-03-26 06:00:00,16.11,NA,NA,NA,NA,NA,998.65,NA,NA,NA,NA,NA,-3.89,NA,NA,NA,NA,NA
1852-03-26 09:00:00,18.89,NA,NA,NA,NA,NA,1000.68,NA,NA,NA,NA,NA,2.22,NA,NA,NA,NA,NA
1852-03-26 15:00:00,20.56,NA,NA,NA,NA,NA,1004.74,NA,NA,NA,NA,NA,2.78,NA,NA,NA,NA,NA
1852-03-26 21:00:00,20,NA,NA,NA,NA,NA,1008.13,NA,NA,NA,NA,NA,-3.89,NA,NA,NA,NA,NA
1852-03-27,NA,NA,NA,NA,NA,NA,NA,NA,NA,NA,NA,NA,NA,-1.53,NA,NA,NA,NA
1852-03-27 06:00:00,15.56,NA,NA,NA,NA,NA,1008.81,NA,NA,NA,NA,NA,-9.44,NA,NA,NA,NA,NA
1852-03-27 09:00:00,18.33,NA,NA,NA,NA,NA,1009.82,NA,NA,NA,NA,NA,0,NA,NA,NA,NA,NA
1852-03-27 15:00:00,17.22,NA,NA,NA,NA,NA,1009.82,NA,NA,NA,NA,NA,4.44,NA,NA,NA,NA,NA
1852-03-27 21:00:00,18.33,NA,NA,NA,NA,NA,1013.88,NA,NA,NA,NA,NA,-1.11,NA,NA,NA,NA,NA
1852-03-28,NA,NA,NA,NA,NA,NA,NA,NA,NA,NA,NA,NA,NA,-0.56,NA,NA,NA,",halo,"
1852-03-28 06:00:00,15.56,NA,NA,NA,NA,NA,1016.59,NA,NA,NA,NA,NA,-6.11,NA,NA,NA,NA,NA
1852-03-28 09:00:00,17.78,NA,NA,NA,NA,NA,1018.29,NA,NA,NA,NA,NA,2.78,NA,NA,NA,NA,NA
1852-03-28 15:00:00,17.22,NA,NA,NA,NA,NA,1018.29,NA,NA,NA,NA,NA,5.56,NA,NA,NA,NA,NA
1852-03-28 21:00:00,15.56,NA,NA,NA,NA,NA,1019.98,NA,NA,NA,NA,NA,-4.44,NA,NA,NA,NA,NA
1852-03-29,NA,NA,NA,NA,NA,NA,NA,NA,NA,NA,NA,NA,NA,-5.83,NA,NA,NA,",sn,"
1852-03-29 06:00:00,12.78,NA,NA,NA,NA,NA,1018.96,NA,NA,NA,NA,NA,-9.44,NA,NA,NA,NA,NA
1852-03-29 09:00:00,13.89,NA,NA,NA,NA,NA,1019.98,NA,NA,NA,NA,NA,-2.22,NA,NA,NA,NA,NA
1852-03-29 15:00:00,16.11,NA,NA,NA,NA,NA,1016.93,NA,NA,NA,NA,NA,-2.22,NA,NA,NA,NA,NA
1852-03-29 21:00:00,17.78,NA,NA,NA,NA,NA,1015.24,NA,NA,NA,NA,NA,-9.44,NA,NA,NA,NA,NA
1852-03-30,NA,NA,NA,NA,NA,NA,NA,NA,"1pm","7pm",NA,NA,NA,-4.44,NA,NA,NA,",sn,"
1852-03-30 06:00:00,10.56,NA,NA,NA,NA,NA,1009.48,NA,NA,NA,NA,NA,-14.44,NA,NA,NA,NA,NA
1852-03-30 09:00:00,12.78,NA,NA,NA,NA,NA,1009.14,NA,NA,NA,NA,NA,-3.33,NA,NA,NA,NA,NA
1852-03-30 15:00:00,15.56,NA,NA,NA,NA,NA,1008.47,NA,NA,NA,NA,NA,1.11,NA,NA,NA,NA,NA
1852-03-30 21:00:00,16.67,NA,NA,NA,NA,NA,1012.53,NA,NA,NA,NA,NA,-1.11,NA,NA,NA,NA,NA
1852-03-31,NA,NA,NA,NA,NA,NA,NA,NA,"1am","8am",NA,0,NA,1.11,NA,NA,NA,",sn,"
1852-03-31 06:00:00,14.44,NA,NA,NA,NA,NA,1014.22,NA,NA,NA,NA,NA,-1.67,NA,NA,NA,NA,NA
1852-03-31 09:00:00,16.67,NA,NA,NA,NA,NA,1017.27,NA,NA,NA,NA,NA,3.33,NA,NA,NA,NA,NA
1852-03-31 15:00:00,24.44,NA,NA,NA,NA,NA,1017.61,NA,NA,NA,NA,NA,3.33,NA,NA,NA,NA,NA
1852-03-31 21:00:00,21.11,NA,NA,NA,NA,NA,1018.29,NA,NA,NA,NA,NA,-0.56,NA,NA,NA,NA,NA
1852-04-01,NA,NA,NA,NA,NA,NA,NA,NA,NA,NA,NA,1.9,NA,NA,NA,NA,NA,NA
1852-04-15,NA,NA,NA,NA,NA,NA,NA,NA,"empty","8am",NA,NA,NA,1.94,NA,NA,NA,",sn,"
1852-04-15 06:00:00,19.44,NA,NA,NA,NA,NA,1003.73,NA,NA,NA,NA,NA,-1.67,NA,NA,NA,NA,NA
1852-04-15 09:00:00,18.89,NA,NA,NA,NA,NA,1004.4,NA,NA,NA,NA,NA,5.56,NA,NA,NA,NA,NA
1852-04-15 15:00:00,20,NA,NA,NA,NA,NA,1005.08,NA,NA,NA,NA,NA,3.89,NA,NA,NA,NA,NA
1852-04-15 21:00:00,21.67,NA,NA,NA,NA,NA,1005.42,NA,NA,NA,NA,NA,0,NA,NA,NA,NA,NA
1852-04-16,NA,NA,NA,NA,NA,NA,NA,NA,"8am","12pm",NA,10.16,NA,1.53,NA,NA,NA,",ra,"
1852-04-16 06:00:00,18.89,NA,NA,NA,NA,NA,996.61,NA,NA,NA,NA,NA,-0.56,NA,NA,NA,NA,NA
1852-04-16 09:00:00,21.67,NA,NA,NA,NA,NA,994.92,NA,NA,NA,NA,NA,2.78,NA,NA,NA,NA,NA
1852-04-16 15:00:00,20,NA,NA,NA,NA,NA,991.87,NA,NA,NA,NA,NA,3.33,NA,NA,NA,NA,NA
1852-04-16 21:00:00,21.11,NA,NA,NA,NA,NA,993.23,NA,NA,NA,NA,NA,0.56,NA,NA,NA,NA,NA
1852-04-17,NA,NA,NA,NA,NA,NA,NA,NA,"10pm","12pm",NA,2.92,NA,3.19,NA,NA,NA,",ra,"
1852-04-17 06:00:00,16.67,NA,NA,NA,NA,NA,999.66,NA,NA,NA,NA,NA,0,NA,NA,NA,NA,NA
1852-04-17 09:00:00,18.89,NA,NA,NA,NA,NA,1002.37,NA,NA,NA,NA,NA,5,NA,NA,NA,NA,NA
1852-04-17 15:00:00,21.11,NA,NA,NA,NA,NA,1008.13,NA,NA,NA,NA,NA,5.56,NA,NA,NA,NA,NA
1852-04-17 21:00:00,20.56,NA,NA,NA,NA,NA,1013.88,NA,NA,NA,NA,NA,2.22,NA,NA,NA,NA,NA
1852-04-18,NA,NA,NA,NA,NA,NA,NA,NA,"empty","empty",NA,1.27,NA,3.06,NA,NA,NA,NA
1852-04-18 06:00:00,18.33,NA,NA,NA,NA,NA,1017.61,NA,NA,NA,NA,NA,-0.56,NA,NA,NA,NA,NA
1852-04-18 09:00:00,18.89,NA,NA,NA,NA,NA,1018.63,NA,NA,NA,NA,NA,3.89,NA,NA,NA,NA,NA
1852-04-18 15:00:00,21.11,NA,NA,NA,NA,NA,1018.63,NA,NA,NA,NA,NA,5.56,NA,NA,NA,NA,NA
1852-04-18 21:00:00,21.11,NA,NA,NA,NA,NA,1022.01,NA,NA,NA,NA,NA,3.33,NA,NA,NA,NA,NA
1852-04-19,NA,NA,NA,NA,NA,NA,NA,NA,"empty","empty",NA,0,NA,2.5,NA,NA,NA,NA
1852-04-19 06:00:00,17.22,NA,NA,NA,NA,NA,1020.32,NA,NA,NA,NA,NA,-1.67,NA,NA,NA,NA,NA
1852-04-19 09:00:00,18.89,NA,NA,NA,NA,NA,1020.32,NA,NA,NA,NA,NA,5.56,NA,NA,NA,NA,NA
1852-04-19 15:00:00,20.56,NA,NA,NA,NA,NA,1019.98,NA,NA,NA,NA,NA,6.11,NA,NA,NA,NA,NA
1852-04-19 21:00:00,16.67,NA,NA,NA,NA,NA,1019.64,NA,NA,NA,NA,NA,0,NA,NA,NA,NA,NA
1852-04-20,NA,NA,NA,NA,NA,NA,NA,NA,"empty","empty",NA,0,NA,3.61,NA,NA,NA,NA
1852-04-20 06:00:00,15.56,NA,NA,NA,NA,NA,1014.9,NA,NA,NA,NA,NA,-0.56,NA,NA,NA,NA,NA
1852-04-20 09:00:00,15,NA,NA,NA,NA,NA,1014.56,NA,NA,NA,NA,NA,4.44,NA,NA,NA,NA,NA
1852-04-20 15:00:00,16.67,NA,NA,NA,NA,NA,1012.87,NA,NA,NA,NA,NA,7.78,NA,NA,NA,NA,NA
1852-04-20 21:00:00,17.22,NA,NA,NA,NA,NA,1012.53,NA,NA,NA,NA,NA,2.78,NA,NA,NA,NA,NA
1852-04-21,NA,NA,NA,NA,NA,NA,NA,NA,"1am","empty",NA,0,NA,5.14,NA,NA,NA,",ra,"
1852-04-21 06:00:00,14.44,NA,NA,NA,NA,NA,1007.11,NA,NA,NA,NA,NA,1.67,NA,NA,NA,NA,NA
1852-04-21 09:00:00,15,NA,NA,NA,NA,NA,1005.76,NA,NA,NA,NA,NA,5,NA,NA,NA,NA,NA
1852-04-21 15:00:00,14.44,NA,NA,NA,NA,NA,1002.71,NA,NA,NA,NA,NA,6.11,NA,NA,NA,NA,NA
1852-04-21 21:00:00,18.33,NA,NA,NA,NA,NA,994.92,NA,NA,NA,NA,NA,7.78,NA,NA,NA,NA,NA
1852-04-22,NA,NA,NA,NA,NA,NA,NA,NA,"empty","12am",NA,0,NA,9.86,NA,NA,NA,",br,"
1852-04-22 06:00:00,15.56,NA,NA,NA,NA,NA,990.86,NA,NA,NA,NA,NA,5,NA,NA,NA,NA,NA
1852-04-22 09:00:00,15.56,NA,NA,NA,NA,NA,989.5,NA,NA,NA,NA,NA,12.22,NA,NA,NA,NA,NA
1852-04-22 15:00:00,15,NA,NA,NA,NA,NA,986.12,NA,NA,NA,NA,NA,13.89,NA,NA,NA,NA,NA
1852-04-22 21:00:00,17.22,NA,NA,NA,NA,NA,985.1,NA,NA,NA,NA,NA,8.33,NA,NA,NA,NA,NA
1852-04-23,NA,NA,NA,NA,NA,NA,NA,NA,"2am","6am",NA,16.97,NA,7.78,NA,NA,NA,",sh,"
1852-04-23 06:00:00,16.11,NA,NA,NA,NA,NA,985.78,NA,NA,NA,NA,NA,3.33,NA,NA,NA,NA,NA
1852-04-23 09:00:00,16.67,NA,NA,NA,NA,NA,987.13,NA,NA,NA,NA,NA,8.89,NA,NA,NA,NA,NA
1852-04-23 15:00:00,13.89,NA,NA,NA,NA,NA,988.83,NA,NA,NA,NA,NA,13.89,NA,NA,NA,NA,NA
1852-04-23 21:00:00,15.56,NA,NA,NA,NA,NA,991.53,NA,NA,NA,NA,NA,5,NA,NA,NA,NA,NA
1852-04-24,NA,NA,NA,NA,NA,NA,NA,NA,"6pm","empty",NA,2.29,NA,4.72,NA,NA,NA,",sn,"
1852-04-24 06:00:00,12.78,NA,NA,NA,NA,NA,990.18,NA,NA,NA,NA,NA,4.44,NA,NA,NA,NA,NA
1852-04-24 09:00:00,13.33,NA,NA,NA,NA,NA,989.5,NA,NA,NA,NA,NA,5.56,NA,NA,NA,NA,NA
1852-04-24 15:00:00,14.44,NA,NA,NA,NA,NA,988.49,NA,NA,NA,NA,NA,7.78,NA,NA,NA,NA,NA
1852-04-24 21:00:00,16.11,NA,NA,NA,NA,NA,989.84,NA,NA,NA,NA,NA,1.11,NA,NA,NA,NA,NA
1852-04-25,NA,NA,NA,NA,NA,NA,NA,NA,"empty","5pm",NA,0,NA,0.97,NA,NA,NA,",sn,"
1852-04-25 06:00:00,15.56,NA,NA,NA,NA,NA,991.87,NA,NA,NA,NA,NA,-0.56,NA,NA,NA,NA,NA
1852-04-25 09:00:00,16.67,NA,NA,NA,NA,NA,993.91,NA,NA,NA,NA,NA,1.11,NA,NA,NA,NA,NA
1852-04-25 15:00:00,16.67,NA,NA,NA,NA,NA,996.28,NA,NA,NA,NA,NA,2.22,NA,NA,NA,NA,NA
1852-04-25 21:00:00,14.44,NA,NA,NA,NA,NA,1000.68,NA,NA,NA,NA,NA,1.11,NA,NA,NA,NA,NA
1852-04-26,NA,NA,NA,NA,NA,NA,NA,NA,NA,NA,NA,22.86,NA,NA,NA,NA,NA,NA
1852-05-01,NA,NA,NA,NA,NA,NA,NA,NA,"empty","empty",NA,NA,NA,5.69,NA,NA,NA,",halo,"
1852-05-01 06:00:00,12.22,NA,NA,NA,NA,NA,1006.43,NA,NA,NA,NA,NA,-1.67,NA,NA,NA,NA,NA
1852-05-01 09:00:00,14.44,NA,NA,NA,NA,NA,1008.13,NA,NA,NA,NA,NA,10,NA,NA,NA,NA,NA
1852-05-01 15:00:00,15,NA,NA,NA,NA,NA,1008.47,NA,NA,NA,NA,NA,11.11,NA,NA,NA,NA,NA
1852-05-01 21:00:00,15.56,NA,NA,NA,NA,NA,1007.45,NA,NA,NA,NA,NA,3.33,NA,NA,NA,NA,NA
1852-05-02,NA,NA,NA,NA,NA,NA,NA,NA,"12 am","empty",NA,0,NA,7.22,NA,NA,NA,",ra,"
1852-05-02 06:00:00,12.78,NA,NA,NA,NA,NA,1003.73,NA,NA,NA,NA,NA,2.78,NA,NA,NA,NA,NA
1852-05-02 09:00:00,13.33,NA,NA,NA,NA,NA,1002.37,NA,NA,NA,NA,NA,10,NA,NA,NA,NA,NA
1852-05-02 15:00:00,13.89,NA,NA,NA,NA,NA,1000,NA,NA,NA,NA,NA,11.67,NA,NA,NA,NA,NA
1852-05-02 21:00:00,13.89,NA,NA,NA,NA,NA,1000,NA,NA,NA,NA,NA,3.89,NA,NA,NA,NA,NA
1852-05-03,NA,NA,NA,NA,NA,NA,NA,NA,"empty","4 am",NA,0,NA,1.81,NA,NA,NA,",sn,"
1852-05-03 06:00:00,11.67,NA,NA,NA,NA,NA,1001.02,NA,NA,NA,NA,NA,-1.11,NA,NA,NA,NA,NA
1852-05-03 09:00:00,12.78,NA,NA,NA,NA,NA,1003.05,NA,NA,NA,NA,NA,5.56,NA,NA,NA,NA,NA
1852-05-03 15:00:00,12.78,NA,NA,NA,NA,NA,1005.76,NA,NA,NA,NA,NA,3.89,NA,NA,NA,NA,NA
1852-05-03 21:00:00,12.78,NA,NA,NA,NA,NA,1012.19,NA,NA,NA,NA,NA,-1.11,NA,NA,NA,NA,NA
1852-05-04,NA,NA,NA,NA,NA,NA,NA,NA,"empty","empty",NA,5.84,NA,2.78,NA,NA,NA,NA
1852-05-04 06:00:00,10,NA,NA,NA,NA,NA,1014.22,NA,NA,NA,NA,NA,-4.44,NA,NA,NA,NA,NA
1852-05-04 09:00:00,11.11,NA,NA,NA,NA,NA,1015.24,NA,NA,NA,NA,NA,4.44,NA,NA,NA,NA,NA
1852-05-04 15:00:00,12.22,NA,NA,NA,NA,NA,1012.87,NA,NA,NA,NA,NA,9.44,NA,NA,NA,NA,NA
1852-05-04 21:00:00,13.33,NA,NA,NA,NA,NA,1014.56,NA,NA,NA,NA,NA,1.67,NA,NA,NA,NA,NA
1852-05-05,NA,NA,NA,NA,NA,NA,NA,NA,"empty","empty",NA,0,NA,8.33,NA,NA,NA,NA
1852-05-05 06:00:00,11.11,NA,NA,NA,NA,NA,1014.9,NA,NA,NA,NA,NA,-2.78,NA,NA,NA,NA,NA
1852-05-05 09:00:00,11.67,NA,NA,NA,NA,NA,1015.58,NA,NA,NA,NA,NA,11.11,NA,NA,NA,NA,NA
1852-05-05 15:00:00,12.78,NA,NA,NA,NA,NA,1014.56,NA,NA,NA,NA,NA,12.22,NA,NA,NA,NA,NA
1852-05-05 21:00:00,13.33,NA,NA,NA,NA,NA,1012.53,NA,NA,NA,NA,NA,7.22,NA,NA,NA,NA,NA
1852-05-06,NA,NA,NA,NA,NA,NA,NA,NA,"empty","empty",NA,0,NA,12.08,NA,NA,NA,NA
1852-05-06 06:00:00,11.67,NA,NA,NA,NA,NA,1013.55,NA,NA,NA,NA,NA,1.11,NA,NA,NA,NA,NA
1852-05-06 09:00:00,14.44,NA,NA,NA,NA,NA,1013.88,NA,NA,NA,NA,NA,17.78,NA,NA,NA,NA,NA
1852-05-06 15:00:00,17.22,NA,NA,NA,NA,NA,1011.51,NA,NA,NA,NA,NA,22.22,NA,NA,NA,NA,NA
1852-05-06 21:00:00,16.67,NA,NA,NA,NA,NA,1013.88,NA,NA,NA,NA,NA,7.22,NA,NA,NA,NA,NA
1852-05-07,NA,NA,NA,NA,NA,NA,NA,NA,"empty","empty",NA,0,NA,15,NA,NA,NA,NA
1852-05-07 06:00:00,16.11,NA,NA,NA,NA,NA,1013.55,NA,NA,NA,NA,NA,4.44,NA,NA,NA,NA,NA
1852-05-07 09:00:00,17.22,NA,NA,NA,NA,NA,1011.85,NA,NA,NA,NA,NA,21.11,NA,NA,NA,NA,NA
1852-05-07 15:00:00,18.89,NA,NA,NA,NA,NA,1011.51,NA,NA,NA,NA,NA,25,NA,NA,NA,NA,NA
1852-05-07 21:00:00,20.56,NA,NA,NA,NA,NA,1012.19,NA,NA,NA,NA,NA,9.44,NA,NA,NA,NA,NA
1852-05-08,NA,NA,NA,NA,NA,NA,NA,NA,"empty","empty",NA,0,NA,14.17,NA,NA,NA,NA
1852-05-08 06:00:00,17.22,NA,NA,NA,NA,NA,1011.85,NA,NA,NA,NA,NA,5,NA,NA,NA,NA,NA
1852-05-08 09:00:00,17.22,NA,NA,NA,NA,NA,1011.85,NA,NA,NA,NA,NA,21.11,NA,NA,NA,NA,NA
1852-05-08 15:00:00,20,NA,NA,NA,NA,NA,1010.16,NA,NA,NA,NA,NA,22.78,NA,NA,NA,NA,NA
1852-05-08 21:00:00,18.89,NA,NA,NA,NA,NA,1010.5,NA,NA,NA,NA,NA,7.78,NA,NA,NA,NA,NA
1852-05-09,NA,NA,NA,NA,NA,NA,NA,NA,"empty","empty",NA,0,NA,15.56,NA,NA,NA,NA
1852-05-09 06:00:00,16.67,NA,NA,NA,NA,NA,1009.14,NA,NA,NA,NA,NA,4.44,NA,NA,NA,NA,NA
1852-05-09 09:00:00,17.22,NA,NA,NA,NA,NA,1009.48,NA,NA,NA,NA,NA,18.89,NA,NA,NA,NA,NA
1852-05-09 15:00:00,21.11,NA,NA,NA,NA,NA,1008.47,NA,NA,NA,NA,NA,26.11,NA,NA,NA,NA,NA
1852-05-09 21:00:00,20.56,NA,NA,NA,NA,NA,1009.48,NA,NA,NA,NA,NA,12.78,NA,NA,NA,NA,NA
1852-05-10,NA,NA,NA,NA,NA,NA,NA,NA,"5 pm","12 pm",NA,0,NA,13.47,NA,NA,NA,",br,"
1852-05-10 06:00:00,18.89,NA,NA,NA,NA,NA,1009.14,NA,NA,NA,NA,NA,11.11,NA,NA,NA,NA,NA
1852-05-10 09:00:00,17.22,NA,NA,NA,NA,NA,1008.13,NA,NA,NA,NA,NA,20,NA,NA,NA,NA,NA
1852-05-10 15:00:00,20,NA,NA,NA,NA,NA,1006.77,NA,NA,NA,NA,NA,15.56,NA,NA,NA,NA,NA
1852-05-10 21:00:00,15.56,NA,NA,NA,NA,NA,1010.16,NA,NA,NA,NA,NA,7.22,NA,NA,NA,NA,NA
1852-05-11,NA,NA,NA,NA,NA,NA,NA,NA,"empty","empty",NA,0.13,NA,5.97,NA,NA,NA,",fg,"
1852-05-11 06:00:00,15,NA,NA,NA,NA,NA,1013.21,NA,NA,NA,NA,NA,0,NA,NA,NA,NA,NA
1852-05-11 09:00:00,13.33,NA,NA,NA,NA,NA,1015.24,NA,NA,NA,NA,NA,7.78,NA,NA,NA,NA,NA
1852-05-11 15:00:00,15.56,NA,NA,NA,NA,NA,1015.92,NA,NA,NA,NA,NA,13.33,NA,NA,NA,NA,NA
1852-05-11 21:00:00,15.56,NA,NA,NA,NA,NA,1017.27,NA,NA,NA,NA,NA,2.78,NA,NA,NA,NA,NA
1852-05-12,NA,NA,NA,NA,NA,NA,NA,NA,"empty","empty",NA,0,NA,11.94,NA,NA,NA,",halo,"
1852-05-12 06:00:00,13.33,NA,NA,NA,NA,NA,1015.92,NA,NA,NA,NA,NA,-0.56,NA,NA,NA,NA,NA
1852-05-12 09:00:00,15,NA,NA,NA,NA,NA,1015.58,NA,NA,NA,NA,NA,17.22,NA,NA,NA,NA,NA
1852-05-12 15:00:00,17.22,NA,NA,NA,NA,NA,1014.9,NA,NA,NA,NA,NA,21.11,NA,NA,NA,NA,NA
1852-05-12 21:00:00,15.56,NA,NA,NA,NA,NA,1016.93,NA,NA,NA,NA,NA,10,NA,NA,NA,NA,NA
1852-05-13,NA,NA,NA,NA,NA,NA,NA,NA,"empty","empty",NA,0,NA,5.28,NA,NA,NA,",halo,"
1852-05-13 06:00:00,13.89,NA,NA,NA,NA,NA,1015.92,NA,NA,NA,NA,NA,3.33,NA,NA,NA,NA,NA
1852-05-13 09:00:00,13.89,NA,NA,NA,NA,NA,1023.37,NA,NA,NA,NA,NA,6.67,NA,NA,NA,NA,NA
1852-05-13 15:00:00,13.89,NA,NA,NA,NA,NA,1023.37,NA,NA,NA,NA,NA,9.44,NA,NA,NA,NA,NA
1852-05-13 21:00:00,13.89,NA,NA,NA,NA,NA,1023.37,NA,NA,NA,NA,NA,1.67,NA,NA,NA,NA,NA
1852-05-14,NA,NA,NA,NA,NA,NA,NA,NA,"11 pm","12 pm",NA,0,NA,8.33,NA,NA,NA,",ra,"
1852-05-14 06:00:00,12.78,NA,NA,NA,NA,NA,1022.01,NA,NA,NA,NA,NA,-0.56,NA,NA,NA,NA,NA
1852-05-14 09:00:00,12.78,NA,NA,NA,NA,NA,1022.01,NA,NA,NA,NA,NA,10.56,NA,NA,NA,NA,NA
1852-05-14 15:00:00,13.33,NA,NA,NA,NA,NA,1018.29,NA,NA,NA,NA,NA,15.56,NA,NA,NA,NA,NA
1852-05-14 21:00:00,13.89,NA,NA,NA,NA,NA,1014.9,NA,NA,NA,NA,NA,7.78,NA,NA,NA,NA,NA
1852-05-15,NA,NA,NA,NA,NA,NA,NA,NA,"empty","empty",NA,0.25,NA,8.06,NA,NA,NA,NA
1852-05-15 06:00:00,12.78,NA,NA,NA,NA,NA,1009.82,NA,NA,NA,NA,NA,5,NA,NA,NA,NA,NA
1852-05-15 09:00:00,13.89,NA,NA,NA,NA,NA,1008.81,NA,NA,NA,NA,NA,8.33,NA,NA,NA,NA,NA
1852-05-15 15:00:00,15.56,NA,NA,NA,NA,NA,1006.1,NA,NA,NA,NA,NA,12.22,NA,NA,NA,NA,NA
1852-05-15 21:00:00,18.33,NA,NA,NA,NA,NA,1007.45,NA,NA,NA,NA,NA,6.67,NA,NA,NA,NA,NA
1852-05-16,NA,NA,NA,NA,NA,NA,NA,NA,"am","5 pm",NA,0,NA,11.25,NA,NA,NA,",ra,"
1852-05-16 06:00:00,13.89,NA,NA,NA,NA,NA,1007.79,NA,NA,NA,NA,NA,6.67,NA,NA,NA,NA,NA
1852-05-16 09:00:00,13.89,NA,NA,NA,NA,NA,1008.47,NA,NA,NA,NA,NA,12.22,NA,NA,NA,NA,NA
1852-05-16 15:00:00,15.56,NA,NA,NA,NA,NA,1006.1,NA,NA,NA,NA,NA,16.11,NA,NA,NA,NA,NA
1852-05-16 21:00:00,15.56,NA,NA,NA,NA,NA,1005.76,NA,NA,NA,NA,NA,10.56,NA,NA,NA,NA,NA
1852-05-17,NA,NA,NA,NA,NA,NA,NA,NA,"empty","empty",NA,0.69,NA,17.08,NA,NA,NA,NA
1852-05-17 06:00:00,15,NA,NA,NA,NA,NA,1005.76,NA,NA,NA,NA,NA,5.56,NA,NA,NA,NA,NA
1852-05-17 09:00:00,16.67,NA,NA,NA,NA,NA,1006.77,NA,NA,NA,NA,NA,18.89,NA,NA,NA,NA,NA
1852-05-17 15:00:00,18.33,NA,NA,NA,NA,NA,1005.42,NA,NA,NA,NA,NA,25.56,NA,NA,NA,NA,NA
1852-05-17 21:00:00,17.22,NA,NA,NA,NA,NA,1006.1,NA,NA,NA,NA,NA,18.33,NA,NA,NA,NA,NA
1852-05-18,NA,NA,NA,NA,NA,NA,NA,NA,"am","9 am",NA,0,NA,14.72,NA,NA,NA,",sh,"
1852-05-18 06:00:00,18.33,NA,NA,NA,NA,NA,1003.39,NA,NA,NA,NA,NA,9.44,NA,NA,NA,NA,NA
1852-05-18 09:00:00,17.78,NA,NA,NA,NA,NA,1002.37,NA,NA,NA,NA,NA,19.44,NA,NA,NA,NA,NA
1852-05-18 15:00:00,17.78,NA,NA,NA,NA,NA,1002.71,NA,NA,NA,NA,NA,22.78,NA,NA,NA,NA,NA
1852-05-18 21:00:00,17.78,NA,NA,NA,NA,NA,1009.14,NA,NA,NA,NA,NA,7.22,NA,NA,NA,NA,NA
1852-05-19,NA,NA,NA,NA,NA,NA,NA,NA,"empty","empty",NA,0.25,NA,10,NA,NA,NA,",halo,"
1852-05-19 06:00:00,15.56,NA,NA,NA,NA,NA,1013.88,NA,NA,NA,NA,NA,0,NA,NA,NA,NA,NA
1852-05-19 09:00:00,15.56,NA,NA,NA,NA,NA,1015.24,NA,NA,NA,NA,NA,14.44,NA,NA,NA,NA,NA
1852-05-19 15:00:00,17.22,NA,NA,NA,NA,NA,1014.22,NA,NA,NA,NA,NA,17.22,NA,NA,NA,NA,NA
1852-05-19 21:00:00,17.22,NA,NA,NA,NA,NA,1013.55,NA,NA,NA,NA,NA,8.33,NA,NA,NA,NA,NA
1852-05-20,NA,NA,NA,NA,NA,NA,NA,NA,"empty","empty",NA,0,NA,14.72,NA,NA,NA,NA
1852-05-20 06:00:00,15,NA,NA,NA,NA,NA,1011.51,NA,NA,NA,NA,NA,2.78,NA,NA,NA,NA,NA
1852-05-20 09:00:00,15.56,NA,NA,NA,NA,NA,1010.5,NA,NA,NA,NA,NA,18.89,NA,NA,NA,NA,NA
1852-05-20 15:00:00,18.89,NA,NA,NA,NA,NA,1008.13,NA,NA,NA,NA,NA,25,NA,NA,NA,NA,NA
1852-05-20 21:00:00,19.44,NA,NA,NA,NA,NA,1008.47,NA,NA,NA,NA,NA,12.22,NA,NA,NA,NA,NA
1852-05-21,NA,NA,NA,NA,NA,NA,NA,NA,"empty","empty",NA,0,NA,11.53,NA,NA,NA,NA
1852-05-21 06:00:00,17.22,NA,NA,NA,NA,NA,1006.77,NA,NA,NA,NA,NA,5.56,NA,NA,NA,NA,NA
1852-05-21 09:00:00,15.56,NA,NA,NA,NA,NA,994.24,NA,NA,NA,NA,NA,13.89,NA,NA,NA,NA,NA
1852-05-21 15:00:00,18.33,NA,NA,NA,NA,NA,1010.84,NA,NA,NA,NA,NA,18.33,NA,NA,NA,NA,NA
1852-05-21 21:00:00,17.78,NA,NA,NA,NA,NA,1013.21,NA,NA,NA,NA,NA,8.33,NA,NA,NA,NA,NA
1852-05-22,NA,NA,NA,NA,NA,NA,NA,NA,"empty","empty",NA,0,NA,13.47,NA,NA,NA,",halo,"
1852-05-22 06:00:00,15.56,NA,NA,NA,NA,NA,1013.55,NA,NA,NA,NA,NA,2.78,NA,NA,NA,NA,NA
1852-05-22 09:00:00,17.22,NA,NA,NA,NA,NA,1011.85,NA,NA,NA,NA,NA,18.33,NA,NA,NA,NA,NA
1852-05-22 15:00:00,20,NA,NA,NA,NA,NA,1009.48,NA,NA,NA,NA,NA,22.78,NA,NA,NA,NA,NA
1852-05-22 21:00:00,18.89,NA,NA,NA,NA,NA,1010.5,NA,NA,NA,NA,NA,10,NA,NA,NA,NA,NA
1852-05-23,NA,NA,NA,NA,NA,NA,NA,NA,"empty","empty",NA,0,NA,14.86,NA,NA,NA,",fu,"
1852-05-23 06:00:00,16.67,NA,NA,NA,NA,NA,1009.82,NA,NA,NA,NA,NA,10,NA,NA,NA,NA,NA
1852-05-23 09:00:00,18.89,NA,NA,NA,NA,NA,1007.45,NA,NA,NA,NA,NA,21.11,NA,NA,NA,NA,NA
1852-05-23 15:00:00,22.78,NA,NA,NA,NA,NA,1004.4,NA,NA,NA,NA,NA,25.56,NA,NA,NA,NA,NA
1852-05-23 21:00:00,20,NA,NA,NA,NA,NA,1012.53,NA,NA,NA,NA,NA,2.78,NA,NA,NA,NA,NA
1852-05-24,NA,NA,NA,NA,NA,NA,NA,NA,"empty","empty",NA,0,NA,5.42,NA,NA,NA,NA
1852-05-24 06:00:00,15.56,NA,NA,NA,NA,NA,1014.9,NA,NA,NA,NA,NA,-1.11,NA,NA,NA,NA,NA
1852-05-24 09:00:00,15.56,NA,NA,NA,NA,NA,1015.58,NA,NA,NA,NA,NA,8.89,NA,NA,NA,NA,NA
1852-05-24 15:00:00,14.44,NA,NA,NA,NA,NA,1014.9,NA,NA,NA,NA,NA,10.56,NA,NA,NA,NA,NA
1852-05-24 21:00:00,16.11,NA,NA,NA,NA,NA,1008.47,NA,NA,NA,NA,NA,3.33,NA,NA,NA,NA,NA
1852-05-25,NA,NA,NA,NA,NA,NA,NA,NA,"11 am","2 pm",NA,0,NA,7.22,NA,NA,NA,",sn,"
1852-05-25 06:00:00,14.44,NA,NA,NA,NA,NA,996.61,NA,NA,NA,NA,NA,2.22,NA,NA,NA,NA,NA
1852-05-25 09:00:00,15.56,NA,NA,NA,NA,NA,992.89,NA,NA,NA,NA,NA,20,NA,NA,NA,NA,NA
1852-05-25 15:00:00,15,NA,NA,NA,NA,NA,993.23,NA,NA,NA,NA,NA,5,NA,NA,NA,NA,NA
1852-05-25 21:00:00,15.56,NA,NA,NA,NA,NA,998.65,NA,NA,NA,NA,NA,1.67,NA,NA,NA,NA,NA
1852-05-26,NA,NA,NA,NA,NA,NA,NA,NA,"empty","empty",NA,3.05,NA,4.86,NA,NA,NA,NA
1852-05-26 06:00:00,13.33,NA,NA,NA,NA,NA,1000.34,NA,NA,NA,NA,NA,-1.11,NA,NA,NA,NA,NA
1852-05-26 09:00:00,13.33,NA,NA,NA,NA,NA,1002.71,NA,NA,NA,NA,NA,7.78,NA,NA,NA,NA,NA
1852-05-26 15:00:00,12.78,NA,NA,NA,NA,NA,1003.05,NA,NA,NA,NA,NA,10.56,NA,NA,NA,NA,NA
1852-05-26 21:00:00,13.89,NA,NA,NA,NA,NA,1006.1,NA,NA,NA,NA,NA,2.22,NA,NA,NA,NA,NA
1852-05-27,NA,NA,NA,NA,NA,NA,NA,NA,"9 pm","empty",NA,0,NA,12.5,NA,NA,NA,",halo,"
1852-05-27 06:00:00,11.67,NA,NA,NA,NA,NA,1006.77,NA,NA,NA,NA,NA,-1.11,NA,NA,NA,NA,NA
1852-05-27 09:00:00,12.78,NA,NA,NA,NA,NA,1007.11,NA,NA,NA,NA,NA,19.44,NA,NA,NA,NA,NA
1852-05-27 15:00:00,16.11,NA,NA,NA,NA,NA,1006.1,NA,NA,NA,NA,NA,22.78,NA,NA,NA,NA,NA
1852-05-27 21:00:00,14.44,NA,NA,NA,NA,NA,1007.45,NA,NA,NA,NA,NA,8.89,NA,NA,NA,NA,NA
1852-05-28,NA,NA,NA,NA,NA,NA,NA,NA,"empty","7 am",NA,0,NA,6.11,NA,NA,NA,NA
1852-05-28 06:00:00,14.44,NA,NA,NA,NA,NA,1000.34,NA,NA,NA,NA,NA,3.33,NA,NA,NA,NA,NA
1852-05-28 09:00:00,14.44,NA,NA,NA,NA,NA,999.66,NA,NA,NA,NA,NA,5.56,NA,NA,NA,NA,NA
1852-05-28 15:00:00,14.44,NA,NA,NA,NA,NA,1004.06,NA,NA,NA,NA,NA,11.67,NA,NA,NA,NA,NA
1852-05-28 21:00:00,14.44,NA,NA,NA,NA,NA,1011.18,NA,NA,NA,NA,NA,3.89,NA,NA,NA,NA,NA
1852-05-29,NA,NA,NA,NA,NA,NA,NA,NA,"empty","empty",NA,13.21,NA,12.64,NA,NA,NA,",halo,"
1852-05-29 06:00:00,12.78,NA,NA,NA,NA,NA,1013.21,NA,NA,NA,NA,NA,0.56,NA,NA,NA,NA,NA
1852-05-29 09:00:00,13.89,NA,NA,NA,NA,NA,1013.88,NA,NA,NA,NA,NA,20,NA,NA,NA,NA,NA
1852-05-29 15:00:00,17.22,NA,NA,NA,NA,NA,1010.16,NA,NA,NA,NA,NA,21.11,NA,NA,NA,NA,NA
1852-05-29 21:00:00,15.56,NA,NA,NA,NA,NA,1007.79,NA,NA,NA,NA,NA,8.89,NA,NA,NA,NA,NA
1852-05-30,NA,NA,NA,NA,NA,NA,NA,NA,"2 pm","5 pm",NA,0,NA,12.36,NA,NA,NA,NA
1852-05-30 06:00:00,15.56,NA,NA,NA,NA,NA,1001.36,NA,NA,NA,NA,NA,5,NA,NA,NA,NA,NA
1852-05-30 09:00:00,16.11,NA,NA,NA,NA,NA,999.32,NA,NA,NA,NA,NA,15.56,NA,NA,NA,NA,NA
1852-05-30 15:00:00,17.78,NA,NA,NA,NA,NA,992.55,NA,NA,NA,NA,NA,17.78,NA,NA,NA,NA,NA
1852-05-30 21:00:00,18.33,NA,NA,NA,NA,NA,991.87,NA,NA,NA,NA,NA,11.11,NA,NA,NA,NA,NA
1852-05-31,NA,NA,NA,NA,NA,NA,NA,NA,"empty","empty",NA,2.03,NA,9.86,NA,NA,NA,NA
1852-05-31 06:00:00,15.56,NA,NA,NA,NA,NA,995.6,NA,NA,NA,NA,NA,5,NA,NA,NA,NA,NA
1852-05-31 09:00:00,16.11,NA,NA,NA,NA,NA,998.31,NA,NA,NA,NA,NA,13.33,NA,NA,NA,NA,NA
1852-05-31 15:00:00,16.11,NA,NA,NA,NA,NA,997.63,NA,NA,NA,NA,NA,15,NA,NA,NA,NA,NA
1852-05-31 21:00:00,16.11,NA,NA,NA,NA,NA,1001.02,NA,NA,NA,NA,NA,6.11,NA,NA,NA,NA,NA
1852-06-01,NA,NA,NA,NA,NA,NA,NA,NA,"empty","empty",NA,0,NA,7.92,NA,NA,NA,NA
1852-06-01 06:00:00,13.89,NA,NA,NA,NA,NA,1001.36,NA,NA,NA,NA,NA,-0.56,NA,NA,NA,NA,NA
1852-06-01 09:00:00,14.44,NA,NA,NA,NA,NA,1001.69,NA,NA,NA,NA,NA,15.56,NA,NA,NA,NA,NA
1852-06-01 15:00:00,15.56,NA,NA,NA,NA,NA,1000.68,NA,NA,NA,NA,NA,13.33,NA,NA,NA,NA,NA
1852-06-01 21:00:00,15,NA,NA,NA,NA,NA,1003.39,NA,NA,NA,NA,NA,3.33,NA,NA,NA,NA,NA
1852-06-02,NA,NA,NA,NA,NA,NA,NA,NA,"empty","empty",NA,0,NA,11.11,NA,NA,NA,",ra,"
1852-06-02 06:00:00,12.78,NA,NA,NA,NA,NA,1004.4,NA,NA,NA,NA,NA,-1.67,NA,NA,NA,NA,NA
1852-06-02 09:00:00,13.33,NA,NA,NA,NA,NA,1005.42,NA,NA,NA,NA,NA,16.11,NA,NA,NA,NA,NA
1852-06-02 15:00:00,16.11,NA,NA,NA,NA,NA,1004.74,NA,NA,NA,NA,NA,17.22,NA,NA,NA,NA,NA
1852-06-02 21:00:00,17.78,NA,NA,NA,NA,NA,1002.03,NA,NA,NA,NA,NA,12.78,NA,NA,NA,NA,NA
1852-06-03,NA,NA,NA,NA,NA,NA,NA,NA,"6 pm","12 pm",NA,0,NA,15.83,NA,NA,NA,NA
1852-06-03 06:00:00,16.67,NA,NA,NA,NA,NA,996.95,NA,NA,NA,NA,NA,8.33,NA,NA,NA,NA,NA
1852-06-03 09:00:00,17.22,NA,NA,NA,NA,NA,997.63,NA,NA,NA,NA,NA,21.67,NA,NA,NA,NA,NA
1852-06-03 15:00:00,17.78,NA,NA,NA,NA,NA,997.97,NA,NA,NA,NA,NA,20.56,NA,NA,NA,NA,NA
1852-06-03 21:00:00,18.33,NA,NA,NA,NA,NA,995.94,NA,NA,NA,NA,NA,12.78,NA,NA,NA,NA,NA
1852-06-04,NA,NA,NA,NA,NA,NA,NA,NA,"empty","empty",NA,1.52,NA,11.81,NA,NA,NA,NA
1852-06-04 06:00:00,17.78,NA,NA,NA,NA,NA,994.24,NA,NA,NA,NA,NA,11.11,NA,NA,NA,NA,NA
1852-06-04 09:00:00,16.11,NA,NA,NA,NA,NA,994.58,NA,NA,NA,NA,NA,16.11,NA,NA,NA,NA,NA
1852-06-04 15:00:00,16.11,NA,NA,NA,NA,NA,999.66,NA,NA,NA,NA,NA,13.89,NA,NA,NA,NA,NA
1852-06-04 21:00:00,17.22,NA,NA,NA,NA,NA,1005.08,NA,NA,NA,NA,NA,6.11,NA,NA,NA,NA,NA
1852-06-05,NA,NA,NA,NA,NA,NA,NA,NA,"empty","empty",NA,0,NA,8.06,NA,NA,NA,",br,"
1852-06-05 06:00:00,14.44,NA,NA,NA,NA,NA,1005.42,NA,NA,NA,NA,NA,0,NA,NA,NA,NA,NA
1852-06-05 09:00:00,14.44,NA,NA,NA,NA,NA,1005.76,NA,NA,NA,NA,NA,11.67,NA,NA,NA,NA,NA
1852-06-05 15:00:00,15.56,NA,NA,NA,NA,NA,1005.08,NA,NA,NA,NA,NA,14.44,NA,NA,NA,NA,NA
1852-06-05 21:00:00,15.56,NA,NA,NA,NA,NA,1005.76,NA,NA,NA,NA,NA,6.11,NA,NA,NA,NA,NA
1852-06-06,NA,NA,NA,NA,NA,NA,NA,NA,"empty","empty",NA,0,NA,10.28,NA,NA,NA,NA
1852-06-06 06:00:00,13.89,NA,NA,NA,NA,NA,1005.42,NA,NA,NA,NA,NA,2.78,NA,NA,NA,NA,NA
1852-06-06 09:00:00,14.44,NA,NA,NA,NA,NA,1006.1,NA,NA,NA,NA,NA,14.44,NA,NA,NA,NA,NA
1852-06-06 15:00:00,15,NA,NA,NA,NA,NA,1006.1,NA,NA,NA,NA,NA,16.11,NA,NA,NA,NA,NA
1852-06-06 21:00:00,16.11,NA,NA,NA,NA,NA,1006.77,NA,NA,NA,NA,NA,7.78,NA,NA,NA,NA,NA
1852-06-07,NA,NA,NA,NA,NA,NA,NA,NA,"empty","empty",NA,0,NA,15.97,NA,NA,NA,NA
1852-06-07 06:00:00,15,NA,NA,NA,NA,NA,1007.45,NA,NA,NA,NA,NA,6.11,NA,NA,NA,NA,NA
1852-06-07 09:00:00,15.56,NA,NA,NA,NA,NA,1008.13,NA,NA,NA,NA,NA,19.44,NA,NA,NA,NA,NA
1852-06-07 15:00:00,17.22,NA,NA,NA,NA,NA,1006.77,NA,NA,NA,NA,NA,24.44,NA,NA,NA,NA,NA
1852-06-07 21:00:00,18.89,NA,NA,NA,NA,NA,1009.48,NA,NA,NA,NA,NA,13.89,NA,NA,NA,NA,NA
1852-06-08,NA,NA,NA,NA,NA,NA,NA,NA,"empty","empty",NA,0,NA,18.89,NA,NA,NA,",ra,"
1852-06-08 06:00:00,18.89,NA,NA,NA,NA,NA,1010.16,NA,NA,NA,NA,NA,12.78,NA,NA,NA,NA,NA
1852-06-08 09:00:00,18.89,NA,NA,NA,NA,NA,1011.18,NA,NA,NA,NA,NA,23.33,NA,NA,NA,NA,NA
1852-06-08 15:00:00,19.44,NA,NA,NA,NA,NA,1012.19,NA,NA,NA,NA,NA,23.33,NA,NA,NA,NA,NA
1852-06-08 21:00:00,20.56,NA,NA,NA,NA,NA,1014.56,NA,NA,NA,NA,NA,16.11,NA,NA,NA,NA,NA
1852-06-09,NA,NA,NA,NA,NA,NA,NA,NA,"5 am","3 pm",NA,0,NA,17.5,NA,NA,NA,",ra,"
1852-06-09 06:00:00,18.89,NA,NA,NA,NA,NA,1009.82,NA,NA,NA,NA,NA,14.44,NA,NA,NA,NA,NA
1852-06-09 09:00:00,19.44,NA,NA,NA,NA,NA,1007.11,NA,NA,NA,NA,NA,16.11,NA,NA,NA,NA,NA
1852-06-09 15:00:00,20.56,NA,NA,NA,NA,NA,1003.05,NA,NA,NA,NA,NA,20.56,NA,NA,NA,NA,NA
1852-06-09 21:00:00,20.56,NA,NA,NA,NA,NA,1004.74,NA,NA,NA,NA,NA,18.89,NA,NA,NA,NA,NA
1852-06-10,NA,NA,NA,NA,NA,NA,NA,NA,"empty","empty",NA,25.53,NA,17.64,NA,NA,NA,",halo,"
1852-06-10 06:00:00,18.89,NA,NA,NA,NA,NA,1006.77,NA,NA,NA,NA,NA,10.56,NA,NA,NA,NA,NA
1852-06-10 09:00:00,18.89,NA,NA,NA,NA,NA,1009.14,NA,NA,NA,NA,NA,21.11,NA,NA,NA,NA,NA
1852-06-10 15:00:00,20.56,NA,NA,NA,NA,NA,1008.81,NA,NA,NA,NA,NA,26.11,NA,NA,NA,NA,NA
1852-06-10 21:00:00,20,NA,NA,NA,NA,NA,1007.45,NA,NA,NA,NA,NA,12.78,NA,NA,NA,NA,NA
1852-06-11,NA,NA,NA,NA,NA,NA,NA,NA,"empty","empty",NA,0,NA,15.42,NA,NA,NA,NA
1852-06-11 06:00:00,18.33,NA,NA,NA,NA,NA,1008.13,NA,NA,NA,NA,NA,8.89,NA,NA,NA,NA,NA
1852-06-11 09:00:00,16.11,NA,NA,NA,NA,NA,1009.48,NA,NA,NA,NA,NA,18.33,NA,NA,NA,NA,NA
1852-06-11 15:00:00,17.78,NA,NA,NA,NA,NA,1009.82,NA,NA,NA,NA,NA,22.78,NA,NA,NA,NA,NA
1852-06-11 21:00:00,17.78,NA,NA,NA,NA,NA,1015.24,NA,NA,NA,NA,NA,11.67,NA,NA,NA,NA,NA
1852-06-12,NA,NA,NA,NA,NA,NA,NA,NA,"empty","empty",NA,0,NA,10.97,NA,NA,NA,NA
1852-06-12 06:00:00,16.11,NA,NA,NA,NA,NA,1017.95,NA,NA,NA,NA,NA,3.33,NA,NA,NA,NA,NA
1852-06-12 09:00:00,16.11,NA,NA,NA,NA,NA,1019.64,NA,NA,NA,NA,NA,17.78,NA,NA,NA,NA,NA
1852-06-12 15:00:00,16.67,NA,NA,NA,NA,NA,1019.3,NA,NA,NA,NA,NA,16.11,NA,NA,NA,NA,NA
1852-06-12 21:00:00,16.11,NA,NA,NA,NA,NA,1021,NA,NA,NA,NA,NA,6.67,NA,NA,NA,NA,NA
1852-06-13,NA,NA,NA,NA,NA,NA,NA,NA,"empty","empty",NA,0,NA,10.97,NA,NA,NA,NA
1852-06-13 06:00:00,14.44,NA,NA,NA,NA,NA,1021.67,NA,NA,NA,NA,NA,4.44,NA,NA,NA,NA,NA
1852-06-13 09:00:00,14.44,NA,NA,NA,NA,NA,1023.03,NA,NA,NA,NA,NA,17.22,NA,NA,NA,NA,NA
1852-06-13 15:00:00,15.56,NA,NA,NA,NA,NA,1022.69,NA,NA,NA,NA,NA,15.56,NA,NA,NA,NA,NA
1852-06-13 21:00:00,15.56,NA,NA,NA,NA,NA,1023.37,NA,NA,NA,NA,NA,6.67,NA,NA,NA,NA,NA
1852-06-14,NA,NA,NA,NA,NA,NA,NA,NA,"empty","empty",NA,0,NA,12.5,NA,NA,NA,",frst,"
1852-06-14 06:00:00,13.89,NA,NA,NA,NA,NA,1025.06,NA,NA,NA,NA,NA,1.67,NA,NA,NA,NA,NA
1852-06-14 09:00:00,15,NA,NA,NA,NA,NA,1025.4,NA,NA,NA,NA,NA,19.44,NA,NA,NA,NA,NA
1852-06-14 15:00:00,16.67,NA,NA,NA,NA,NA,1022.35,NA,NA,NA,NA,NA,19.44,NA,NA,NA,NA,NA
1852-06-14 21:00:00,15.56,NA,NA,NA,NA,NA,1022.01,NA,NA,NA,NA,NA,7.78,NA,NA,NA,NA,NA
1852-06-15,NA,NA,NA,NA,NA,NA,NA,NA,"empty","empty",NA,0,NA,13.06,NA,NA,NA,NA
1852-06-15 06:00:00,15,NA,NA,NA,NA,NA,1017.61,NA,NA,NA,NA,NA,4.44,NA,NA,NA,NA,NA
1852-06-15 09:00:00,15.56,NA,NA,NA,NA,NA,1015.92,NA,NA,NA,NA,NA,18.33,NA,NA,NA,NA,NA
1852-06-15 15:00:00,17.78,NA,NA,NA,NA,NA,1014.9,NA,NA,NA,NA,NA,21.11,NA,NA,NA,NA,NA
1852-06-15 21:00:00,16.11,NA,NA,NA,NA,NA,1012.53,NA,NA,NA,NA,NA,8.33,NA,NA,NA,NA,NA
1852-06-16,NA,NA,NA,NA,NA,NA,NA,NA,"12 am","8 pm",NA,0,NA,14.44,NA,NA,NA,",ts,"
1852-06-16 06:00:00,15,NA,NA,NA,NA,NA,1007.45,NA,NA,NA,NA,NA,4.44,NA,NA,NA,NA,NA
1852-06-16 09:00:00,15.56,NA,NA,NA,NA,NA,1007.11,NA,NA,NA,NA,NA,19.44,NA,NA,NA,NA,NA
1852-06-16 15:00:00,15.56,NA,NA,NA,NA,NA,1005.42,NA,NA,NA,NA,NA,21.11,NA,NA,NA,NA,NA
1852-06-16 21:00:00,17.22,NA,NA,NA,NA,NA,1004.4,NA,NA,NA,NA,NA,12.78,NA,NA,NA,NA,NA
1852-06-17,NA,NA,NA,NA,NA,NA,NA,NA,"7 am","12 am",NA,0.25,NA,10.69,NA,NA,NA,",ra,"
1852-06-17 06:00:00,17.22,NA,NA,NA,NA,NA,1005.08,NA,NA,NA,NA,NA,12.78,NA,NA,NA,NA,NA
1852-06-17 09:00:00,17.22,NA,NA,NA,NA,NA,1007.11,NA,NA,NA,NA,NA,10,NA,NA,NA,NA,NA
1852-06-17 15:00:00,17.22,NA,NA,NA,NA,NA,1007.79,NA,NA,NA,NA,NA,11.11,NA,NA,NA,NA,NA
1852-06-17 21:00:00,16.67,NA,NA,NA,NA,NA,1007.79,NA,NA,NA,NA,NA,8.89,NA,NA,NA,NA,NA
1852-06-18,NA,NA,NA,NA,NA,NA,NA,NA,"8 pm","10 am",NA,24.38,NA,12.22,NA,NA,NA,",br,"
1852-06-18 06:00:00,15.56,NA,NA,NA,NA,NA,1006.77,NA,NA,NA,NA,NA,7.78,NA,NA,NA,NA,NA
1852-06-18 09:00:00,15.56,NA,NA,NA,NA,NA,1006.43,NA,NA,NA,NA,NA,13.89,NA,NA,NA,NA,NA
1852-06-18 15:00:00,17.22,NA,NA,NA,NA,NA,1004.06,NA,NA,NA,NA,NA,17.22,NA,NA,NA,NA,NA
1852-06-18 21:00:00,16.67,NA,NA,NA,NA,NA,1003.73,NA,NA,NA,NA,NA,10,NA,NA,NA,NA,NA
1852-06-19,NA,NA,NA,NA,NA,NA,NA,NA,"empty","5 am",NA,0.51,NA,14.03,NA,NA,NA,NA
1852-06-19 06:00:00,15.56,NA,NA,NA,NA,NA,1002.37,NA,NA,NA,NA,NA,8.33,NA,NA,NA,NA,NA
1852-06-19 09:00:00,15.56,NA,NA,NA,NA,NA,1002.71,NA,NA,NA,NA,NA,13.89,NA,NA,NA,NA,NA
1852-06-19 15:00:00,17.78,NA,NA,NA,NA,NA,1003.39,NA,NA,NA,NA,NA,21.11,NA,NA,NA,NA,NA
1852-06-19 21:00:00,18.33,NA,NA,NA,NA,NA,1005.76,NA,NA,NA,NA,NA,12.78,NA,NA,NA,NA,NA
1852-06-20,NA,NA,NA,NA,NA,NA,NA,NA,"empty","empty",NA,1.8,NA,18.06,NA,NA,NA,",au,"
1852-06-20 06:00:00,17.22,NA,NA,NA,NA,NA,1007.11,NA,NA,NA,NA,NA,8.89,NA,NA,NA,NA,NA
1852-06-20 09:00:00,17.78,NA,NA,NA,NA,NA,1008.13,NA,NA,NA,NA,NA,23.89,NA,NA,NA,NA,NA
1852-06-20 15:00:00,18.89,NA,NA,NA,NA,NA,1008.13,NA,NA,NA,NA,NA,25,NA,NA,NA,NA,NA
1852-06-20 21:00:00,20,NA,NA,NA,NA,NA,1009.14,NA,NA,NA,NA,NA,14.44,NA,NA,NA,NA,NA
1852-06-21,NA,NA,NA,NA,NA,NA,NA,NA,"9 pm","10 pm",NA,0,NA,17.92,NA,NA,NA,NA
1852-06-21 06:00:00,17.22,NA,NA,NA,NA,NA,1008.81,NA,NA,NA,NA,NA,9.44,NA,NA,NA,NA,NA
1852-06-21 09:00:00,17.22,NA,NA,NA,NA,NA,1009.14,NA,NA,NA,NA,NA,22.22,NA,NA,NA,NA,NA
1852-06-21 15:00:00,18.89,NA,NA,NA,NA,NA,1007.79,NA,NA,NA,NA,NA,23.89,NA,NA,NA,NA,NA
1852-06-21 21:00:00,19.44,NA,NA,NA,NA,NA,1008.81,NA,NA,NA,NA,NA,16.11,NA,NA,NA,NA,NA
1852-06-22,NA,NA,NA,NA,NA,NA,NA,NA,"empty","empty",NA,0.05,NA,16.94,NA,NA,NA,NA
1852-06-22 06:00:00,17.78,NA,NA,NA,NA,NA,1009.82,NA,NA,NA,NA,NA,8.89,NA,NA,NA,NA,NA
1852-06-22 09:00:00,17.78,NA,NA,NA,NA,NA,1009.82,NA,NA,NA,NA,NA,20.56,NA,NA,NA,NA,NA
1852-06-22 15:00:00,20,NA,NA,NA,NA,NA,1009.48,NA,NA,NA,NA,NA,25.56,NA,NA,NA,NA,NA
1852-06-22 21:00:00,19.44,NA,NA,NA,NA,NA,1009.82,NA,NA,NA,NA,NA,12.78,NA,NA,NA,NA,NA
1852-06-23,NA,NA,NA,NA,NA,NA,NA,NA,"9 am","3 pm",NA,0,NA,15.97,NA,NA,NA,",ts,"
1852-06-23 06:00:00,20,NA,NA,NA,NA,NA,1005.08,NA,NA,NA,NA,NA,10.56,NA,NA,NA,NA,NA
1852-06-23 09:00:00,17.22,NA,NA,NA,NA,NA,1002.71,NA,NA,NA,NA,NA,15.56,NA,NA,NA,NA,NA
1852-06-23 15:00:00,18.33,NA,NA,NA,NA,NA,998.98,NA,NA,NA,NA,NA,19.44,NA,NA,NA,NA,NA
1852-06-23 21:00:00,18.33,NA,NA,NA,NA,NA,1000,NA,NA,NA,NA,NA,18.33,NA,NA,NA,NA,NA
1852-06-24,NA,NA,NA,NA,NA,NA,NA,NA,"empty","empty",NA,5.33,NA,16.11,NA,NA,NA,NA
1852-06-24 06:00:00,17.22,NA,NA,NA,NA,NA,1000.34,NA,NA,NA,NA,NA,8.33,NA,NA,NA,NA,NA
1852-06-24 09:00:00,17.22,NA,NA,NA,NA,NA,1001.69,NA,NA,NA,NA,NA,20,NA,NA,NA,NA,NA
1852-06-24 15:00:00,20,NA,NA,NA,NA,NA,1001.69,NA,NA,NA,NA,NA,22.78,NA,NA,NA,NA,NA
1852-06-24 21:00:00,19.44,NA,NA,NA,NA,NA,1002.03,NA,NA,NA,NA,NA,13.33,NA,NA,NA,NA,NA
1852-06-25,NA,NA,NA,NA,NA,NA,NA,NA,"11 am","2 pm",NA,0,NA,14.31,NA,NA,NA,",ra,"
1852-06-25 06:00:00,18.33,NA,NA,NA,NA,NA,998.65,NA,NA,NA,NA,NA,7.78,NA,NA,NA,NA,NA
1852-06-25 09:00:00,18.33,NA,NA,NA,NA,NA,994.92,NA,NA,NA,NA,NA,20.56,NA,NA,NA,NA,NA
1852-06-25 15:00:00,17.78,NA,NA,NA,NA,NA,993.91,NA,NA,NA,NA,NA,17.22,NA,NA,NA,NA,NA
1852-06-25 21:00:00,17.78,NA,NA,NA,NA,NA,996.28,NA,NA,NA,NA,NA,11.67,NA,NA,NA,NA,NA
1852-06-26,NA,NA,NA,NA,NA,NA,NA,NA,"10 pm","12 pm",NA,1.27,NA,15.97,NA,NA,NA,NA
1852-06-26 06:00:00,17.22,NA,NA,NA,NA,NA,1001.69,NA,NA,NA,NA,NA,7.78,NA,NA,NA,NA,NA
1852-06-26 09:00:00,17.22,NA,NA,NA,NA,NA,1003.05,NA,NA,NA,NA,NA,21.11,NA,NA,NA,NA,NA
1852-06-26 15:00:00,18.33,NA,NA,NA,NA,NA,1004.4,NA,NA,NA,NA,NA,21.11,NA,NA,NA,NA,NA
1852-06-26 21:00:00,18.89,NA,NA,NA,NA,NA,1008.13,NA,NA,NA,NA,NA,13.89,NA,NA,NA,NA,NA
1852-06-27,NA,NA,NA,NA,NA,NA,NA,NA,"empty","empty",NA,1.19,NA,19.72,NA,NA,NA,NA
1852-06-27 06:00:00,18.89,NA,NA,NA,NA,NA,1009.48,NA,NA,NA,NA,NA,10,NA,NA,NA,NA,NA
1852-06-27 09:00:00,18.89,NA,NA,NA,NA,NA,1010.16,NA,NA,NA,NA,NA,23.89,NA,NA,NA,NA,NA
1852-06-27 15:00:00,23.33,NA,NA,NA,NA,NA,1008.81,NA,NA,NA,NA,NA,28.33,NA,NA,NA,NA,NA
1852-06-27 21:00:00,20,NA,NA,NA,NA,NA,1008.81,NA,NA,NA,NA,NA,16.67,NA,NA,NA,NA,NA
1852-06-28,NA,NA,NA,NA,NA,NA,NA,NA,"empty","empty",NA,0,NA,16.67,NA,NA,NA,NA
1852-06-28 06:00:00,19.44,NA,NA,NA,NA,NA,1007.45,NA,NA,NA,NA,NA,12.78,NA,NA,NA,NA,NA
1852-06-28 09:00:00,18.89,NA,NA,NA,NA,NA,1007.79,NA,NA,NA,NA,NA,22.78,NA,NA,NA,NA,NA
1852-06-28 15:00:00,21.11,NA,NA,NA,NA,NA,1007.11,NA,NA,NA,NA,NA,25.56,NA,NA,NA,NA,NA
1852-06-28 21:00:00,19.44,NA,NA,NA,NA,NA,1008.47,NA,NA,NA,NA,NA,12.78,NA,NA,NA,NA,NA
1852-06-29,NA,NA,NA,NA,NA,NA,NA,NA,"empty","empty",NA,0,NA,18.75,NA,NA,NA,NA
1852-06-29 06:00:00,17.78,NA,NA,NA,NA,NA,1008.81,NA,NA,NA,NA,NA,7.78,NA,NA,NA,NA,NA
1852-06-29 09:00:00,18.89,NA,NA,NA,NA,NA,1009.48,NA,NA,NA,NA,NA,23.89,NA,NA,NA,NA,NA
1852-06-29 15:00:00,22.22,NA,NA,NA,NA,NA,1007.45,NA,NA,NA,NA,NA,27.22,NA,NA,NA,NA,NA
1852-06-29 21:00:00,20,NA,NA,NA,NA,NA,1006.43,NA,NA,NA,NA,NA,16.11,NA,NA,NA,NA,NA
1852-06-30,NA,NA,NA,NA,NA,NA,NA,NA,"3 pm","8 pm",NA,0,NA,18.61,NA,NA,NA,",ra,"
1852-06-30 06:00:00,20,NA,NA,NA,NA,NA,1005.42,NA,NA,NA,NA,NA,13.33,NA,NA,NA,NA,NA
1852-06-30 09:00:00,21.11,NA,NA,NA,NA,NA,1005.42,NA,NA,NA,NA,NA,25.56,NA,NA,NA,NA,NA
1852-06-30 15:00:00,22.22,NA,NA,NA,NA,NA,1004.4,NA,NA,NA,NA,NA,32.22,NA,NA,NA,NA,NA
1852-06-30 21:00:00,21.11,NA,NA,NA,NA,NA,1006.43,NA,NA,NA,NA,NA,12.78,NA,NA,NA,NA,NA
1852-07-01,NA,NA,NA,NA,NA,NA,NA,NA,NA,NA,NA,10.16,NA,NA,NA,NA,NA,NA
1853-04-01,NA,NA,NA,NA,NA,NA,NA,NA,"7pm","empty",NA,NA,NA,0.97,NA,NA,NA,",sn,"
1853-04-01 06:00:00,16.11,NA,NA,NA,NA,NA,1016.59,NA,NA,NA,NA,NA,-5.56,NA,NA,NA,NA,NA
1853-04-01 09:00:00,18.33,NA,NA,NA,NA,NA,1015.58,NA,NA,NA,NA,NA,1.67,NA,NA,NA,NA,NA
1853-04-01 15:00:00,18.89,NA,NA,NA,NA,NA,1012.53,NA,NA,NA,NA,NA,7.78,NA,NA,NA,NA,NA
1853-04-01 21:00:00,22.22,NA,NA,NA,NA,NA,1009.14,NA,NA,NA,NA,NA,0,NA,NA,NA,NA,NA
1853-04-02,NA,NA,NA,NA,NA,NA,NA,NA,"empty","7am",NA,0,NA,2.22,NA,NA,NA,",sn,"
1853-04-02 06:00:00,17.22,NA,NA,NA,NA,NA,1009.14,NA,NA,NA,NA,NA,-2.78,NA,NA,NA,NA,NA
1853-04-02 09:00:00,18.33,NA,NA,NA,NA,NA,1011.18,NA,NA,NA,NA,NA,3.89,NA,NA,NA,NA,NA
1853-04-02 15:00:00,20.56,NA,NA,NA,NA,NA,1008.81,NA,NA,NA,NA,NA,7.22,NA,NA,NA,NA,NA
1853-04-02 21:00:00,21.11,NA,NA,NA,NA,NA,1006.43,NA,NA,NA,NA,NA,0.56,NA,NA,NA,NA,NA
1853-04-03,NA,NA,NA,NA,NA,NA,NA,NA,"6am","empty",NA,2.79,NA,0.14,NA,NA,NA,",sn,"
1853-04-03 06:00:00,17.22,NA,NA,NA,NA,NA,995.6,NA,NA,NA,NA,NA,-1.67,NA,NA,NA,NA,NA
1853-04-03 09:00:00,18.33,NA,NA,NA,NA,NA,994.24,NA,NA,NA,NA,NA,2.78,NA,NA,NA,NA,NA
1853-04-03 15:00:00,20.56,NA,NA,NA,NA,NA,989.84,NA,NA,NA,NA,NA,1.11,NA,NA,NA,NA,NA
1853-04-03 21:00:00,20,NA,NA,NA,NA,NA,987.81,NA,NA,NA,NA,NA,-1.67,NA,NA,NA,NA,NA
1853-04-04,NA,NA,NA,NA,NA,NA,NA,NA,"empty","1pm",NA,0,NA,-0.56,NA,NA,NA,",sn,"
1853-04-04 06:00:00,16.11,NA,NA,NA,NA,NA,993.91,NA,NA,NA,NA,NA,-3.33,NA,NA,NA,NA,NA
1853-04-04 09:00:00,17.22,NA,NA,NA,NA,NA,1004.06,NA,NA,NA,NA,NA,1.11,NA,NA,NA,NA,NA
1853-04-04 15:00:00,18.89,NA,NA,NA,NA,NA,1004.4,NA,NA,NA,NA,NA,2.78,NA,NA,NA,NA,NA
1853-04-04 21:00:00,16.67,NA,NA,NA,NA,NA,1009.48,NA,NA,NA,NA,NA,-2.78,NA,NA,NA,NA,NA
1853-04-05,NA,NA,NA,NA,NA,NA,NA,NA,NA,NA,NA,35.05,NA,-3.75,NA,NA,NA,",fg,"
1853-04-05 06:00:00,12.78,NA,NA,NA,NA,NA,1010.16,NA,NA,NA,NA,NA,-8.89,NA,NA,NA,NA,NA
1853-04-05 09:00:00,12.78,NA,NA,NA,NA,NA,1011.51,NA,NA,NA,NA,NA,0.56,NA,NA,NA,NA,NA
1853-04-05 15:00:00,17.78,NA,NA,NA,NA,NA,1011.85,NA,NA,NA,NA,NA,0,NA,NA,NA,NA,NA
1853-04-05 21:00:00,17.78,NA,NA,NA,NA,NA,1011.85,NA,NA,NA,NA,NA,-6.67,NA,NA,NA,NA,NA
1853-04-06,NA,NA,NA,NA,NA,NA,NA,NA,NA,NA,NA,NA,NA,-5.69,NA,NA,NA,",frst,"
1853-04-06 06:00:00,13.33,NA,NA,NA,NA,NA,1006.43,NA,NA,NA,NA,NA,-15,NA,NA,NA,NA,NA
1853-04-06 09:00:00,15.56,NA,NA,NA,NA,NA,1005.76,NA,NA,NA,NA,NA,-1.11,NA,NA,NA,NA,NA
1853-04-06 15:00:00,16.11,NA,NA,NA,NA,NA,1003.73,NA,NA,NA,NA,NA,-1.11,NA,NA,NA,NA,NA
1853-04-06 21:00:00,20,NA,NA,NA,NA,NA,1000.34,NA,NA,NA,NA,NA,-5.56,NA,NA,NA,NA,NA
1853-04-07,NA,NA,NA,NA,NA,NA,NA,NA,NA,NA,NA,NA,NA,-1.25,NA,NA,NA,NA
1853-04-07 06:00:00,13.89,NA,NA,NA,NA,NA,997.63,NA,NA,NA,NA,NA,-6.67,NA,NA,NA,NA,NA
1853-04-07 09:00:00,14.44,NA,NA,NA,NA,NA,997.97,NA,NA,NA,NA,NA,0.56,NA,NA,NA,NA,NA
1853-04-07 15:00:00,18.33,NA,NA,NA,NA,NA,999.32,NA,NA,NA,NA,NA,5,NA,NA,NA,NA,NA
1853-04-07 21:00:00,20.56,NA,NA,NA,NA,NA,1001.36,NA,NA,NA,NA,NA,-3.89,NA,NA,NA,NA,NA
1853-04-08,NA,NA,NA,NA,NA,NA,NA,NA,"12am","1pm",NA,NA,NA,0.56,NA,NA,NA,",sn,"
1853-04-08 06:00:00,14.44,NA,NA,NA,NA,NA,997.97,NA,NA,NA,NA,NA,-8.89,NA,NA,NA,NA,NA
1853-04-08 09:00:00,16.11,NA,NA,NA,NA,NA,996.95,NA,NA,NA,NA,NA,3.89,NA,NA,NA,NA,NA
1853-04-08 15:00:00,18.33,NA,NA,NA,NA,NA,997.97,NA,NA,NA,NA,NA,7.22,NA,NA,NA,NA,NA
1853-04-08 21:00:00,19.44,NA,NA,NA,NA,NA,1001.69,NA,NA,NA,NA,NA,0,NA,NA,NA,NA,NA
1853-04-09,NA,NA,NA,NA,NA,NA,NA,NA,"10pm","empty",NA,0,NA,0.83,NA,NA,NA,",sn,"
1853-04-09 06:00:00,17.22,NA,NA,NA,NA,NA,1003.39,NA,NA,NA,NA,NA,-7.78,NA,NA,NA,NA,NA
1853-04-09 09:00:00,18.89,NA,NA,NA,NA,NA,1005.42,NA,NA,NA,NA,NA,5,NA,NA,NA,NA,NA
1853-04-09 15:00:00,20,NA,NA,NA,NA,NA,1004.74,NA,NA,NA,NA,NA,5,NA,NA,NA,NA,NA
1853-04-09 21:00:00,19.44,NA,NA,NA,NA,NA,1001.36,NA,NA,NA,NA,NA,1.11,NA,NA,NA,NA,NA
1853-04-10,NA,NA,NA,NA,NA,NA,NA,NA,NA,NA,NA,0,NA,0,NA,NA,NA,",sn,"
1853-04-10 06:00:00,15.56,NA,NA,NA,NA,NA,990.52,NA,NA,NA,NA,NA,-4.44,NA,NA,NA,NA,NA
1853-04-10 09:00:00,17.78,NA,NA,NA,NA,NA,989.16,NA,NA,NA,NA,NA,0,NA,NA,NA,NA,NA
1853-04-10 15:00:00,19.44,NA,NA,NA,NA,NA,988.49,NA,NA,NA,NA,NA,4.44,NA,NA,NA,NA,NA
1853-04-10 21:00:00,21.67,NA,NA,NA,NA,NA,992.89,NA,NA,NA,NA,NA,0,NA,NA,NA,NA,NA
1853-04-11,NA,NA,NA,NA,NA,NA,NA,NA,"empty","2pm",NA,NA,NA,1.81,NA,NA,NA,",sn,"
1853-04-11 06:00:00,17.78,NA,NA,NA,NA,NA,994.58,NA,NA,NA,NA,NA,-2.22,NA,NA,NA,NA,NA
1853-04-11 09:00:00,18.89,NA,NA,NA,NA,NA,995.94,NA,NA,NA,NA,NA,3.89,NA,NA,NA,NA,NA
1853-04-11 15:00:00,20.56,NA,NA,NA,NA,NA,1000.68,NA,NA,NA,NA,NA,4.44,NA,NA,NA,NA,NA
1853-04-11 21:00:00,17.78,NA,NA,NA,NA,NA,1008.47,NA,NA,NA,NA,NA,1.11,NA,NA,NA,NA,NA
1853-04-12,NA,NA,NA,NA,NA,NA,NA,NA,NA,NA,NA,24.89,NA,-0.28,NA,NA,NA,NA
1853-04-12 06:00:00,15.56,NA,NA,NA,NA,NA,1013.88,NA,NA,NA,NA,NA,-5,NA,NA,NA,NA,NA
1853-04-12 09:00:00,17.78,NA,NA,NA,NA,NA,1015.92,NA,NA,NA,NA,NA,3.33,NA,NA,NA,NA,NA
1853-04-12 15:00:00,19.44,NA,NA,NA,NA,NA,1016.93,NA,NA,NA,NA,NA,2.78,NA,NA,NA,NA,NA
1853-04-12 21:00:00,19.44,NA,NA,NA,NA,NA,1018.96,NA,NA,NA,NA,NA,-2.22,NA,NA,NA,NA,NA
1853-04-13,NA,NA,NA,NA,NA,NA,NA,NA,NA,NA,NA,NA,NA,-1.11,NA,NA,NA,",halo,"
1853-04-13 06:00:00,15,NA,NA,NA,NA,NA,1016.26,NA,NA,NA,NA,NA,-8.33,NA,NA,NA,NA,NA
1853-04-13 09:00:00,16.11,NA,NA,NA,NA,NA,1015.58,NA,NA,NA,NA,NA,0.56,NA,NA,NA,NA,NA
1853-04-13 15:00:00,18.89,NA,NA,NA,NA,NA,1011.51,NA,NA,NA,NA,NA,4.44,NA,NA,NA,NA,NA
1853-04-13 21:00:00,19.44,NA,NA,NA,NA,NA,1008.13,NA,NA,NA,NA,NA,-1.11,NA,NA,NA,NA,NA
1853-04-14,NA,NA,NA,NA,NA,NA,NA,NA,"5am","empty",NA,NA,NA,-1.11,NA,NA,NA,",sn,"
1853-04-14 06:00:00,14.44,NA,NA,NA,NA,NA,1003.05,NA,NA,NA,NA,NA,-3.33,NA,NA,NA,NA,NA
1853-04-14 09:00:00,16.11,NA,NA,NA,NA,NA,1003.05,NA,NA,NA,NA,NA,-1.11,NA,NA,NA,NA,NA
1853-04-14 15:00:00,18.33,NA,NA,NA,NA,NA,1003.39,NA,NA,NA,NA,NA,1.11,NA,NA,NA,NA,NA
1853-04-14 21:00:00,21.11,NA,NA,NA,NA,NA,1004.4,NA,NA,NA,NA,NA,-1.11,NA,NA,NA,NA,NA
1853-04-15,NA,NA,NA,NA,NA,NA,NA,NA,"empty","8am",NA,0,NA,1.94,NA,NA,NA,",sn,"
1853-04-15 06:00:00,19.44,NA,NA,NA,NA,NA,1003.73,NA,NA,NA,NA,NA,-1.67,NA,NA,NA,NA,NA
1853-04-15 09:00:00,18.89,NA,NA,NA,NA,NA,1004.4,NA,NA,NA,NA,NA,5.56,NA,NA,NA,NA,NA
1853-04-15 15:00:00,20,NA,NA,NA,NA,NA,1005.08,NA,NA,NA,NA,NA,3.89,NA,NA,NA,NA,NA
1853-04-15 21:00:00,21.67,NA,NA,NA,NA,NA,1005.42,NA,NA,NA,NA,NA,0,NA,NA,NA,NA,NA
1853-04-16,NA,NA,NA,NA,NA,NA,NA,NA,"8am","12pm",NA,10.16,NA,1.53,NA,NA,NA,",ra,"
1853-04-16 06:00:00,18.89,NA,NA,NA,NA,NA,996.61,NA,NA,NA,NA,NA,-0.56,NA,NA,NA,NA,NA
1853-04-16 09:00:00,21.67,NA,NA,NA,NA,NA,994.92,NA,NA,NA,NA,NA,2.78,NA,NA,NA,NA,NA
1853-04-16 15:00:00,20,NA,NA,NA,NA,NA,991.87,NA,NA,NA,NA,NA,3.33,NA,NA,NA,NA,NA
1853-04-16 21:00:00,21.11,NA,NA,NA,NA,NA,993.23,NA,NA,NA,NA,NA,0.56,NA,NA,NA,NA,NA
1853-04-17,NA,NA,NA,NA,NA,NA,NA,NA,"10pm","12pm",NA,2.92,NA,3.19,NA,NA,NA,",ra,"
1853-04-17 06:00:00,16.67,NA,NA,NA,NA,NA,1009.82,NA,NA,NA,NA,NA,0,NA,NA,NA,NA,NA
1853-04-17 09:00:00,18.89,NA,NA,NA,NA,NA,1002.71,NA,NA,NA,NA,NA,5,NA,NA,NA,NA,NA
1853-04-17 15:00:00,21.11,NA,NA,NA,NA,NA,1008.13,NA,NA,NA,NA,NA,5.56,NA,NA,NA,NA,NA
1853-04-17 21:00:00,20.56,NA,NA,NA,NA,NA,1013.88,NA,NA,NA,NA,NA,2.22,NA,NA,NA,NA,NA
1853-04-18,NA,NA,NA,NA,NA,NA,NA,NA,NA,NA,NA,1.27,NA,3.06,NA,NA,NA,NA
1853-04-18 06:00:00,18.33,NA,NA,NA,NA,NA,1017.61,NA,NA,NA,NA,NA,-0.56,NA,NA,NA,NA,NA
1853-04-18 09:00:00,18.89,NA,NA,NA,NA,NA,1018.63,NA,NA,NA,NA,NA,3.89,NA,NA,NA,NA,NA
1853-04-18 15:00:00,21.11,NA,NA,NA,NA,NA,1018.63,NA,NA,NA,NA,NA,5.56,NA,NA,NA,NA,NA
1853-04-18 21:00:00,21.11,NA,NA,NA,NA,NA,1022.01,NA,NA,NA,NA,NA,3.33,NA,NA,NA,NA,NA
1853-04-19,NA,NA,NA,NA,NA,NA,NA,NA,NA,NA,NA,NA,NA,2.5,NA,NA,NA,NA
1853-04-19 06:00:00,17.22,NA,NA,NA,NA,NA,1020.32,NA,NA,NA,NA,NA,-1.67,NA,NA,NA,NA,NA
1853-04-19 09:00:00,18.89,NA,NA,NA,NA,NA,1020.32,NA,NA,NA,NA,NA,5.56,NA,NA,NA,NA,NA
1853-04-19 15:00:00,20.56,NA,NA,NA,NA,NA,1019.98,NA,NA,NA,NA,NA,6.11,NA,NA,NA,NA,NA
1853-04-19 21:00:00,16.67,NA,NA,NA,NA,NA,1019.64,NA,NA,NA,NA,NA,0,NA,NA,NA,NA,NA
1853-04-20,NA,NA,NA,NA,NA,NA,NA,NA,NA,NA,NA,NA,NA,3.61,NA,NA,NA,NA
1853-04-20 06:00:00,15.56,NA,NA,NA,NA,NA,1014.9,NA,NA,NA,NA,NA,-0.56,NA,NA,NA,NA,NA
1853-04-20 09:00:00,15,NA,NA,NA,NA,NA,1014.56,NA,NA,NA,NA,NA,4.44,NA,NA,NA,NA,NA
1853-04-20 15:00:00,16.67,NA,NA,NA,NA,NA,1012.87,NA,NA,NA,NA,NA,7.78,NA,NA,NA,NA,NA
1853-04-20 21:00:00,17.22,NA,NA,NA,NA,NA,1012.53,NA,NA,NA,NA,NA,2.78,NA,NA,NA,NA,NA
1853-04-21,NA,NA,NA,NA,NA,NA,NA,NA,"1am","empty",NA,NA,NA,5.14,NA,NA,NA,",ra,"
1853-04-21 06:00:00,14.44,NA,NA,NA,NA,NA,1007.11,NA,NA,NA,NA,NA,1.67,NA,NA,NA,NA,NA
1853-04-21 09:00:00,15,NA,NA,NA,NA,NA,1005.76,NA,NA,NA,NA,NA,5,NA,NA,NA,NA,NA
1853-04-21 15:00:00,14.44,NA,NA,NA,NA,NA,1002.71,NA,NA,NA,NA,NA,6.11,NA,NA,NA,NA,NA
1853-04-21 21:00:00,18.33,NA,NA,NA,NA,NA,994.92,NA,NA,NA,NA,NA,7.78,NA,NA,NA,NA,NA
1853-04-22,NA,NA,NA,NA,NA,NA,NA,NA,"empty","12am",NA,0,NA,9.86,NA,NA,NA,",br,"
1853-04-22 06:00:00,15.56,NA,NA,NA,NA,NA,990.86,NA,NA,NA,NA,NA,5,NA,NA,NA,NA,NA
1853-04-22 09:00:00,15.56,NA,NA,NA,NA,NA,989.5,NA,NA,NA,NA,NA,12.22,NA,NA,NA,NA,NA
1853-04-22 15:00:00,15,NA,NA,NA,NA,NA,986.12,NA,NA,NA,NA,NA,13.89,NA,NA,NA,NA,NA
1853-04-22 21:00:00,17.22,NA,NA,NA,NA,NA,985.1,NA,NA,NA,NA,NA,8.33,NA,NA,NA,NA,NA
1853-04-23,NA,NA,NA,NA,NA,NA,NA,NA,"2am","6am",NA,16.97,NA,7.78,NA,NA,NA,",sh,"
1853-04-23 06:00:00,16.11,NA,NA,NA,NA,NA,985.78,NA,NA,NA,NA,NA,3.33,NA,NA,NA,NA,NA
1853-04-23 09:00:00,16.67,NA,NA,NA,NA,NA,987.13,NA,NA,NA,NA,NA,8.89,NA,NA,NA,NA,NA
1853-04-23 15:00:00,13.89,NA,NA,NA,NA,NA,988.83,NA,NA,NA,NA,NA,13.89,NA,NA,NA,NA,NA
1853-04-23 21:00:00,15.56,NA,NA,NA,NA,NA,991.53,NA,NA,NA,NA,NA,5,NA,NA,NA,NA,NA
1853-04-24,NA,NA,NA,NA,NA,NA,NA,NA,"6pm","empty",NA,2.29,NA,4.72,NA,NA,NA,",sn,"
1853-04-24 06:00:00,12.78,NA,NA,NA,NA,NA,990.18,NA,NA,NA,NA,NA,4.44,NA,NA,NA,NA,NA
1853-04-24 09:00:00,13.33,NA,NA,NA,NA,NA,989.5,NA,NA,NA,NA,NA,5.56,NA,NA,NA,NA,NA
1853-04-24 15:00:00,14.44,NA,NA,NA,NA,NA,988.49,NA,NA,NA,NA,NA,7.78,NA,NA,NA,NA,NA
1853-04-24 21:00:00,16.11,NA,NA,NA,NA,NA,989.84,NA,NA,NA,NA,NA,1.11,NA,NA,NA,NA,NA
1853-04-25,NA,NA,NA,NA,NA,NA,NA,NA,"empty","5pm",NA,0,NA,0.97,NA,NA,NA,",sn,"
1853-04-25 06:00:00,15.56,NA,NA,NA,NA,NA,991.87,NA,NA,NA,NA,NA,-0.56,NA,NA,NA,NA,NA
1853-04-25 09:00:00,16.67,NA,NA,NA,NA,NA,993.91,NA,NA,NA,NA,NA,1.11,NA,NA,NA,NA,NA
1853-04-25 15:00:00,16.67,NA,NA,NA,NA,NA,996.28,NA,NA,NA,NA,NA,2.22,NA,NA,NA,NA,NA
1853-04-25 21:00:00,14.44,NA,NA,NA,NA,NA,1001.69,NA,NA,NA,NA,NA,1.11,NA,NA,NA,NA,NA
1853-04-26,NA,NA,NA,NA,NA,NA,NA,NA,NA,NA,NA,22.86,NA,3.47,NA,NA,NA,",fg,"
1853-04-26 06:00:00,11.11,NA,NA,NA,NA,NA,1004.4,NA,NA,NA,NA,NA,0,NA,NA,NA,NA,NA
1853-04-26 09:00:00,12.22,NA,NA,NA,NA,NA,1006.1,NA,NA,NA,NA,NA,4.44,NA,NA,NA,NA,NA
1853-04-26 15:00:00,12.22,NA,NA,NA,NA,NA,1007.45,NA,NA,NA,NA,NA,8.33,NA,NA,NA,NA,NA
1853-04-26 21:00:00,13.89,NA,NA,NA,NA,NA,1008.81,NA,NA,NA,NA,NA,1.11,NA,NA,NA,NA,NA
1853-04-27,NA,NA,NA,NA,NA,NA,NA,NA,"8am","4pm",NA,NA,NA,3.75,NA,NA,NA,",ra,"
1853-04-27 06:00:00,11.11,NA,NA,NA,NA,NA,1003.05,NA,NA,NA,NA,NA,-2.78,NA,NA,NA,NA,NA
1853-04-27 09:00:00,12.78,NA,NA,NA,NA,NA,1000.68,NA,NA,NA,NA,NA,4.44,NA,NA,NA,NA,NA
1853-04-27 15:00:00,13.33,NA,NA,NA,NA,NA,990.52,NA,NA,NA,NA,NA,7.22,NA,NA,NA,NA,NA
1853-04-27 21:00:00,13.89,NA,NA,NA,NA,NA,990.18,NA,NA,NA,NA,NA,6.11,NA,NA,NA,NA,NA
1853-04-28,NA,NA,NA,NA,NA,NA,NA,NA,NA,NA,NA,8,NA,6.39,NA,NA,NA,NA
1853-04-28 06:00:00,12.22,NA,NA,NA,NA,NA,994.24,NA,NA,NA,NA,NA,0,NA,NA,NA,NA,NA
1853-04-28 09:00:00,12.78,NA,NA,NA,NA,NA,994.92,NA,NA,NA,NA,NA,9.44,NA,NA,NA,NA,NA
1853-04-28 15:00:00,13.89,NA,NA,NA,NA,NA,993.23,NA,NA,NA,NA,NA,13.89,NA,NA,NA,NA,NA
1853-04-28 21:00:00,14.44,NA,NA,NA,NA,NA,994.92,NA,NA,NA,NA,NA,2.22,NA,NA,NA,NA,NA
1853-04-29,NA,NA,NA,NA,NA,NA,NA,NA,NA,NA,NA,NA,NA,6.25,NA,NA,NA,NA
1853-04-29 06:00:00,13.33,NA,NA,NA,NA,NA,994.58,NA,NA,NA,NA,NA,2.22,NA,NA,NA,NA,NA
1853-04-29 09:00:00,13.33,NA,NA,NA,NA,NA,994.92,NA,NA,NA,NA,NA,7.78,NA,NA,NA,NA,NA
1853-04-29 15:00:00,16.67,NA,NA,NA,NA,NA,994.58,NA,NA,NA,NA,NA,11.11,NA,NA,NA,NA,NA
1853-04-29 21:00:00,16.67,NA,NA,NA,NA,NA,996.28,NA,NA,NA,NA,NA,3.89,NA,NA,NA,NA,NA
1853-04-30,NA,NA,NA,NA,NA,NA,NA,NA,NA,NA,NA,NA,NA,6.39,NA,NA,NA,NA
1853-04-30 06:00:00,13.89,NA,NA,NA,NA,NA,997.29,NA,NA,NA,NA,NA,1.67,NA,NA,NA,NA,NA
1853-04-30 09:00:00,14.44,NA,NA,NA,NA,NA,998.65,NA,NA,NA,NA,NA,10,NA,NA,NA,NA,NA
1853-04-30 15:00:00,16.11,NA,NA,NA,NA,NA,999.66,NA,NA,NA,NA,NA,11.67,NA,NA,NA,NA,NA
1853-04-30 21:00:00,15,NA,NA,NA,NA,NA,1004.06,NA,NA,NA,NA,NA,2.22,NA,NA,NA,NA,NA
1853-08-01,NA,NA,NA,NA,NA,NA,NA,0,"empty","empty",NA,NA,NA,21.11,NA,NA,NA,NA
1853-08-01 07:00:00,22.78,0,1,0,NA,NA,1010.5,NA,NA,NA,NA,NA,19.44,NA,NA,NA,2,NA
1853-08-01 14:00:00,23.33,0,1,0,NA,NA,1010.5,NA,NA,NA,NA,NA,22.78,NA,NA,NA,2,NA
1853-08-01 21:00:00,22.22,270,1,0,NA,NA,1011.51,NA,NA,NA,NA,NA,21.11,NA,NA,NA,1,NA
1853-08-02,NA,NA,NA,NA,NA,NA,NA,0,"empty","empty",NA,NA,NA,20,NA,NA,NA,NA
1853-08-02 07:00:00,20,270,2,225,NA,NA,1010.5,NA,NA,NA,NA,NA,17.78,NA,NA,NA,1,NA
1853-08-02 14:00:00,23.33,225,1,225,NA,NA,1010.5,NA,NA,NA,NA,NA,23.89,NA,NA,NA,1,NA
1853-08-02 21:00:00,22.22,225,1,225,NA,NA,1009.48,NA,NA,NA,NA,NA,18.33,NA,NA,NA,1,NA
1853-08-03,NA,NA,NA,NA,NA,NA,NA,0,"empty","empty",NA,NA,NA,22.03,NA,NA,NA,NA
1853-08-03 07:00:00,21.11,NA,NA,180,NA,NA,1008.47,NA,NA,NA,NA,NA,20,NA,NA,NA,1,NA
1853-08-03 14:00:00,24.44,270,1,0,NA,NA,1007.79,NA,NA,NA,NA,NA,25.56,NA,NA,NA,1,NA
1853-08-03 21:00:00,20.56,270,1,225,NA,NA,1009.48,NA,NA,NA,NA,NA,20.56,NA,NA,NA,1,NA
1853-08-04,NA,NA,NA,NA,NA,NA,NA,0,"3 pm","empty",NA,NA,NA,20.18,NA,NA,NA,NA
1853-08-04 07:00:00,21.11,270,1,202.5,NA,NA,1009.48,NA,NA,NA,NA,NA,16.67,NA,NA,NA,2,NA
1853-08-04 14:00:00,23.89,202.5,1,180,NA,NA,1006.43,NA,NA,NA,NA,NA,26.67,NA,NA,NA,5,NA
1853-08-04 21:00:00,22.22,180,1,180,NA,NA,1003.05,NA,NA,NA,NA,NA,17.22,NA,NA,NA,1,NA
1853-08-05,NA,NA,NA,NA,NA,NA,NA,NA,"5 pm","8 am | 7 pm",NA,NA,NA,18.14,NA,NA,NA,NA
1853-08-05 07:00:00,22.22,270,6,0,NA,NA,998.31,NA,NA,NA,NA,NA,17.22,NA,NA,NA,2,NA
1853-08-05 14:00:00,21.67,45,4,NA,NA,NA,1004.06,NA,NA,NA,NA,NA,21.11,NA,NA,NA,11,NA
1853-08-05 21:00:00,21.67,0,4,0,NA,NA,1011.18,NA,NA,NA,NA,NA,16.11,NA,NA,NA,1,NA
1853-08-06,NA,NA,NA,NA,NA,NA,NA,0,"pm","7 pm",NA,NA,NA,16.85,NA,NA,NA,NA
1853-08-06 07:00:00,19.44,67.5,3,292.5,NA,NA,1017.61,NA,NA,NA,NA,NA,13.33,NA,NA,NA,1,NA
1853-08-06 14:00:00,20.56,45,1,0,NA,NA,1019.64,NA,NA,NA,NA,NA,21.11,NA,NA,NA,2,NA
1853-08-06 21:00:00,19.44,180,2,180,NA,NA,1021.33,NA,NA,NA,NA,NA,16.11,NA,NA,NA,1,NA
1853-08-07,NA,NA,NA,NA,NA,NA,NA,0,"empty","empty",NA,NA,NA,16.48,NA,NA,NA,NA
1853-08-07 07:00:00,19.44,202.5,2,202.5,NA,NA,1021.33,NA,NA,NA,NA,NA,13.89,NA,NA,NA,2,NA
1853-08-07 14:00:00,20.56,247.5,1,180,NA,NA,1018.96,NA,NA,NA,NA,NA,20.56,NA,NA,NA,5,NA
1853-08-07 21:00:00,20.56,NA,NA,157.5,NA,NA,1017.27,NA,NA,NA,NA,NA,15,NA,NA,NA,1,NA
1853-08-08,NA,NA,NA,NA,NA,NA,NA,0,"empty","empty",NA,NA,NA,17.41,NA,NA,NA,",fg,"
1853-08-08 07:00:00,18.89,202.5,1,202.5,NA,NA,1014.56,NA,NA,NA,NA,NA,15,NA,NA,NA,1,NA
1853-08-08 14:00:00,20.56,45,2,22.5,NA,NA,1012.53,NA,NA,NA,NA,NA,21.67,NA,NA,NA,1,NA
1853-08-08 21:00:00,21.11,NA,NA,180,NA,NA,1011.85,NA,NA,NA,NA,NA,15.56,NA,NA,NA,1,NA
1853-08-09,NA,NA,NA,NA,NA,NA,NA,0,"empty","empty",NA,NA,NA,20.56,NA,NA,NA,NA
1853-08-09 07:00:00,19.44,225,4,202.5,NA,NA,1011.18,NA,NA,NA,NA,NA,17.22,NA,NA,NA,2,NA
1853-08-09 14:00:00,22.78,225,3,225,NA,NA,1009.48,NA,NA,NA,NA,NA,23.89,NA,NA,NA,5,NA
1853-08-09 21:00:00,22.78,225,1,225,NA,NA,1009.14,NA,NA,NA,NA,NA,20.56,NA,NA,NA,1,NA
1853-08-10,NA,NA,NA,NA,NA,NA,NA,0.13,"2 am","2 am",NA,NA,NA,21.11,NA,NA,NA,NA
1853-08-10 07:00:00,22.22,315,4,225,NA,NA,1010.5,NA,NA,NA,NA,NA,20,NA,NA,NA,1,NA
1853-08-10 14:00:00,23.89,315,2,0,NA,NA,1012.87,NA,NA,NA,NA,NA,24.44,NA,NA,NA,5,NA
1853-08-10 21:00:00,22.22,NA,NA,180,NA,NA,1015.24,NA,NA,NA,NA,NA,18.89,NA,NA,NA,1,NA
1853-08-11,NA,NA,NA,NA,NA,NA,NA,0,"empty","empty",NA,NA,NA,23.14,NA,NA,NA,NA
1853-08-11 07:00:00,20,315,3,180,NA,NA,1014.9,NA,NA,NA,NA,NA,18.89,NA,NA,NA,1,NA
1853-08-11 14:00:00,24.44,0,1,225,NA,NA,1012.87,NA,NA,NA,NA,NA,27.78,NA,NA,NA,16,NA
1853-08-11 21:00:00,24.44,0,1,225,NA,NA,1011.85,NA,NA,NA,NA,NA,22.78,NA,NA,NA,5,NA
1853-08-12,NA,NA,NA,NA,NA,NA,NA,0,"8 am","empty",NA,NA,NA,21.85,NA,NA,NA,NA
1853-08-12 07:00:00,23.89,225,2,225,NA,NA,1010.16,NA,NA,NA,NA,NA,20.56,NA,NA,NA,1,NA
1853-08-12 14:00:00,23.89,225,2,225,NA,NA,1009.82,NA,NA,NA,NA,NA,24.44,NA,NA,NA,1,NA
1853-08-12 21:00:00,23.33,45,1,45,NA,NA,1010.16,NA,NA,NA,NA,NA,20.56,NA,NA,NA,1,NA
1853-08-13,NA,NA,NA,NA,NA,NA,NA,0,"empty","empty",NA,NA,NA,20.18,NA,NA,NA,NA
1853-08-13 07:00:00,22.78,225,2,225,NA,NA,1011.85,NA,NA,NA,NA,NA,17.22,NA,NA,NA,1,NA
1853-08-13 14:00:00,22.22,270,1,135,NA,NA,1012.53,NA,NA,NA,NA,NA,23.33,NA,NA,NA,1,NA
1853-08-13 21:00:00,22.22,270,1,225,NA,NA,1013.55,NA,NA,NA,NA,NA,20,NA,NA,NA,1,NA
1853-08-14,NA,NA,NA,NA,NA,NA,NA,0,"11 am","empty",NA,NA,NA,14.81,NA,NA,NA,NA
1853-08-14 07:00:00,20,225,2,135,NA,NA,1011.85,NA,NA,NA,NA,NA,17.78,NA,NA,NA,2,NA
1853-08-14 14:00:00,20,247.5,2,135,NA,NA,1008.47,NA,NA,NA,NA,NA,13.89,NA,NA,NA,5,NA
1853-08-14 21:00:00,18.89,45,4,45,NA,NA,1004.4,NA,NA,NA,NA,NA,12.78,NA,NA,NA,2,NA
1853-08-15,NA,NA,NA,NA,NA,NA,NA,24.13,"empty","10 am",NA,NA,NA,17.03,NA,NA,NA,NA
1853-08-15 07:00:00,18.33,45,3,45,NA,NA,1008.81,NA,NA,NA,NA,NA,16.11,NA,NA,NA,2,NA
1853-08-15 14:00:00,19.44,0,2,0,NA,NA,1011.51,NA,NA,NA,NA,NA,21.11,NA,NA,NA,1,NA
1853-08-15 21:00:00,20.56,225,1,225,NA,NA,1013.21,NA,NA,NA,NA,NA,13.89,NA,NA,NA,1,NA
1853-08-16,NA,NA,NA,NA,NA,NA,NA,0,"empty","empty",NA,NA,NA,18.14,NA,NA,NA,NA
1853-08-16 07:00:00,18.33,337.5,3,180,NA,NA,1014.9,NA,NA,NA,NA,NA,13.89,NA,NA,NA,1,NA
1853-08-16 14:00:00,21.11,315,2,22.5,NA,NA,1014.9,NA,NA,NA,NA,NA,22.22,NA,NA,NA,1,NA
1853-08-16 21:00:00,21.11,NA,NA,180,NA,NA,1013.88,NA,NA,NA,NA,NA,18.33,NA,NA,NA,1,NA
1853-08-17,NA,NA,NA,NA,NA,NA,NA,0,"empty","empty",NA,NA,NA,20,NA,NA,NA,",halo,"
1853-08-17 07:00:00,18.89,225,3,202.5,NA,NA,1011.18,NA,NA,NA,NA,NA,17.78,NA,NA,NA,5,NA
1853-08-17 14:00:00,21.67,270,2,270,NA,NA,1009.14,NA,NA,NA,NA,NA,24.44,NA,NA,NA,5,NA
1853-08-17 21:00:00,22.22,225,1,180,NA,NA,1009.14,NA,NA,NA,NA,NA,17.78,NA,NA,NA,1,NA
1853-08-18,NA,NA,NA,NA,NA,NA,NA,6.22,"2 pm","7 pm",NA,NA,NA,20.18,NA,NA,NA,NA
1853-08-18 07:00:00,20.56,180,1,157.5,NA,NA,1008.13,NA,NA,NA,NA,NA,18.33,NA,NA,NA,2,NA
1853-08-18 14:00:00,21.67,157.5,3,157.5,NA,NA,1006.1,NA,NA,NA,NA,NA,23.33,NA,NA,NA,1,NA
1853-08-18 21:00:00,21.67,157.5,2,157.5,NA,NA,1002.03,NA,NA,NA,NA,NA,18.89,NA,NA,NA,1,NA
1853-08-19,NA,NA,NA,NA,NA,NA,NA,33.4,"night","11 pm",NA,NA,NA,19.44,NA,NA,NA,NA
1853-08-19 07:00:00,22.78,180,3,180,NA,NA,997.63,NA,NA,NA,NA,NA,21.11,NA,NA,NA,5,NA
1853-08-19 14:00:00,22.78,202.5,3,202.5,NA,NA,994.92,NA,NA,NA,NA,NA,21.11,NA,NA,NA,2,NA
1853-08-19 21:00:00,22.78,0,4,0,NA,NA,998.31,NA,NA,NA,NA,NA,16.11,NA,NA,NA,2,NA
1853-08-20,NA,NA,NA,NA,NA,NA,NA,0,"empty","empty",NA,NA,NA,13.89,NA,NA,NA,",halo,"
1853-08-20 07:00:00,20,270,2,270,NA,NA,1003.73,NA,NA,NA,NA,NA,12.78,NA,NA,NA,2,NA
1853-08-20 14:00:00,20,225,1,270,NA,NA,1004.74,NA,NA,NA,NA,NA,20,NA,NA,NA,5,NA
1853-08-20 21:00:00,20,225,1,180,NA,NA,1007.45,NA,NA,NA,NA,NA,12.22,NA,NA,NA,1,NA
1853-08-21,NA,NA,NA,NA,NA,NA,NA,0,"empty","empty",NA,NA,NA,15,NA,NA,NA,NA
1853-08-21 07:00:00,17.22,202.5,2,202.5,NA,NA,1008.13,NA,NA,NA,NA,NA,9.44,NA,NA,NA,1,NA
1853-08-21 14:00:00,20,225,2,45,NA,NA,1006.43,NA,NA,NA,NA,NA,20.56,NA,NA,NA,2,NA
1853-08-21 21:00:00,19.44,225,1,135,NA,NA,1008.81,NA,NA,NA,NA,NA,15,NA,NA,NA,1,NA
1853-08-22,NA,NA,NA,NA,NA,NA,NA,0,"empty","empty",NA,NA,NA,17.96,NA,NA,NA,NA
1853-08-22 07:00:00,17.22,NA,NA,180,NA,NA,1010.16,NA,NA,NA,NA,NA,12.22,NA,NA,NA,1,NA
1853-08-22 14:00:00,21.11,270,2,225,NA,NA,1010.5,NA,NA,NA,NA,NA,23.89,NA,NA,NA,11,NA
1853-08-22 21:00:00,21.11,225,2,180,NA,NA,1012.53,NA,NA,NA,NA,NA,17.78,NA,NA,NA,2,NA
1853-08-23,NA,NA,NA,NA,NA,NA,NA,0,"empty","empty",NA,NA,NA,18.14,NA,NA,NA,",fg,"
1853-08-23 07:00:00,18.89,45,3,202.5,NA,NA,1015.58,NA,NA,NA,NA,NA,14.44,NA,NA,NA,1,NA
1853-08-23 14:00:00,20.56,45,2,45,NA,NA,1016.93,NA,NA,NA,NA,NA,21.11,NA,NA,NA,2,NA
1853-08-23 21:00:00,20,225,1,0,NA,NA,1018.29,NA,NA,NA,NA,NA,18.89,NA,NA,NA,1,NA
1853-08-24,NA,NA,NA,NA,NA,NA,NA,0,"empty","empty",NA,NA,NA,17.41,NA,NA,NA,",fg,"
1853-08-24 07:00:00,18.89,202.5,1,202.5,NA,NA,1017.27,NA,NA,NA,NA,NA,14.44,NA,NA,NA,1,NA
1853-08-24 14:00:00,20,202.5,1,45,NA,NA,1015.24,NA,NA,NA,NA,NA,21.11,NA,NA,NA,1,NA
1853-08-24 21:00:00,20.56,202.5,1,45,NA,NA,1013.88,NA,NA,NA,NA,NA,16.67,NA,NA,NA,1,NA
1853-08-25,NA,NA,NA,NA,NA,NA,NA,0.18,"8 am","11 am",NA,NA,NA,17.22,NA,NA,NA,NA
1853-08-25 07:00:00,18.89,202.5,2,202.5,NA,NA,1011.51,NA,NA,NA,NA,NA,15.56,NA,NA,NA,2,NA
1853-08-25 14:00:00,20,202.5,4,180,NA,NA,1009.82,NA,NA,NA,NA,NA,20,NA,NA,NA,11,NA
1853-08-25 21:00:00,20.56,247.5,3,180,NA,NA,1011.51,NA,NA,NA,NA,NA,17.78,NA,NA,NA,5,NA
1853-08-26,NA,NA,NA,NA,NA,NA,NA,0,"empty","empty",NA,NA,NA,14.07,NA,NA,NA,NA
1853-08-26 07:00:00,19.44,0,4,0,NA,NA,1017.27,NA,NA,NA,NA,NA,13.89,NA,NA,NA,2,NA
1853-08-26 14:00:00,18.89,0,4,22.5,NA,NA,1019.3,NA,NA,NA,NA,NA,18.33,NA,NA,NA,5,NA
1853-08-26 21:00:00,18.33,0,2,180,NA,NA,1020.32,NA,NA,NA,NA,NA,10,NA,NA,NA,1,NA
1853-08-27,NA,NA,NA,NA,NA,NA,NA,0,"empty","empty",NA,NA,NA,16.11,NA,NA,NA,NA
1853-08-27 07:00:00,15.56,270,2,202.5,NA,NA,1019.64,NA,NA,NA,NA,NA,10,NA,NA,NA,1,NA
1853-08-27 14:00:00,19.44,225,2,180,NA,NA,1015.24,NA,NA,NA,NA,NA,22.78,NA,NA,NA,2,NA
1853-08-27 21:00:00,20,225,2,180,NA,NA,1012.53,NA,NA,NA,NA,NA,15.56,NA,NA,NA,2,NA
1853-08-28,NA,NA,NA,NA,NA,NA,NA,5.84,"9 am","9 pm",NA,NA,NA,17.22,NA,NA,NA,NA
1853-08-28 07:00:00,19.44,180,3,180,NA,NA,1007.45,NA,NA,NA,NA,NA,17.78,NA,NA,NA,5,NA
1853-08-28 14:00:00,19.44,202.5,3,157.5,NA,NA,1002.37,NA,NA,NA,NA,NA,17.78,NA,NA,NA,2,NA
1853-08-28 21:00:00,20,337.5,3,337.5,NA,NA,1004.4,NA,NA,NA,NA,NA,16.11,NA,NA,NA,2,NA
1853-08-29,NA,NA,NA,NA,NA,NA,NA,0,"empty","empty",NA,NA,NA,16.11,NA,NA,NA,NA
1853-08-29 07:00:00,18.33,270,2,270,NA,NA,1008.13,NA,NA,NA,NA,NA,12.22,NA,NA,NA,2,NA
1853-08-29 14:00:00,20,315,2,315,NA,NA,1009.48,NA,NA,NA,NA,NA,20,NA,NA,NA,1,NA
1853-08-29 21:00:00,19.44,225,1,180,NA,NA,1011.51,NA,NA,NA,NA,NA,16.11,NA,NA,NA,1,NA
1853-08-30,NA,NA,NA,NA,NA,NA,NA,0,"empty","empty",NA,NA,NA,16.85,NA,NA,NA,",skc,"
1853-08-30 07:00:00,16.67,NA,NA,180,NA,NA,1012.87,NA,NA,NA,NA,NA,11.67,NA,NA,NA,1,NA
1853-08-30 14:00:00,20.56,270,1,270,NA,NA,1012.53,NA,NA,NA,NA,NA,22.78,NA,NA,NA,2,NA
1853-08-30 21:00:00,21.67,225,1,180,NA,NA,1012.19,NA,NA,NA,NA,NA,16.11,NA,NA,NA,1,NA
1853-08-31,NA,NA,NA,NA,NA,NA,NA,0.25,"5 pm","8 pm",NA,NA,NA,18.14,NA,NA,NA,NA
1853-08-31 07:00:00,19.44,225,4,225,NA,NA,1011.51,NA,NA,NA,NA,NA,13.89,NA,NA,NA,2,NA
1853-08-31 14:00:00,21.67,225,4,225,NA,NA,1009.48,NA,NA,NA,NA,NA,22.78,NA,NA,NA,2,NA
1853-08-31 21:00:00,21.11,225,2,180,NA,NA,1010.84,NA,NA,NA,NA,NA,17.78,NA,NA,NA,1,NA
1853-10-01,NA,NA,NA,NA,NA,NA,NA,11.05,"6 pm","8 pm",NA,NA,NA,7.22,NA,NA,NA,",ra,"
1853-10-01 07:00:00,15.56,225,5,225,NA,NA,994.24,NA,NA,NA,NA,NA,7.22,NA,NA,NA,NA,NA
1853-10-01 14:00:00,15.56,315,5,NA,NA,NA,992.89,NA,NA,NA,NA,NA,7.22,NA,NA,NA,NA,NA
1853-10-01 21:00:00,15,270,1,NA,NA,NA,998.31,NA,NA,NA,NA,NA,7.22,NA,NA,NA,NA,NA
1853-10-02,NA,NA,NA,NA,NA,NA,NA,NA,"9 pm",NA,NA,NA,NA,10.56,NA,NA,NA,",sh,"
1853-10-02 07:00:00,13.33,NA,0,NA,NA,NA,1002.03,NA,NA,NA,NA,NA,4.44,NA,NA,NA,NA,NA
1853-10-02 14:00:00,15.56,270,1,NA,NA,NA,1002.37,NA,NA,NA,NA,NA,16.67,NA,NA,NA,NA,NA
1853-10-02 21:00:00,15.56,270,1,NA,NA,NA,1003.05,NA,NA,NA,NA,NA,10.56,NA,NA,NA,NA,NA
1853-10-03,NA,NA,NA,NA,NA,NA,NA,2.16,NA,"4 am",NA,NA,NA,11.11,NA,NA,NA,NA
1853-10-03 07:00:00,16.11,180,4,180,NA,NA,997.29,NA,NA,NA,NA,NA,11.67,NA,NA,NA,1,NA
1853-10-03 14:00:00,16.67,225,3,225,NA,NA,994.92,NA,NA,NA,NA,NA,15,NA,NA,NA,NA,NA
1853-10-03 21:00:00,15.56,270,1,270,NA,NA,991.53,NA,NA,NA,NA,NA,6.67,NA,NA,NA,1,NA
1853-10-04,NA,NA,NA,NA,NA,NA,NA,0.51,"1 am","4 am",NA,NA,NA,7.22,NA,NA,NA,NA
1853-10-04 07:00:00,13.89,270,6,270,NA,NA,993.57,NA,NA,NA,NA,NA,4.44,NA,NA,NA,16,NA
1853-10-04 14:00:00,13.33,247.5,4,270,NA,NA,1000.68,NA,NA,NA,NA,NA,11.67,NA,NA,NA,5,NA
1853-10-04 21:00:00,16.67,247.5,2,247.5,NA,NA,1005.08,NA,NA,NA,NA,NA,5.56,NA,NA,NA,5,NA
1853-10-05,NA,NA,NA,NA,NA,NA,NA,0.13,"am","1 am",NA,NA,NA,11.11,NA,NA,NA,NA
1853-10-05 07:00:00,12.22,225,4,202.5,NA,NA,1006.43,NA,NA,NA,NA,NA,5.56,NA,NA,NA,5,NA
1853-10-05 14:00:00,15.56,225,4,202.5,NA,NA,1005.42,NA,NA,NA,NA,NA,17.78,NA,NA,NA,5,NA
1853-10-05 21:00:00,16.67,225,1,202.5,NA,NA,1005.08,NA,NA,NA,NA,NA,10,NA,NA,NA,5,NA
1853-10-06,NA,NA,NA,NA,NA,NA,NA,13.59,"7 am","4 pm",NA,NA,NA,12.78,NA,NA,NA,",ra,"
1853-10-06 07:00:00,16.67,180,4,180,NA,NA,992.21,NA,NA,NA,NA,NA,13.89,NA,NA,NA,5,NA
1853-10-06 14:00:00,17.78,225,4,225,NA,NA,983.41,NA,NA,NA,NA,NA,13.89,NA,NA,NA,2,NA
1853-10-06 21:00:00,17.78,315,4,225,NA,NA,988.15,NA,NA,NA,NA,NA,10.56,NA,NA,NA,NA,NA
1853-10-07,NA,NA,NA,NA,NA,NA,NA,3.43,"8 pm","5 am",NA,NA,NA,4.81,NA,NA,NA,NA
1853-10-07 07:00:00,13.89,202.5,4,202.5,NA,NA,986.12,NA,NA,NA,NA,NA,3.33,NA,NA,NA,5,NA
1853-10-07 14:00:00,13.33,247.5,4,247.5,NA,NA,988.83,NA,NA,NA,NA,NA,6.67,NA,NA,NA,11,NA
1853-10-07 21:00:00,13.89,315,2,315,NA,NA,994.92,NA,NA,NA,NA,NA,4.44,NA,NA,NA,2,NA
1853-10-08,NA,NA,NA,NA,NA,NA,NA,6.22,NA,"4 am",NA,NA,NA,6.29,NA,NA,NA,NA
1853-10-08 07:00:00,12.22,292.5,4,292.5,NA,NA,1002.03,NA,NA,NA,NA,NA,3.89,NA,NA,NA,5,NA
1853-10-08 14:00:00,13.33,292.5,3,292.5,NA,NA,1004.4,NA,NA,NA,NA,NA,10.56,NA,NA,NA,5,NA
1853-10-08 21:00:00,13.89,NA,0,225,NA,NA,1007.11,NA,NA,NA,NA,NA,4.44,NA,NA,NA,5,NA
1853-10-09,NA,NA,NA,NA,NA,NA,NA,NA,NA,NA,NA,NA,NA,9.63,NA,NA,NA,NA
1853-10-09 07:00:00,12.22,225,2,202.5,NA,NA,1007.45,NA,NA,NA,NA,NA,5.56,NA,NA,NA,16,NA
1853-10-09 14:00:00,13.33,225,2,202.5,NA,NA,1005.76,NA,NA,NA,NA,NA,13.33,NA,NA,NA,27,NA
1853-10-09 21:00:00,15,270,1,202.5,NA,NA,1005.42,NA,NA,NA,NA,NA,10,NA,NA,NA,16,NA
1853-10-10,NA,NA,NA,NA,NA,NA,NA,2.41,"5 pm","12 pm",NA,NA,NA,16.48,NA,NA,NA,",ts,"
1853-10-10 07:00:00,15.56,180,5,180,NA,NA,1004.74,NA,NA,NA,NA,NA,13.89,NA,NA,NA,5,NA
1853-10-10 14:00:00,18.89,225,5,157.5,NA,NA,1003.73,NA,NA,NA,NA,NA,20,NA,NA,NA,16,NA
1853-10-10 21:00:00,18.89,225,4,180,NA,NA,1002.71,NA,NA,NA,NA,NA,15.56,NA,NA,NA,5,NA
1853-10-11,NA,NA,NA,NA,NA,NA,NA,NA,NA,NA,NA,NA,NA,11.11,NA,NA,NA,NA
1853-10-11 07:00:00,19.44,180,5,180,NA,NA,999.66,NA,NA,NA,NA,NA,13.89,NA,NA,NA,5,NA
1853-10-11 14:00:00,19.44,225,4,225,NA,NA,998.31,NA,NA,NA,NA,NA,14.44,NA,NA,NA,11,NA
1853-10-11 21:00:00,17.78,225,1,225,NA,NA,1002.37,NA,NA,NA,NA,NA,5,NA,NA,NA,2,NA
1853-10-12,NA,NA,NA,NA,NA,NA,NA,NA,NA,NA,NA,NA,NA,6.11,NA,NA,NA,",frst,"
1853-10-12 07:00:00,13.33,NA,0,180,NA,NA,1004.06,NA,NA,NA,NA,NA,4.44,NA,NA,NA,2,NA
1853-10-12 14:00:00,12.78,225,3,225,NA,NA,1004.06,NA,NA,NA,NA,NA,8.89,NA,NA,NA,1,NA
1853-10-12 21:00:00,13.33,225,2,180,NA,NA,1007.11,NA,NA,NA,NA,NA,5,NA,NA,NA,11,NA
1853-10-13,NA,NA,NA,NA,NA,NA,NA,NA,NA,NA,NA,NA,NA,8.33,NA,NA,NA,NA
1853-10-13 07:00:00,12.22,225,2,180,NA,NA,1006.43,NA,NA,NA,NA,NA,5.56,NA,NA,NA,11,NA
1853-10-13 14:00:00,13.33,225,4,180,NA,NA,1005.08,NA,NA,NA,NA,NA,11.67,NA,NA,NA,20,NA
1853-10-13 21:00:00,14.44,225,4,180,NA,NA,1008.13,NA,NA,NA,NA,NA,7.78,NA,NA,NA,1,NA
1853-10-14,NA,NA,NA,NA,NA,NA,NA,0.38,"5 am","10 am",NA,NA,NA,6.67,NA,NA,NA,",sh,"
1853-10-14 07:00:00,14.44,225,3,202.5,NA,NA,1009.82,NA,NA,NA,NA,NA,8.33,NA,NA,NA,1,NA
1853-10-14 14:00:00,14.44,225,3,225,NA,NA,1010.5,NA,NA,NA,NA,NA,9.44,NA,NA,NA,2,NA
1853-10-14 21:00:00,13.89,315,1,225,NA,NA,1013.21,NA,NA,NA,NA,NA,2.22,NA,NA,NA,1,NA
1853-10-15,NA,NA,NA,NA,NA,NA,NA,NA,NA,NA,NA,NA,NA,6.29,NA,NA,NA,NA
1853-10-15 07:00:00,11.11,315,1,225,NA,NA,1016.59,NA,NA,NA,NA,NA,2.22,NA,NA,NA,1,NA
1853-10-15 14:00:00,14.44,NA,0,225,NA,NA,1014.9,NA,NA,NA,NA,NA,10.56,NA,NA,NA,11,NA
1853-10-15 21:00:00,13.33,225,2,180,NA,NA,1013.55,NA,NA,NA,NA,NA,6.11,NA,NA,NA,11,NA
1853-10-16,NA,NA,NA,NA,NA,NA,NA,NA,NA,NA,NA,NA,NA,9.07,NA,NA,NA,NA
1853-10-16 07:00:00,13.33,NA,0,270,NA,NA,1010.5,NA,NA,NA,NA,NA,6.11,NA,NA,NA,1,NA
1853-10-16 14:00:00,15,292.5,2,292.5,NA,NA,1008.81,NA,NA,NA,NA,NA,12.22,NA,NA,NA,2,NA
1853-10-16 21:00:00,16.11,292.5,2,315,NA,NA,1012.53,NA,NA,NA,NA,NA,8.89,NA,NA,NA,11,NA
1853-10-17,NA,NA,NA,NA,NA,NA,NA,NA,NA,NA,NA,NA,NA,7.41,NA,NA,NA,NA
1853-10-17 07:00:00,13.33,NA,0,180,NA,NA,1014.56,NA,NA,NA,NA,NA,0,NA,NA,NA,2,NA
1853-10-17 14:00:00,16.67,225,1,180,NA,NA,1013.88,NA,NA,NA,NA,NA,15,NA,NA,NA,2,NA
1853-10-17 21:00:00,16.11,225,1,180,NA,NA,1013.55,NA,NA,NA,NA,NA,7.22,NA,NA,NA,5,NA
1853-10-18,NA,NA,NA,NA,NA,NA,NA,1.14,"7 am","12 am",NA,NA,NA,5,NA,NA,NA,NA
1853-10-18 07:00:00,15,225,1,202.5,NA,NA,1011.85,NA,NA,NA,NA,NA,5.56,NA,NA,NA,1,NA
1853-10-18 14:00:00,15,315,4,315,NA,NA,1011.85,NA,NA,NA,NA,NA,9.44,NA,NA,NA,5,NA
1853-10-18 21:00:00,13.89,NA,0,315,NA,NA,1012.87,NA,NA,NA,NA,NA,0,NA,NA,NA,2,NA
1853-10-19,NA,NA,NA,NA,NA,NA,NA,NA,NA,NA,NA,NA,NA,4.63,NA,NA,NA,NA
1853-10-19 07:00:00,11.11,NA,0,225,NA,NA,1010.5,NA,NA,NA,NA,NA,2.22,NA,NA,NA,2,NA
1853-10-19 14:00:00,13.33,315,2,315,NA,NA,1010.5,NA,NA,NA,NA,NA,11.11,NA,NA,NA,11,NA
1853-10-19 21:00:00,13.33,NA,0,202.5,NA,NA,1014.9,NA,NA,NA,NA,NA,0.56,NA,NA,NA,1,NA
1853-10-20,NA,NA,NA,NA,NA,NA,NA,NA,NA,NA,NA,NA,NA,9.44,NA,NA,NA,NA
1853-10-20 07:00:00,11.11,NA,0,180,NA,NA,1012.87,NA,NA,NA,NA,NA,2.22,NA,NA,NA,1,NA
1853-10-20 14:00:00,16.67,NA,0,270,NA,NA,1011.18,NA,NA,NA,NA,NA,17.78,NA,NA,NA,2,NA
1853-10-20 21:00:00,17.78,270,1,270,NA,NA,1012.53,NA,NA,NA,NA,NA,8.33,NA,NA,NA,2,NA
1853-10-21,NA,NA,NA,NA,NA,NA,NA,NA,NA,NA,NA,NA,NA,8.14,NA,NA,NA,",hz,"
1853-10-21 07:00:00,15.56,270,1,225,NA,NA,1017.27,NA,NA,NA,NA,NA,5,NA,NA,NA,1,NA
1853-10-21 14:00:00,17.22,270,1,45,NA,NA,1016.93,NA,NA,NA,NA,NA,14.44,NA,NA,NA,1,NA
1853-10-21 21:00:00,16.67,270,1,315,NA,NA,1018.29,NA,NA,NA,NA,NA,5,NA,NA,NA,1,NA
1853-10-22,NA,NA,NA,NA,NA,NA,NA,NA,NA,NA,NA,NA,NA,11.48,NA,NA,NA,NA
1853-10-22 07:00:00,14.44,225,1,180,NA,NA,1019.64,NA,NA,NA,NA,NA,7.22,NA,NA,NA,1,NA
1853-10-22 14:00:00,17.22,315,1,180,NA,NA,1019.64,NA,NA,NA,NA,NA,16.67,NA,NA,NA,5,NA
1853-10-22 21:00:00,17.78,225,2,180,NA,NA,1018.63,NA,NA,NA,NA,NA,10.56,NA,NA,NA,16,NA
1853-10-23,NA,NA,NA,NA,NA,NA,NA,10.67,"4 pm","9 pm",NA,NA,NA,16.29,NA,NA,NA,NA
1853-10-23 07:00:00,18.33,180,5,180,NA,NA,1012.87,NA,NA,NA,NA,NA,13.33,NA,NA,NA,5,NA
1853-10-23 14:00:00,20.56,180,6,180,NA,NA,1009.14,NA,NA,NA,NA,NA,19.44,NA,NA,NA,16,NA
1853-10-23 21:00:00,21.11,225,4,225,NA,NA,1005.76,NA,NA,NA,NA,NA,16.11,NA,NA,NA,2,NA
1853-10-24,NA,NA,NA,NA,NA,NA,NA,NA,NA,NA,NA,NA,NA,14.26,NA,NA,NA,NA
1853-10-24 07:00:00,20,270,4,202.5,NA,NA,1011.51,NA,NA,NA,NA,NA,12.22,NA,NA,NA,2,NA
1853-10-24 14:00:00,18.89,247.5,3,135,NA,NA,1012.87,NA,NA,NA,NA,NA,18.33,NA,NA,NA,1,NA
1853-10-24 21:00:00,20,180,6,180,NA,NA,1010.16,NA,NA,NA,NA,NA,12.22,NA,NA,NA,11,NA
1853-10-25,NA,NA,NA,NA,NA,NA,NA,9.7,"7 am","12 am",NA,NA,NA,10.37,NA,NA,NA,",ra,"
1853-10-25 07:00:00,19.44,180,6,180,NA,NA,994.92,NA,NA,NA,NA,NA,16.67,NA,NA,NA,34,NA
1853-10-25 14:00:00,17.78,225,5,157.5,NA,NA,990.18,NA,NA,NA,NA,NA,10,NA,NA,NA,20,NA
1853-10-25 21:00:00,14.44,NA,0,225,NA,NA,1004.74,NA,NA,NA,NA,NA,4.44,NA,NA,NA,16,NA
1853-10-26,NA,NA,NA,NA,NA,NA,NA,NA,NA,NA,NA,NA,NA,4.07,NA,NA,NA,NA
1853-10-26 07:00:00,11.67,247.5,3,225,NA,NA,1014.56,NA,NA,NA,NA,NA,2.22,NA,NA,NA,2,NA
1853-10-26 14:00:00,13.89,247.5,4,225,NA,NA,1018.29,NA,NA,NA,NA,NA,7.78,NA,NA,NA,16,NA
1853-10-26 21:00:00,12.22,247.5,1,180,NA,NA,1022.01,NA,NA,NA,NA,NA,2.22,NA,NA,NA,2,NA
1853-10-27,NA,NA,NA,NA,NA,NA,NA,NA,"4 pm",NA,NA,NA,NA,9.26,NA,NA,NA,NA
1853-10-27 07:00:00,11.11,247.5,2,180,NA,NA,1019.3,NA,NA,NA,NA,NA,4.44,NA,NA,NA,2,NA
1853-10-27 14:00:00,12.78,225,4,180,NA,NA,1013.88,NA,NA,NA,NA,NA,11.11,NA,NA,NA,11,NA
1853-10-27 21:00:00,15.56,180,4,180,NA,NA,1009.82,NA,NA,NA,NA,NA,12.22,NA,NA,NA,2,NA
1853-10-28,NA,NA,NA,NA,NA,NA,NA,27.94,NA,"10 pm",NA,NA,NA,6.48,NA,NA,NA,NA
1853-10-28 07:00:00,16.67,202.5,1,202.5,NA,NA,1009.14,NA,NA,NA,NA,NA,10.56,NA,NA,NA,1,NA
1853-10-28 14:00:00,16.11,0,4,45,NA,NA,1004.06,NA,NA,NA,NA,NA,6.67,NA,NA,NA,16,NA
1853-10-28 21:00:00,14.44,45,4,45,NA,NA,1002.03,NA,NA,NA,NA,NA,2.22,NA,NA,NA,5,NA
1853-10-29,NA,NA,NA,NA,NA,NA,NA,NA,NA,NA,NA,NA,NA,-0.74,NA,NA,NA,",sn,"
1853-10-29 07:00:00,11.67,292.5,1,292.5,NA,NA,1008.13,NA,NA,NA,NA,NA,-1.67,NA,NA,NA,5,NA
1853-10-29 14:00:00,8.89,292.5,3,292.5,NA,NA,1010.5,NA,NA,NA,NA,NA,1.11,NA,NA,NA,5,NA
1853-10-29 21:00:00,8.89,270,1,180,NA,NA,1015.24,NA,NA,NA,NA,NA,-1.67,NA,NA,NA,1,NA
1853-10-30,NA,NA,NA,NA,NA,NA,NA,NA,NA,NA,NA,NA,NA,-0.37,NA,NA,NA,NA
1853-10-30 07:00:00,6.11,315,2,202.5,NA,NA,1017.95,NA,NA,NA,NA,NA,-3.33,NA,NA,NA,1,NA
1853-10-30 14:00:00,8.89,315,2,292.5,NA,NA,1020.66,NA,NA,NA,NA,NA,3.33,NA,NA,NA,2,NA
1853-10-30 21:00:00,8.89,315,2,202.5,NA,NA,1022.01,NA,NA,NA,NA,NA,-1.11,NA,NA,NA,1,NA
1853-10-31,NA,NA,NA,NA,NA,NA,NA,NA,NA,NA,NA,NA,NA,0.92,NA,NA,NA,",blsn,"
1853-10-31 07:00:00,7.22,247.5,3,180,NA,NA,1017.61,NA,NA,NA,NA,NA,-0.56,NA,NA,NA,1,NA
1853-10-31 14:00:00,13.89,247.5,3,0,NA,NA,1013.55,NA,NA,NA,NA,NA,5.56,NA,NA,NA,1,NA
1853-10-31 21:00:00,10.56,NA,0,180,NA,NA,1012.87,NA,NA,NA,NA,NA,-2.22,NA,NA,NA,1,NA
1853-11-01,NA,NA,NA,NA,NA,NA,NA,NA,NA,NA,NA,NA,NA,3.7,NA,NA,NA,NA
1853-11-01 07:00:00,6.67,NA,0,NA,NA,NA,1012.87,NA,NA,NA,NA,NA,-3.33,NA,NA,NA,NA,NA
1853-11-01 14:00:00,12.22,NA,0,NA,NA,NA,1013.21,NA,NA,NA,NA,NA,11.11,NA,NA,NA,NA,NA
1853-11-01 21:00:00,12.22,NA,0,180,NA,NA,1013.55,NA,NA,NA,NA,NA,3.33,NA,NA,NA,2,NA
1853-11-02,NA,NA,NA,NA,NA,NA,NA,0.1,"empty","empty",NA,NA,NA,5.74,NA,NA,NA,NA
1853-11-02 07:00:00,9.44,225,5,NA,NA,NA,1014.56,NA,NA,NA,NA,NA,1.11,NA,NA,NA,NA,NA
1853-11-02 14:00:00,13.33,NA,0,NA,NA,NA,1013.21,NA,NA,NA,NA,NA,11.67,NA,NA,NA,NA,NA
1853-11-02 21:00:00,13.33,NA,0,180,NA,NA,1013.55,NA,NA,NA,NA,NA,4.44,NA,NA,NA,2,NA
1853-11-03,NA,NA,NA,NA,NA,NA,NA,0.1,"empty","empty",NA,NA,NA,7.78,NA,NA,NA,NA
1853-11-03 07:00:00,12.22,247.5,3,247.5,NA,NA,1013.55,NA,NA,NA,NA,NA,4.44,NA,NA,NA,NA,NA
1853-11-03 14:00:00,11.67,225,2,225,NA,NA,1012.53,NA,NA,NA,NA,NA,12.22,NA,NA,NA,2,NA
1853-11-03 21:00:00,14.44,225,1,180,NA,NA,1012.19,NA,NA,NA,NA,NA,6.67,NA,NA,NA,1,NA
1853-11-04,NA,NA,NA,NA,NA,NA,NA,0.76,"1am","11am",NA,NA,NA,4.44,NA,NA,NA,NA
1853-11-04 07:00:00,14.44,337.5,2,337.5,NA,NA,1014.9,NA,NA,NA,NA,NA,5.56,NA,NA,NA,1,NA
1853-11-04 14:00:00,13.33,337.5,2,0,NA,NA,1013.88,NA,NA,NA,NA,NA,6.67,NA,NA,NA,1,NA
1853-11-04 21:00:00,12.22,337.5,1,0,NA,NA,1014.56,NA,NA,NA,NA,NA,1.11,NA,NA,NA,1,NA
1853-11-05,NA,NA,NA,NA,NA,NA,NA,NA,NA,NA,NA,NA,NA,-2.04,NA,NA,NA,NA
1853-11-05 07:00:00,8.89,315,3,270,NA,NA,1017.95,NA,NA,NA,NA,NA,-3.33,NA,NA,NA,2,NA
1853-11-05 14:00:00,10,315,5,315,NA,NA,1019.3,NA,NA,NA,NA,NA,1.11,NA,NA,NA,11,NA
1853-11-05 21:00:00,7.22,NA,0,202.5,NA,NA,1021.67,NA,NA,NA,NA,NA,-3.89,NA,NA,NA,2,NA
1853-11-06,NA,NA,NA,NA,NA,NA,NA,4.95,"3pm","8pm",NA,NA,NA,-0.56,NA,NA,NA,",sn,"
1853-11-06 07:00:00,4.44,NA,NA,180,NA,NA,1024.04,NA,NA,NA,NA,NA,-5,NA,NA,NA,1,NA
1853-11-06 14:00:00,6.67,225,3,135,NA,NA,1019.64,NA,NA,NA,NA,NA,1.11,NA,NA,NA,11,NA
1853-11-06 21:00:00,6.67,180,4,180,NA,NA,1009.82,NA,NA,NA,NA,NA,2.22,NA,NA,NA,1,NA
1853-11-07,NA,NA,NA,NA,NA,NA,NA,0,"9pm","empty",NA,NA,NA,-5,NA,NA,NA,NA
1853-11-07 07:00:00,6.67,292.5,2,292.5,NA,NA,1013.88,NA,NA,NA,NA,NA,-5,NA,NA,NA,5,NA
1853-11-07 14:00:00,7.22,292.5,2,292.5,NA,NA,1016.59,NA,NA,NA,NA,NA,-1.11,NA,NA,NA,16,NA
1853-11-07 21:00:00,3.89,292.5,6,292.5,NA,NA,1020.32,NA,NA,NA,NA,NA,-8.89,NA,NA,NA,16,NA
1853-11-08,NA,NA,NA,NA,NA,NA,NA,4.32,"empty","7am",NA,NA,NA,-6.3,NA,NA,NA,",sn,"
1853-11-08 07:00:00,1.11,315,3,315,NA,NA,1025.06,NA,NA,NA,NA,NA,-8.33,NA,NA,NA,5,NA
1853-11-08 14:00:00,1.67,315,2,315,NA,NA,1027.77,NA,NA,NA,NA,NA,-3.33,NA,NA,NA,2,NA
1853-11-08 21:00:00,7.22,270,2,180,NA,NA,1028.11,NA,NA,NA,NA,NA,-7.22,NA,NA,NA,1,NA
1853-11-09,NA,NA,NA,NA,NA,NA,NA,16.76,"am","6pm",NA,NA,NA,8.7,NA,NA,NA,",sn,"
1853-11-09 07:00:00,5.56,157.5,5,157.5,NA,NA,1012.53,NA,NA,NA,NA,NA,0.56,NA,NA,NA,11,NA
1853-11-09 14:00:00,10,180,7,225,NA,NA,1002.03,NA,NA,NA,NA,NA,11.67,NA,NA,NA,27,NA
1853-11-09 21:00:00,16.67,202.5,5,225,NA,NA,999.66,NA,NA,NA,NA,NA,13.89,NA,NA,NA,NA,NA
1853-11-10,NA,NA,NA,NA,NA,NA,NA,11.94,"empty","12am",NA,NA,NA,2.59,NA,NA,NA,",sn,"
1853-11-10 07:00:00,17.78,225,4,225,NA,NA,993.91,NA,NA,NA,NA,NA,8.89,NA,NA,NA,11,NA
1853-11-10 14:00:00,18.33,292.5,4,292.5,NA,NA,1002.71,NA,NA,NA,NA,NA,1.67,NA,NA,NA,16,NA
1853-11-10 21:00:00,12.22,292.5,3,292.5,NA,NA,1017.61,NA,NA,NA,NA,NA,-2.78,NA,NA,NA,11,NA
1853-11-11,NA,NA,NA,NA,NA,NA,NA,NA,NA,NA,NA,NA,NA,-3.33,NA,NA,NA,",halo,"
1853-11-11 07:00:00,7.22,292.5,2,225,NA,NA,1032.85,NA,NA,NA,NA,NA,-6.67,NA,NA,NA,2,NA
1853-11-11 14:00:00,8.89,292.5,1,NA,NA,NA,1036.57,NA,NA,NA,NA,NA,0,NA,NA,NA,NA,NA
1853-11-11 21:00:00,12.22,225,1,225,NA,NA,1039.62,NA,NA,NA,NA,NA,-3.33,NA,NA,NA,2,NA
1853-11-12,NA,NA,NA,NA,NA,NA,NA,NA,NA,NA,NA,NA,NA,2.22,NA,NA,NA,",halo,"
1853-11-12 07:00:00,8.33,247.5,1,225,NA,NA,1036.91,NA,NA,NA,NA,NA,-3.33,NA,NA,NA,2,NA
1853-11-12 14:00:00,12.22,247.5,1,202.5,NA,NA,1033.19,NA,NA,NA,NA,NA,7.78,NA,NA,NA,5,NA
1853-11-12 21:00:00,15,NA,NA,202.5,NA,NA,1030.82,NA,NA,NA,NA,NA,2.22,NA,NA,NA,11,NA
1853-11-13,NA,NA,NA,NA,NA,NA,NA,NA,NA,NA,NA,NA,NA,9.44,NA,NA,NA,NA
1853-11-13 07:00:00,15,202.5,3,202.5,NA,NA,1025.06,NA,NA,NA,NA,NA,5.56,NA,NA,NA,2,NA
1853-11-13 14:00:00,15.56,202.5,4,157.5,NA,NA,1019.3,NA,NA,NA,NA,NA,12.78,NA,NA,NA,11,NA
1853-11-13 21:00:00,15.56,180,4,157.5,NA,NA,1011.85,NA,NA,NA,NA,NA,10,NA,NA,NA,5,NA
1853-11-14,NA,NA,NA,NA,NA,NA,NA,66.04,"10am","9pm",NA,NA,NA,16.29,NA,NA,NA,NA
1853-11-14 07:00:00,17.78,157.5,6,157.5,NA,NA,996.61,NA,NA,NA,NA,NA,15.56,NA,NA,NA,20,NA
1853-11-14 14:00:00,18.89,157.5,6,NA,NA,NA,985.44,NA,NA,NA,NA,NA,16.67,NA,NA,NA,NA,NA
1853-11-14 21:00:00,19.44,202.5,6,NA,NA,NA,980.02,NA,NA,NA,NA,NA,16.67,NA,NA,NA,NA,NA
1853-11-15,NA,NA,NA,NA,NA,NA,NA,11.18,"empty","3am",NA,NA,NA,5.56,NA,NA,NA,NA
1853-11-15 07:00:00,16.11,270,4,270,NA,NA,992.21,NA,NA,NA,NA,NA,3.33,NA,NA,NA,5,NA
1853-11-15 14:00:00,13.89,270,3,225,NA,NA,998.31,NA,NA,NA,NA,NA,8.89,NA,NA,NA,2,NA
1853-11-15 21:00:00,13.33,315,3,225,NA,NA,1004.74,NA,NA,NA,NA,NA,4.44,NA,NA,NA,2,NA
1853-11-16,NA,NA,NA,NA,NA,NA,NA,NA,NA,NA,NA,NA,NA,-0.74,NA,NA,NA,NA
1853-11-16 07:00:00,10.56,292.5,2,270,NA,NA,1016.26,NA,NA,NA,NA,NA,-0.56,NA,NA,NA,1,NA
1853-11-16 14:00:00,7.78,292.5,1,315,NA,NA,1021.33,NA,NA,NA,NA,NA,1.67,NA,NA,NA,2,NA
1853-11-16 21:00:00,7.78,292.5,1,315,NA,NA,1027.09,NA,NA,NA,NA,NA,-3.33,NA,NA,NA,1,NA
1853-11-17,NA,NA,NA,NA,NA,NA,NA,NA,NA,NA,NA,NA,NA,-0.74,NA,NA,NA,NA
1853-11-17 07:00:00,8.33,0,2,0,NA,NA,1030.82,NA,NA,NA,NA,NA,-2.22,NA,NA,NA,2,NA
1853-11-17 14:00:00,8.33,0,2,0,NA,NA,1032.17,NA,NA,NA,NA,NA,1.67,NA,NA,NA,0,NA
1853-11-17 21:00:00,7.78,45,2,45,NA,NA,1033.53,NA,NA,NA,NA,NA,-1.67,NA,NA,NA,1,NA
1853-11-18,NA,NA,NA,NA,NA,NA,NA,NA,NA,NA,NA,NA,NA,0.92,NA,NA,NA,NA
1853-11-18 07:00:00,6.11,270,1,202.5,NA,NA,1032.51,NA,NA,NA,NA,NA,-1.67,NA,NA,NA,1,NA
1853-11-18 14:00:00,7.22,180,2,157.5,NA,NA,1030.14,NA,NA,NA,NA,NA,2.22,NA,NA,NA,1,NA
1853-11-18 21:00:00,10,NA,NA,225,NA,NA,1026.41,NA,NA,NA,NA,NA,2.22,NA,NA,NA,2,NA
1853-11-19,NA,NA,NA,NA,NA,NA,NA,2.41,"5am","1pm",NA,NA,NA,6.67,NA,NA,NA,NA
1853-11-19 07:00:00,10.56,225,3,225,NA,NA,1012.53,NA,NA,NA,NA,NA,8.33,NA,NA,NA,2,NA
1853-11-19 14:00:00,12.22,292.5,3,292.5,NA,NA,1011.51,NA,NA,NA,NA,NA,7.78,NA,NA,NA,2,NA
1853-11-19 21:00:00,13.33,292.5,2,292.5,NA,NA,1015.92,NA,NA,NA,NA,NA,3.89,NA,NA,NA,2,NA
1853-11-20,NA,NA,NA,NA,NA,NA,NA,0,"7pm","empty",NA,NA,NA,2.59,NA,NA,NA,NA
1853-11-20 07:00:00,12.78,0,2,0,NA,NA,1016.59,NA,NA,NA,NA,NA,1.67,NA,NA,NA,1,NA
1853-11-20 14:00:00,11.11,22.5,2,22.5,NA,NA,1014.9,NA,NA,NA,NA,NA,3.89,NA,NA,NA,1,NA
1853-11-20 21:00:00,11.11,22.5,2,22.5,NA,NA,1016.59,NA,NA,NA,NA,NA,2.22,NA,NA,NA,1,NA
1853-11-21,NA,NA,NA,NA,NA,NA,NA,0.76,"empty","9am",NA,NA,NA,0.56,NA,NA,NA,NA
1853-11-21 07:00:00,9.44,45,2,45,NA,NA,1018.29,NA,NA,NA,NA,NA,1.11,NA,NA,NA,1,NA
1853-11-21 14:00:00,9.44,45,2,45,NA,NA,1019.3,NA,NA,NA,NA,NA,1.11,NA,NA,NA,2,NA
1853-11-21 21:00:00,10.56,90,2,90,NA,NA,1021.33,NA,NA,NA,NA,NA,-0.56,NA,NA,NA,2,NA
1853-11-22,NA,NA,NA,NA,NA,NA,NA,NA,NA,NA,NA,NA,NA,2.59,NA,NA,NA,NA
1853-11-22 07:00:00,7.22,180,3,180,NA,NA,1018.29,NA,NA,NA,NA,NA,-1.11,NA,NA,NA,2,NA
1853-11-22 14:00:00,10.56,180,4,180,NA,NA,1012.87,NA,NA,NA,NA,NA,2.78,NA,NA,NA,2,NA
1853-11-22 21:00:00,12.22,202.5,4,180,NA,NA,1007.79,NA,NA,NA,NA,NA,6.11,NA,NA,NA,11,NA
1853-11-23,NA,NA,NA,NA,NA,NA,NA,0.13,"8am","11am",NA,NA,NA,1.29,NA,NA,NA,",sn,"
1853-11-23 07:00:00,12.22,0,5,0,NA,NA,1007.45,NA,NA,NA,NA,NA,3.89,NA,NA,NA,5,NA
1853-11-23 14:00:00,14.44,22.5,2,22.5,NA,NA,1011.51,NA,NA,NA,NA,NA,1.67,NA,NA,NA,2,NA
1853-11-23 21:00:00,11.11,45,2,45,NA,NA,1013.21,NA,NA,NA,NA,NA,-1.67,NA,NA,NA,2,NA
1853-11-24,NA,NA,NA,NA,NA,NA,NA,0,"1am","empty",NA,NA,NA,-3.33,NA,NA,NA,",sn,"
1853-11-24 07:00:00,7.22,45,1,45,NA,NA,1009.14,NA,NA,NA,NA,NA,-2.78,NA,NA,NA,1,NA
1853-11-24 14:00:00,6.67,45,4,45,NA,NA,1000.34,NA,NA,NA,NA,NA,-2.22,NA,NA,NA,11,NA
1853-11-24 21:00:00,11.67,45,4,45,NA,NA,1003.73,NA,NA,NA,NA,NA,-5,NA,NA,NA,20,NA
1853-11-25,NA,NA,NA,NA,NA,NA,NA,34.54,"empty","9am",NA,NA,NA,-12.97,NA,NA,NA,",sn,"
1853-11-25 07:00:00,5.56,315,4,292.5,NA,NA,1013.88,NA,NA,NA,NA,NA,-13.89,NA,NA,NA,11,NA
1853-11-25 14:00:00,11.67,315,3,292.5,NA,NA,1016.93,NA,NA,NA,NA,NA,-11.11,NA,NA,NA,11,NA
1853-11-25 21:00:00,8.33,315,3,247.5,NA,NA,1020.66,NA,NA,NA,NA,NA,-13.89,NA,NA,NA,5,NA
1853-11-26,NA,NA,NA,NA,NA,NA,NA,NA,NA,NA,NA,NA,NA,-13.52,NA,NA,NA,NA
1853-11-26 07:00:00,1.11,315,3,225,NA,NA,1023.37,NA,NA,NA,NA,NA,-16.67,NA,NA,NA,2,NA
1853-11-26 14:00:00,5.56,315,1,270,NA,NA,1023.37,NA,NA,NA,NA,NA,-10.56,NA,NA,NA,5,NA
1853-11-26 21:00:00,9.44,315,2,180,NA,NA,1016.93,NA,NA,NA,NA,NA,-13.33,NA,NA,NA,2,NA
1853-11-27,NA,NA,NA,NA,NA,NA,NA,0.76,"7am","5pm",NA,NA,NA,-11.67,NA,NA,NA,",sn,"
1853-11-27 07:00:00,2.22,315,3,270,NA,NA,1021.33,NA,NA,NA,NA,NA,-10.56,NA,NA,NA,11,NA
1853-11-27 14:00:00,7.78,315,5,337.5,NA,NA,1026.08,NA,NA,NA,NA,NA,-11.11,NA,NA,NA,16,NA
1853-11-27 21:00:00,11.67,315,3,315,NA,NA,1031.16,NA,NA,NA,NA,NA,-13.33,NA,NA,NA,5,NA
1853-11-28,NA,NA,NA,NA,NA,NA,NA,5.08,"3pm","12pm",NA,NA,NA,-10.74,NA,NA,NA,NA
1853-11-28 07:00:00,2.22,270,1,270,NA,NA,1033.19,NA,NA,NA,NA,NA,-11.67,NA,NA,NA,2,NA
1853-11-28 14:00:00,7.78,292.5,2,292.5,NA,NA,1035.22,NA,NA,NA,NA,NA,-6.67,NA,NA,NA,1,NA
1853-11-28 21:00:00,8.33,NA,0,225,NA,NA,1033.86,NA,NA,NA,NA,NA,-13.89,NA,NA,NA,1,NA
1853-11-29,NA,NA,NA,NA,NA,NA,NA,NA,NA,NA,NA,NA,NA,-0.37,NA,NA,NA,NA
1853-11-29 07:00:00,2.22,202.5,2,NA,NA,NA,1029.46,NA,NA,NA,NA,NA,-5,NA,NA,NA,NA,NA
1853-11-29 14:00:00,8.89,225,2,180,NA,NA,1027.77,NA,NA,NA,NA,NA,2.22,NA,NA,NA,1,NA
1853-11-29 21:00:00,15.56,180,1,180,NA,NA,1027.09,NA,NA,NA,NA,NA,1.67,NA,NA,NA,1,NA
1853-11-30,NA,NA,NA,NA,NA,NA,NA,NA,NA,NA,NA,NA,NA,7.22,NA,NA,NA,NA
1853-11-30 07:00:00,11.11,180,3,180,NA,NA,1019.3,NA,NA,NA,NA,NA,2.78,NA,NA,NA,5,NA
1853-11-30 14:00:00,18.33,202.5,3,180,NA,NA,1014.22,NA,NA,NA,NA,NA,8.33,NA,NA,NA,5,NA
1853-11-30 21:00:00,19.44,180,3,180,NA,NA,1007.79,NA,NA,NA,NA,NA,10.56,NA,NA,NA,5,NA
1853-12-01,NA,NA,NA,NA,NA,NA,NA,6.35,"1 am","4 am",NA,NA,NA,0.56,NA,NA,NA,NA
1853-12-01 07:00:00,17.22,0,3,0,NA,NA,1008.47,NA,NA,NA,NA,NA,3.33,NA,NA,NA,2,NA
1853-12-01 14:00:00,15,45,4,45,NA,NA,1008.13,NA,NA,NA,NA,NA,0,NA,NA,NA,11,NA
1853-12-01 21:00:00,16.67,45,5,45,NA,NA,1006.1,NA,NA,NA,NA,NA,-1.67,NA,NA,NA,20,NA
1853-12-02,NA,NA,NA,NA,NA,NA,NA,NA,NA,NA,NA,NA,NA,-2.22,NA,NA,NA,NA
1853-12-02 07:00:00,11.11,0,4,0,NA,NA,1007.45,NA,NA,NA,NA,NA,-2.78,NA,NA,NA,11,NA
1853-12-02 14:00:00,16.11,0,4,45,NA,NA,1014.22,NA,NA,NA,NA,NA,-1.67,NA,NA,NA,5,NA
1853-12-02 21:00:00,16.11,45,3,45,NA,NA,1016.26,NA,NA,NA,NA,NA,-2.22,NA,NA,NA,2,NA
1853-12-03,NA,NA,NA,NA,NA,NA,NA,20.32,"12 am","12 pm",NA,NA,NA,-1.11,NA,NA,NA,",sn,"
1853-12-03 07:00:00,10,0,1,180,130.38,NA,1016.26,NA,NA,NA,92,NA,-1.67,NA,-18.61,-18.33,1,NA
1853-12-03 14:00:00,11.11,45,1,45,133.09,NA,1008.13,NA,NA,NA,96,NA,-0.56,NA,-18.72,-18.61,1,NA
1853-12-03 21:00:00,14.44,315,1,315,130.38,NA,999.32,NA,NA,NA,92,NA,-1.11,NA,-18.61,-18.33,2,NA
1853-12-04,NA,NA,NA,NA,NA,NA,NA,NA,NA,NA,NA,NA,NA,-5.94,NA,NA,NA,NA
1853-12-04 07:00:00,10,315,4,270,93.8,NA,1005.42,NA,NA,NA,85,NA,-5,NA,-21.22,-20.89,2,NA
1853-12-04 14:00:00,13.33,270,4,270,85.68,NA,1008.47,NA,NA,NA,77,NA,-3.89,NA,-20.44,-19.89,2,NA
1853-12-04 21:00:00,13.33,292.5,2,292.5,54.52,NA,1012.53,NA,NA,NA,70,NA,-8.89,NA,-23,-22.39,1,NA
1853-12-05,NA,NA,NA,NA,NA,NA,NA,NA,NA,NA,NA,NA,NA,-13.72,NA,NA,NA,",fg,"
1853-12-05 07:00:00,7.22,315,2,247.5,40.3,NA,1018.63,NA,NA,NA,76,NA,-13.89,NA,-25.56,-25.22,1,NA
1853-12-05 14:00:00,8.89,292.5,2,292.5,55.54,NA,1021,NA,NA,NA,70,NA,-8.33,NA,-23.06,-22.5,1,NA
1853-12-05 21:00:00,7.78,NA,0,202.5,32.51,NA,1025.06,NA,NA,NA,89,NA,-18.89,NA,-27.94,-27.83,2,NA
1853-12-06,NA,NA,NA,NA,NA,NA,NA,NA,"9 pm",NA,NA,NA,NA,-8.17,NA,NA,NA,",sn,"
1853-12-06 07:00:00,0.56,NA,0,202.5,28.11,NA,1025.74,NA,NA,NA,93,NA,-22.22,NA,-29.67,-29.61,1,NA
1853-12-06 14:00:00,8.89,225,3,180,99.22,NA,1023.03,NA,NA,NA,72,NA,-1.67,NA,-19.44,-18.67,1,NA
1853-12-06 21:00:00,12.78,225,2,157.5,125.97,NA,1017.27,NA,NA,NA,85,NA,-0.56,NA,-18.56,-18.11,11,NA
1853-12-07,NA,NA,NA,NA,NA,NA,NA,NA,"7 pm","5 am, 9pm",NA,NA,NA,1.67,NA,NA,NA,",sn,"
1853-12-07 07:00:00,12.78,225,4,225,198.44,NA,1002.37,NA,NA,NA,93,NA,4.44,NA,-15.56,-15.33,1,NA
1853-12-07 14:00:00,13.33,315,2,315,148.66,NA,1004.4,NA,NA,NA,87,NA,1.11,NA,-17.39,-17,1,NA
1853-12-07 21:00:00,13.33,315,2,315,135.12,NA,1010.16,NA,NA,NA,90,NA,-0.56,NA,-18.44,-18.22,1,NA
1853-12-08,NA,NA,NA,NA,NA,NA,NA,0.25,"8 pm","9 pm",NA,NA,NA,-3.89,NA,NA,NA,",sn,"
1853-12-08 07:00:00,11.11,315,2,315,9.55,NA,1012.87,NA,NA,NA,86,NA,-4.44,NA,-20.56,-20.22,1,NA
1853-12-08 14:00:00,11.67,247.5,2,247.5,8.36,NA,1012.53,NA,NA,NA,61,NA,-1.67,NA,-19.72,-18.61,1,NA
1853-12-08 21:00:00,9.44,315,2,315,6.74,NA,1016.93,NA,NA,NA,68,NA,-5.56,NA,-21.39,-20.67,1,NA
1853-12-09,NA,NA,NA,NA,NA,NA,NA,NA,NA,NA,NA,NA,NA,-5,NA,NA,NA,NA
1853-12-09 07:00:00,6.11,292.5,2,247.5,6.43,NA,1019.98,NA,NA,NA,90,NA,-10,NA,-23.39,-23.22,1,NA
1853-12-09 14:00:00,8.33,270,3,180,9.08,NA,1019.3,NA,NA,NA,72,NA,-2.22,NA,-20.06,-19.33,2,NA
1853-12-09 21:00:00,11.11,NA,0,180,11.68,NA,1017.95,NA,NA,NA,92,NA,-2.78,NA,-19.44,-19.22,1,NA
1853-12-10,NA,NA,NA,NA,NA,NA,NA,NA,NA,NA,NA,NA,NA,0.17,NA,NA,NA,NA
1853-12-10 07:00:00,8.89,270,2,247.5,12.22,NA,1015.92,NA,NA,NA,98,NA,-2.78,NA,-19.44,-19.39,1,NA
1853-12-10 14:00:00,12.78,270,2,270,15.78,NA,1012.87,NA,NA,NA,51,NA,6.11,NA,-16.61,-14.44,1,NA
1853-12-10 21:00:00,17.22,NA,0,0,11.48,NA,1015.24,NA,NA,NA,92,NA,-2.78,NA,-19.56,-19.33,1,NA
1853-12-11,NA,NA,NA,NA,NA,NA,NA,0.13,"3 pm","4 pm",NA,NA,NA,-0.22,NA,NA,NA,",sn,"
1853-12-11 07:00:00,11.11,22.5,1,22.5,135.79,NA,1015.24,NA,NA,NA,89,NA,0,NA,-18.22,-17.89,1,NA
1853-12-11 14:00:00,10.56,67.5,2,67.5,130.04,NA,1014.9,NA,NA,NA,81,NA,0.56,NA,-18.17,-17.61,1,NA
1853-12-11 21:00:00,12.78,0,1,180,130.04,NA,1015.92,NA,NA,NA,91,NA,-1.11,NA,-18.67,-18.39,1,NA
1853-12-12,NA,NA,NA,NA,NA,NA,NA,NA,NA,NA,NA,NA,NA,-1.11,NA,NA,NA,NA
1853-12-12 07:00:00,11.11,0,1,0,125.97,NA,1014.9,NA,NA,NA,92,NA,-2.78,NA,-18.94,-18.72,1,NA
1853-12-12 14:00:00,13.33,0,1,22.5,119.88,NA,1014.9,NA,NA,NA,80,NA,-0.56,NA,-18.67,-18.11,1,NA
1853-12-12 21:00:00,14.44,67.5,4,67.5,120.89,NA,1015.24,NA,NA,NA,77,NA,0,NA,-18.44,-17.78,2,NA
1853-12-13,NA,NA,NA,NA,NA,NA,NA,NA,NA,NA,NA,NA,NA,-1.5,NA,NA,NA,NA
1853-12-13 07:00:00,10.56,0,1,225,115.14,NA,1012.87,NA,NA,NA,87,NA,-2.22,NA,-19.33,-19,1,NA
1853-12-13 14:00:00,11.11,0,2,315,124.28,NA,1013.21,NA,NA,NA,87,NA,-1.11,NA,-18.72,-18.33,2,NA
1853-12-13 21:00:00,13.89,0,4,0,125.3,NA,1016.59,NA,NA,NA,88,NA,-1.11,NA,-18.67,-18.28,11,NA
1853-12-14,NA,NA,NA,NA,NA,NA,NA,NA,NA,NA,NA,NA,NA,-3.89,NA,NA,NA,NA
1853-12-14 07:00:00,8.89,0,2,0,89.74,NA,1018.96,NA,NA,NA,74,NA,-3.33,NA,-20.22,-19.56,2,NA
1853-12-14 14:00:00,13.89,315,1,0,118.18,NA,1019.3,NA,NA,NA,88,NA,-1.67,NA,-19.17,-18.83,1,NA
1853-12-14 21:00:00,12.22,NA,0,180,89.06,NA,1017.27,NA,NA,NA,97,NA,-6.67,NA,-21.56,-21.5,1,NA
1853-12-15,NA,NA,NA,NA,NA,NA,NA,NA,NA,NA,NA,NA,NA,-2.44,NA,NA,NA,",halo,"
1853-12-15 07:00:00,6.11,292.5,2,180,102.61,NA,1010.84,NA,NA,NA,93,NA,-4.44,NA,-20.44,-20.28,1,NA
1853-12-15 14:00:00,8.33,292.5,2,292.5,115.48,NA,1011.51,NA,NA,NA,64,NA,2.22,NA,-17.61,-16.5,2,NA
1853-12-15 21:00:00,11.67,292.5,1,292.5,100.58,NA,1016.26,NA,NA,NA,90,NA,-5,NA,-20.67,-20.44,1,NA
1853-12-16,NA,NA,NA,NA,NA,NA,NA,NA,NA,NA,NA,NA,NA,-2.06,NA,NA,NA,NA
1853-12-16 07:00:00,6.11,225,1,202.5,72.13,NA,1015.58,NA,NA,NA,97,NA,-9.44,NA,-23,-22.94,1,NA
1853-12-16 14:00:00,8.33,225,1,180,113.44,NA,1013.55,NA,NA,NA,64,NA,2.22,NA,-17.67,-16.5,1,NA
1853-12-16 21:00:00,13.33,180,2,180,141.89,NA,1014.22,NA,NA,NA,87,NA,1.11,NA,-17.61,-17.22,1,NA
1853-12-17,NA,NA,NA,NA,NA,NA,NA,NA,NA,NA,NA,NA,NA,3.67,NA,NA,NA,NA
1853-12-17 07:00:00,12.22,180,2,180,170,NA,1011.85,NA,NA,NA,93,NA,2.22,NA,-16.78,-16.56,2,NA
1853-12-17 14:00:00,15,180,2,180,180.16,NA,1009.48,NA,NA,NA,80,NA,5.56,NA,-15.56,-14.83,1,NA
1853-12-17 21:00:00,16.11,180,2,180,171.69,NA,1009.48,NA,NA,NA,86,NA,3.33,NA,-16.33,-15.89,1,NA
1853-12-18,NA,NA,NA,NA,NA,NA,NA,19.43,"1 am","10 pm",NA,NA,NA,10.89,NA,NA,NA,",ra,"
1853-12-18 07:00:00,14.44,180,6,180,294.28,NA,996.61,NA,NA,NA,95,NA,10,NA,-12.44,-12.22,16,NA
1853-12-18 14:00:00,17.22,157.5,6,157.5,357.26,NA,985.44,NA,NA,NA,98,NA,12.78,NA,-10.94,-10.83,34,NA
1853-12-18 21:00:00,18.33,157.5,6,157.5,310.19,NA,983.75,NA,NA,NA,97,NA,10,NA,-12.22,-12.11,11,NA
1853-12-19,NA,NA,NA,NA,NA,NA,NA,NA,NA,NA,NA,NA,NA,-0.39,NA,NA,NA,NA
1853-12-19 07:00:00,14.44,225,3,225,142.57,NA,996.61,NA,NA,NA,83,NA,1.11,NA,-17.5,-17,5,NA
1853-12-19 14:00:00,12.78,225,3,225,106.33,NA,1003.39,NA,NA,NA,72,NA,-0.56,NA,-18.94,-18.11,2,NA
1853-12-19 21:00:00,13.33,247.5,2,247.5,117.51,NA,1008.47,NA,NA,NA,86,NA,-1.67,NA,-19.11,-18.72,1,NA
1853-12-20,NA,NA,NA,NA,NA,NA,NA,0.25,"1 am","8 pm",NA,NA,NA,-8,NA,NA,NA,",sn,"
1853-12-20 07:00:00,8.33,292.5,1,292.5,73.82,NA,1009.82,NA,NA,NA,83,NA,-7.22,NA,-22.11,-21.78,1,NA
1853-12-20 14:00:00,7.22,292.5,1,292.5,86.69,NA,1009.48,NA,NA,NA,94,NA,-6.67,NA,-21.67,-21.56,11,NA
1853-12-20 21:00:00,8.89,292.5,2,292.5,58.92,NA,1012.19,NA,NA,NA,81,NA,-10,NA,-23.44,-23.11,11,NA
1853-12-21,NA,NA,NA,NA,NA,NA,NA,NA,NA,NA,NA,NA,NA,-14.83,NA,NA,NA,NA
1853-12-21 07:00:00,1.11,292.5,2,292.5,35.9,NA,1017.61,NA,NA,NA,82,NA,-16.11,NA,-26.72,-26.5,5,NA
1853-12-21 14:00:00,2.22,292.5,2,292.5,29.12,NA,1019.3,NA,NA,NA,54,NA,-13.33,NA,-25.67,-25,11,NA
1853-12-21 21:00:00,3.33,0,2,0,38.27,NA,1023.37,NA,NA,NA,78,NA,-15,NA,-26.11,-25.83,2,NA
1853-12-22,NA,NA,NA,NA,NA,NA,NA,0.13,"11 pm","8 am",NA,NA,NA,-13.72,NA,NA,NA,NA
1853-12-22 07:00:00,-2.22,292.5,1,292.5,33.86,NA,1026.75,NA,NA,NA,85,NA,-17.22,NA,-27.39,-27.22,5,NA
1853-12-22 14:00:00,3.33,247.5,2,135,36.91,NA,1027.43,NA,NA,NA,63,NA,-12.78,NA,-25.11,-24.56,1,NA
1853-12-22 21:00:00,5.56,135,1,135,44.02,NA,1026.08,NA,NA,NA,66,NA,-11.11,NA,-24.22,-23.67,1,NA
1853-12-23,NA,NA,NA,NA,NA,NA,NA,NA,"8 pm",NA,NA,NA,NA,0,NA,NA,NA,",sn,"
1853-12-23 07:00:00,5,180,3,180,91.43,NA,1022.01,NA,NA,NA,83,NA,-5,NA,-20.72,-20.33,5,NA
1853-12-23 14:00:00,11.67,135,3,135,109.38,NA,1017.61,NA,NA,NA,60,NA,2.78,NA,-17.67,-16.39,11,NA
1853-12-23 21:00:00,13.33,135,4,135,160.51,NA,1007.11,NA,NA,NA,89,NA,2.22,NA,-17,-16.67,34,NA
1853-12-24,NA,NA,NA,NA,NA,NA,NA,NA,"3 pm","8 am, 7pm",NA,NA,NA,2,NA,NA,NA,",sn,"
1853-12-24 07:00:00,10.56,135,8,112.5,236.03,NA,971.89,NA,NA,NA,95,NA,6.67,NA,-14.28,-14.11,40,NA
1853-12-24 14:00:00,11.67,180,5,180,125.64,NA,973.59,NA,NA,NA,68,NA,2.22,NA,-17.44,-16.44,20,NA
1853-12-24 21:00:00,11.11,225,5,225,90.42,NA,979.68,NA,NA,NA,70,NA,-2.78,NA,-20.06,-19.28,20,NA
1853-12-25,NA,NA,NA,NA,NA,NA,NA,NA,NA,NA,NA,NA,NA,-4.44,NA,NA,NA,NA
1853-12-25 07:00:00,8.33,225,4,225,102.61,NA,993.23,NA,NA,NA,95,NA,-5,NA,-20.67,-20.56,11,NA
1853-12-25 14:00:00,7.22,225,4,225,54.86,NA,997.97,NA,NA,NA,44,NA,-2.22,NA,-20.44,-18.89,5,NA
1853-12-25 21:00:00,6.11,225,2,225,72.81,NA,1004.74,NA,NA,NA,73,NA,-6.11,NA,-21.56,-20.94,2,NA
1853-12-26,NA,NA,NA,NA,NA,NA,NA,NA,NA,NA,NA,NA,NA,-4.44,NA,NA,NA,",frst,"
1853-12-26 07:00:00,3.33,225,2,225,71.79,NA,1007.45,NA,NA,NA,94,NA,-9.44,NA,-22.89,-22.78,1,NA
1853-12-26 14:00:00,9.44,225,1,225,98.54,NA,1007.45,NA,NA,NA,63,NA,0,NA,-18.89,-17.78,1,NA
1853-12-26 21:00:00,12.78,225,1,0,103.62,NA,1007.11,NA,NA,NA,89,NA,-3.89,NA,-20.11,-19.83,1,NA
1853-12-27,NA,NA,NA,NA,NA,NA,NA,10.67,"7 am, 10pm","12 am",NA,NA,NA,1.28,NA,NA,NA,",sn,"
1853-12-27 07:00:00,5,67.5,6,67.5,127.33,NA,990.18,NA,NA,NA,89,NA,-0.56,NA,-18.67,-18.33,20,NA
1853-12-27 14:00:00,10,135,4,135,165.59,NA,983.75,NA,NA,NA,87,NA,2.78,NA,-16.67,-16.28,5,NA
1853-12-27 21:00:00,14.44,135,3,135,155.44,NA,983.07,NA,NA,NA,89,NA,1.67,NA,-17.11,-16.78,2,NA
1853-12-28,NA,NA,NA,NA,NA,NA,NA,2.79,"empty","9 am",NA,NA,NA,-3.17,NA,NA,NA,",sn,"
1853-12-28 07:00:00,10.56,247.5,4,247.5,151.71,NA,986.12,NA,NA,NA,96,NA,0.56,NA,-17.67,-17.56,5,NA
1853-12-28 14:00:00,6.11,247.5,4,247.5,97.53,NA,994.24,NA,NA,NA,84,NA,-3.89,NA,-20.28,-19.89,16,NA
1853-12-28 21:00:00,13.33,NA,0,270,85,NA,1006.1,NA,NA,NA,87,NA,-6.11,NA,-21.39,-21.11,2,NA
1853-12-29,NA,NA,NA,NA,NA,NA,NA,40.26,"10 am","9 pm",NA,NA,NA,0.17,NA,NA,NA,",sn,"
1853-12-29 07:00:00,4.44,225,1,225,79.58,NA,1004.74,NA,NA,NA,94,NA,-8.33,NA,-22.22,-22.11,12,NA
1853-12-29 14:00:00,9.44,90,4,90,130.38,NA,984.42,NA,NA,NA,96,NA,2.22,NA,-16.67,-16.78,11,NA
1853-12-29 21:00:00,14.44,180,3,180,243.14,NA,971.56,NA,NA,NA,97,NA,6.67,NA,-14.11,-14,5,NA
1853-12-30,NA,NA,NA,NA,NA,NA,NA,NA,NA,NA,NA,NA,NA,-6.33,NA,NA,NA,NA
1853-12-30 07:00:00,6.11,202.5,5,202.5,76.19,NA,987.47,NA,NA,NA,79,NA,-6.11,NA,-21.67,-21.22,16,NA
1853-12-30 14:00:00,7.22,225,6,225,65.7,NA,994.58,NA,NA,NA,63,NA,-5.56,NA,-21.56,-20.72,16,NA
1853-12-30 21:00:00,9.44,225,2,225,76.87,NA,1007.45,NA,NA,NA,86,NA,-7.22,NA,-22.06,-21.78,5,NA
1853-12-31,NA,NA,NA,NA,NA,NA,NA,7.62,"6 am","10 am",NA,NA,NA,-0.39,NA,NA,NA,",sn,"
1853-12-31 07:00:00,5,90,1,90,94.48,NA,1008.47,NA,NA,NA,95,NA,-6.11,NA,-21.11,-21,1,NA
1853-12-31 14:00:00,11.67,225,3,225,215.37,NA,1000,NA,NA,NA,96,NA,5,NA,-15.06,-14.89,1,NA
1853-12-31 21:00:00,13.89,225,2,225,135.79,NA,1009.82,NA,NA,NA,88,NA,0,NA,-18.22,-17.89,1,NA
1854-01-01,NA,NA,NA,NA,NA,NA,NA,16.64,"9 am","5 pm",NA,NA,NA,-8,NA,NA,NA,NA
1854-01-01 07:00:00,7.22,45,1,NA,107.69,NA,1020.66,NA,NA,NA,93,NA,-7.78,NA,-19.89,-19.72,NA,NA
1854-01-01 14:00:00,7.22,NA,NA,NA,144.6,NA,1010.5,NA,NA,NA,94,NA,-6.11,NA,-18.06,-17.89,NA,NA
1854-01-01 21:00:00,13.89,135,NA,180,248.22,NA,1002.71,NA,NA,NA,99,NA,-10,NA,-14.06,-14,5,NA
1854-01-02,NA,NA,NA,NA,NA,NA,NA,0,"empty","empty",NA,NA,NA,1.44,NA,NA,NA,NA
1854-01-02 07:00:00,11.67,247.5,3,247.5,157.81,NA,1006.43,NA,NA,NA,86,NA,2.22,NA,-16.94,-16.5,1,NA
1854-01-02 14:00:00,13.33,NA,NA,225,127.33,NA,1005.42,NA,NA,NA,66,NA,3.33,NA,-17.11,-16,2,NA
1854-01-02 21:00:00,15,225,2,225,107.01,NA,1011.51,NA,NA,NA,73,NA,-1.11,NA,-19,-18.22,1,NA
1854-01-03,NA,NA,NA,NA,NA,NA,NA,0,"empty","empty",NA,NA,NA,-4.83,NA,NA,NA,NA
1854-01-03 07:00:00,7.22,225,1,225,68.07,NA,1020.66,NA,NA,NA,74,NA,-6.67,NA,-22,-21.44,1,NA
1854-01-03 14:00:00,7.78,270,3,270,58.58,NA,1021,NA,NA,NA,48,NA,-3.33,NA,-20.89,-19.56,2,NA
1854-01-03 21:00:00,10.56,225,1,225,76.53,NA,1024.04,NA,NA,NA,69,NA,-4.44,NA,-21,-20.28,1,NA
1854-01-04,NA,NA,NA,NA,NA,NA,NA,0.13,"4 am","4 am",NA,NA,NA,2.22,NA,NA,NA,",sn,"
1854-01-04 07:00:00,8.33,202.5,1,202.5,129.02,NA,1017.61,NA,NA,NA,94,NA,-2.22,NA,-19.06,-18.89,2,NA
1854-01-04 14:00:00,13.89,NA,NA,180,168.3,NA,1011.51,NA,NA,NA,80,NA,3.89,NA,-16.11,-15.44,5,NA
1854-01-04 21:00:00,15,225,2,180,152.39,NA,1011.51,NA,NA,NA,69,NA,5,NA,-14.89,-16,16,NA
1854-01-05,NA,NA,NA,NA,NA,NA,NA,0,"empty","empty",NA,NA,NA,1.44,NA,NA,NA,NA
1854-01-05 07:00:00,12.22,247.5,2,225,135.12,NA,1010.5,NA,NA,NA,70,NA,4.44,NA,-16.33,-15.33,2,NA
1854-01-05 14:00:00,14.44,NA,NA,292.5,107.69,NA,1016.93,NA,NA,NA,52,NA,3.33,NA,-17.39,-15.83,16,NA
1854-01-05 21:00:00,14.44,270,2,0,74.16,NA,1024.04,NA,NA,NA,61,NA,-3.33,NA,-20.56,-19.56,1,NA
1854-01-06,NA,NA,NA,NA,NA,NA,NA,1.9,"8 pm","11 pm",NA,NA,NA,0.72,NA,NA,NA,",sn,"
1854-01-06 07:00:00,8.89,225,2,180,94.82,NA,1015.58,NA,NA,NA,78,NA,-2.78,NA,-19.89,-19.33,5,NA
1854-01-06 14:00:00,10.56,NA,NA,157.5,191.67,NA,1003.05,NA,NA,NA,87,NA,3.89,NA,-15.94,-15.5,20,NA
1854-01-06 21:00:00,16.67,315,5,315,152.05,NA,1000.68,NA,NA,NA,89,NA,1.11,NA,-17.39,-17.06,11,NA
1854-01-07,NA,NA,NA,NA,NA,NA,NA,0,"empty","empty",NA,NA,NA,-13.17,NA,NA,NA,NA
1854-01-07 07:00:00,7.22,315,5,315,39.28,NA,1010.5,NA,NA,NA,73,NA,-13.33,NA,-25.44,-25.06,5,NA
1854-01-07 14:00:00,5.56,292.5,0,292.5,27.77,NA,1013.21,NA,NA,NA,48,NA,-12.78,NA,-25.39,-24.61,16,NA
1854-01-07 21:00:00,4.44,NA,0,247.5,33.53,NA,1016.93,NA,NA,NA,61,NA,-13.33,NA,-25.56,-25,1,NA
1854-01-08,NA,NA,NA,NA,NA,NA,NA,0,"5 pm","empty",NA,NA,NA,-9.67,NA,NA,NA,",sn,"
1854-01-08 07:00:00,0,270,1,225,49.1,NA,1015.24,NA,NA,NA,100,NA,-15,NA,-25.83,-25.83,1,NA
1854-01-08 14:00:00,6.67,270,1,180,60.28,NA,1012.19,NA,NA,NA,65,NA,-6.67,NA,-22.22,-21.5,1,NA
1854-01-08 21:00:00,6.67,45,2,45,85.34,NA,1003.05,NA,NA,NA,94,NA,-7.22,NA,-21.78,-21.67,2,NA
1854-01-09,NA,NA,NA,NA,NA,NA,NA,9.65,"empty","10 am",NA,NA,NA,-12.78,NA,NA,NA,",sn,"
1854-01-09 07:00:00,6.11,0,3,0,77.55,NA,999.32,NA,NA,NA,94,NA,-8.33,NA,-22.39,-22.28,5,NA
1854-01-09 14:00:00,8.33,315,3,315,55.2,NA,1004.4,NA,NA,NA,92,NA,-12.22,NA,-24.56,-24.44,2,NA
1854-01-09 21:00:00,7.78,270,2,270,36.57,NA,1011.85,NA,NA,NA,90,NA,-17.78,NA,-18.73,-27.22,2,NA
1854-01-10,NA,NA,NA,NA,NA,NA,NA,0,"9 pm","empty",NA,NA,NA,-18.11,NA,NA,NA,NA
1854-01-10 07:00:00,-3.89,NA,0,180,11.85,NA,1022.69,NA,NA,NA,55,NA,-26.11,NA,-31.94,-31.67,0,NA
1854-01-10 14:00:00,3.33,270,NA,247.5,31.15,NA,1026.08,NA,NA,NA,65,NA,-15,NA,-26.39,-25.94,2,NA
1854-01-10 21:00:00,5.56,225,4,180,46.39,NA,1027.43,NA,NA,NA,85,NA,-13.33,NA,-25.22,-25,2,NA
1854-01-11,NA,NA,NA,NA,NA,NA,NA,2.92,"empty","6 am",NA,NA,NA,-4.67,NA,NA,NA,",sn,"
1854-01-11 07:00:00,5,45,2,45,108.7,NA,1027.09,NA,NA,NA,93,NA,-3.89,NA,-20.11,-19.94,2,NA
1854-01-11 14:00:00,3.33,45,2,45,95.5,NA,1026.75,NA,NA,NA,86,NA,-4.44,NA,-20.56,-20.22,2,NA
1854-01-11 21:00:00,11.11,NA,NA,90,95.5,NA,1030.14,NA,NA,NA,93,NA,-5.56,NA,-20.89,-20.72,1,NA
1854-01-12,NA,NA,NA,NA,NA,NA,NA,0,"4 pm","empty",NA,NA,NA,4.61,NA,NA,NA,",ra,"
1854-01-12 07:00:00,8.89,180,4,180,138.84,NA,1025.06,NA,NA,NA,96,NA,-1.11,NA,-18.44,-18.33,2,NA
1854-01-12 14:00:00,11.11,202.5,5,202.5,172.37,NA,1016.26,NA,NA,NA,83,NA,3.89,NA,-16.11,-15.56,11,NA
1854-01-12 21:00:00,16.11,180,4,180,322.38,NA,1007.79,NA,NA,NA,97,NA,11.11,NA,-11.78,-11.67,20,NA
1854-01-13,NA,NA,NA,NA,NA,NA,NA,8.64,"empty","11 am",NA,NA,NA,9.78,NA,NA,NA,",ra,"
1854-01-13 07:00:00,17.78,NA,NA,202.5,311.21,NA,997.63,NA,NA,NA,90,NA,11.67,NA,-11.78,-11.33,20,NA
1854-01-13 14:00:00,18.89,NA,NA,202.5,313.24,NA,990.86,NA,NA,NA,90,NA,12.22,NA,-11.61,-11.17,16,NA
1854-01-13 21:00:00,20,247.5,6,202.5,170,NA,996.61,NA,NA,NA,75,NA,5.56,NA,-15.72,-14.83,2,NA
1854-01-14,NA,NA,NA,NA,NA,NA,NA,NA,"12 am | 5 pm","2 pm | 6 pm",NA,NA,NA,1.11,NA,NA,NA,",sn,"
1854-01-14 07:00:00,12.22,202.5,2,202.5,158.82,NA,991.2,NA,NA,NA,85,NA,2.78,NA,-16.78,-16.28,2,NA
1854-01-14 14:00:00,12.78,270,3,270,183.2,NA,985.1,NA,NA,NA,87,NA,4.44,NA,-15.83,-15.39,1,NA
1854-01-14 21:00:00,15.56,292.5,4,315,84.32,NA,997.63,NA,NA,NA,77,NA,-3.89,NA,-20.83,-20.28,11,NA
1854-01-15,NA,NA,NA,NA,NA,NA,NA,0,"empty","empty",NA,NA,NA,NA,NA,NA,NA,NA
1854-01-15 07:00:00,5,NA,NA,292.5,59.94,NA,1010.5,NA,NA,NA,70,NA,NA,NA,-22.56,-21.94,NA,NA
1854-01-15 14:00:00,6.67,292.5,NA,292.5,51.13,NA,1012.53,NA,NA,NA,52,NA,NA,NA,-22.11,-21.06,5,NA
1854-01-15 21:00:00,7.22,337.5,3,337.5,35.9,NA,1018.96,NA,NA,NA,53,NA,NA,NA,-24.17,-23.33,2,NA
1854-01-16,NA,NA,NA,NA,NA,NA,NA,2.29,"1 pm","8 pm",NA,NA,NA,-10.39,NA,NA,NA,",sn,"
1854-01-16 07:00:00,-0.56,NA,NA,315,44.7,NA,1020.32,NA,NA,NA,84,NA,-13.89,NA,-25.44,-25.22,1,NA
1854-01-16 14:00:00,5,270,2,NA,58.92,NA,1015.92,NA,NA,NA,84,NA,-10,NA,-23.61,-23.33,NA,NA
1854-01-16 21:00:00,7.78,225,4,180,75.18,NA,1006.77,NA,NA,NA,84,NA,-7.22,NA,-22,-21.67,5,NA
1854-01-17,NA,NA,NA,NA,NA,NA,NA,0.51,"9 pm","11 pm",NA,NA,NA,-8.17,NA,NA,NA,",sn,"
1854-01-17 07:00:00,6.67,315,4,315,67.73,NA,1008.13,NA,NA,NA,85,NA,-8.89,NA,-22.78,-22.5,2,NA
1854-01-17 14:00:00,9.44,NA,NA,292.5,53.17,NA,1009.82,NA,NA,NA,64,NA,-7.22,NA,-22.5,-21.78,2,NA
1854-01-17 21:00:00,8.89,225,2,NA,61.97,NA,1009.48,NA,NA,NA,76,NA,-8.33,NA,-22.83,-22.39,NA,NA
1854-01-18,NA,NA,NA,NA,NA,NA,NA,0,"empty","empty",NA,NA,NA,-14.28,NA,NA,NA,NA
1854-01-18 07:00:00,3.33,315,3,315,49.1,NA,1015.92,NA,NA,NA,72,NA,-11.11,NA,-24.28,-23.89,11,NA
1854-01-18 14:00:00,2.78,315,4,315,35.56,NA,1018.63,NA,NA,NA,62,NA,-12.78,NA,-25.28,-24.72,16,NA
1854-01-18 21:00:00,5,315,1,292.5,35.9,NA,1022.35,NA,NA,NA,100,NA,-18.89,NA,-28,-28,1,NA
1854-01-19,NA,NA,NA,NA,NA,NA,NA,0,"empty","empty",NA,NA,NA,-13.33,NA,NA,NA,",halo,"
1854-01-19 07:00:00,-1.67,315,NA,337.5,37.59,NA,1022.01,NA,NA,NA,90,NA,-17.22,NA,-27.06,-27.11,1,NA
1854-01-19 14:00:00,6.11,315,2,NA,42.33,NA,1022.69,NA,NA,NA,65,NA,-11.11,NA,-24.44,-23.89,NA,NA
1854-01-19 21:00:00,7.22,NA,0,NA,52.83,NA,1021.33,NA,NA,NA,86,NA,-11.67,NA,-24.44,-24.22,NA,NA
1854-01-20,NA,NA,NA,NA,NA,NA,NA,0,"2 pm","empty",NA,NA,NA,-10.94,NA,NA,NA,",sn,"
1854-01-20 07:00:00,2.22,0,2,0,50.12,NA,1021.33,NA,NA,NA,76,NA,-11.11,NA,-24.17,-23.78,1,NA
1854-01-20 14:00:00,5,45,1,45,52.49,NA,1017.61,NA,NA,NA,80,NA,-11.11,NA,-24.06,-23.72,1,NA
1854-01-20 21:00:00,3.33,45,1,45,66.37,NA,1008.13,NA,NA,NA,97,NA,-10.56,NA,-23.56,-23.5,2,NA
1854-01-21,NA,NA,NA,NA,NA,NA,NA,NA,"6 pm","11 pm | 6 am",NA,NA,NA,0.89,NA,NA,NA,",sn,"
1854-01-21 07:00:00,7.78,202.5,6,202.5,146.97,NA,992.89,NA,NA,NA,94,NA,0,NA,-17.94,-17.78,5,NA
1854-01-21 14:00:00,12.22,202.5,2,225,172.37,NA,991.53,NA,NA,NA,87,NA,3.33,NA,-16.28,-15.83,1,NA
1854-01-21 21:00:00,14.44,135,1,135,133.76,NA,992.21,NA,NA,NA,90,NA,-0.56,NA,-18.44,-18.17,1,NA
1854-01-22,NA,NA,NA,NA,NA,NA,NA,0,"empty","empty",NA,NA,NA,-14.83,NA,NA,NA,NA
1854-01-22 07:00:00,7.22,270,2,270,49.78,NA,1001.02,NA,NA,NA,83,NA,-12.22,NA,-24.61,-24.33,11,NA
1854-01-22 14:00:00,7.22,270,3,270,26.08,NA,1008.13,NA,NA,NA,48,NA,-13.89,NA,-25.83,-25.11,16,NA
1854-01-22 21:00:00,5.56,270,2,270,24.04,NA,1021.33,NA,NA,NA,66,NA,-18.33,NA,-28.22,-27.89,5,NA
1854-01-23,NA,NA,NA,NA,NA,NA,NA,0.13,"7 pm","8 pm",NA,NA,NA,-19.22,NA,NA,NA,",sn,"
1854-01-23 07:00:00,-5,270,1,NA,14.9,NA,1026.41,NA,NA,NA,61,NA,-23.89,NA,-30.94,-30.67,NA,NA
1854-01-23 14:00:00,3.33,270,1,90,24.38,NA,1022.01,NA,NA,NA,69,NA,-17.22,NA,-27.5,-27.06,NA,NA
1854-01-23 21:00:00,6.11,45,3,45,37.59,NA,1014.56,NA,NA,NA,90,NA,-16.67,NA,-27.06,-26.94,5,NA
1854-01-24,NA,NA,NA,NA,NA,NA,NA,1.14,"8 pm","11 pm",NA,NA,NA,-16.67,NA,NA,NA,",sn,"
1854-01-24 07:00:00,-1.11,315,2,315,23.7,NA,1020.66,NA,NA,NA,80,NA,-21.11,NA,-29.44,-29.28,2,NA
1854-01-24 14:00:00,2.78,270,NA,225,29.46,NA,1019.98,NA,NA,NA,58,NA,-14.44,NA,-26.11,-25.56,2,NA
1854-01-24 21:00:00,7.22,135,1,135,46.73,NA,1010.84,NA,NA,NA,91,NA,-14.44,NA,-25.67,-25.56,1,NA
1854-01-25,NA,NA,NA,NA,NA,NA,NA,0,"empty","empty",NA,NA,NA,-19.06,NA,NA,NA,NA
1854-01-25 07:00:00,-1.67,315,3,315,27.43,NA,1018.29,NA,NA,NA,86,NA,-18.33,NA,-27.94,-27.78,5,NA
1854-01-25 14:00:00,-0.56,315,3,315,25.4,NA,1021.67,NA,NA,NA,67,NA,-18.33,NA,-28,-27.67,11,NA
1854-01-25 21:00:00,2.22,NA,0,225,19.64,NA,1027.09,NA,NA,NA,62,NA,-20.56,NA,-29.17,-28.83,2,NA
1854-01-26,NA,NA,NA,NA,NA,NA,NA,1.65,"11 am","8 pm",NA,NA,NA,-13.56,NA,NA,NA,",sn,"
1854-01-26 07:00:00,-5.56,180,1,180,21,NA,1024.72,NA,NA,NA,85,NA,-23.33,NA,-30.67,-30.56,1,NA
1854-01-26 14:00:00,2.22,180,1,180,44.02,NA,1017.27,NA,NA,NA,84,NA,-13.89,NA,-25.56,-25.33,1,NA
1854-01-26 21:00:00,8.33,180,1,135,111.07,NA,999.66,NA,NA,NA,89,NA,-3.33,NA,-19.72,-19.44,5,NA
1854-01-27,NA,NA,NA,NA,NA,NA,NA,0,"empty","empty",NA,NA,NA,-5.39,NA,NA,NA,NA
1854-01-27 07:00:00,7.78,270,2,292.5,75.52,NA,1002.37,NA,NA,NA,65,NA,-3.89,NA,-20.72,-19.83,1,NA
1854-01-27 14:00:00,13.33,270,2,292.5,89.4,NA,1001.36,NA,NA,NA,67,NA,-2.22,NA,-19.83,-18.94,1,NA
1854-01-27 21:00:00,13.33,270,2,135,59.26,NA,1004.06,NA,NA,NA,83,NA,-10,NA,-23.56,-23.28,1,NA
1854-01-28,NA,NA,NA,NA,NA,NA,NA,0.51,"8 pm","9 pm",NA,NA,NA,-15,NA,NA,NA,",sn,"
1854-01-28 07:00:00,2.78,292.5,2,315,40.98,NA,1009.48,NA,NA,NA,76,NA,-13.89,NA,-25.67,-25.33,2,NA
1854-01-28 14:00:00,6.67,NA,NA,0,38.6,NA,1010.84,NA,NA,NA,69,NA,-12.78,NA,-25.33,-24.89,2,NA
1854-01-28 21:00:00,7.22,NA,0,0,30.82,NA,1021.67,NA,NA,NA,83,NA,-18.33,NA,-27.94,-27.78,2,NA
1854-01-29,NA,NA,NA,NA,NA,NA,NA,0,"empty","empty",NA,NA,NA,-25,NA,NA,NA,",fg,"
1854-01-29 07:00:00,-4.44,NA,0,315,17.27,NA,1027.09,NA,NA,NA,75,NA,-25,NA,-31.28,-31.11,11,NA
1854-01-29 14:00:00,-0.56,315,4,315,21,NA,1029.8,NA,NA,NA,73,NA,-21.67,NA,-29.72,-29.5,5,NA
1854-01-29 21:00:00,1.67,NA,0,315,17.27,NA,1034.54,NA,NA,NA,100,NA,-28.33,NA,-33.06,-33.06,1,NA
1854-01-30,NA,NA,NA,NA,NA,NA,NA,0,"empty","empty",NA,NA,NA,-16.67,NA,NA,NA,NA
1854-01-30 07:00:00,-10,NA,0,202.5,10.5,NA,1035.22,NA,NA,NA,75,NA,-30.56,NA,-34.28,-34.17,1,NA
1854-01-30 14:00:00,2.78,NA,NA,180,34.2,NA,1033.86,NA,NA,NA,47,NA,-10,NA,-24,-23.06,5,NA
1854-01-30 21:00:00,9.44,225,1,180,64.68,NA,1029.8,NA,NA,NA,87,NA,-9.44,NA,-23.22,-23,1,NA
1854-01-31,NA,NA,NA,NA,NA,NA,NA,6.02,"11 am","12 pm",NA,NA,NA,2.94,NA,NA,NA,",ra,"
1854-01-31 07:00:00,6.11,202.5,3,180,120.89,NA,1016.26,NA,NA,NA,81,NA,-0.56,NA,-18.61,-18.06,11,NA
1854-01-31 14:00:00,11.67,180,4,180,183.2,NA,1007.45,NA,NA,NA,90,NA,4.44,NA,-15.67,-15.33,5,NA
1854-01-31 21:00:00,15,202.5,3,202.5,218.76,NA,997.63,NA,NA,NA,95,NA,5,NA,-15.06,-14.89,5,NA
1854-02-01,NA,NA,NA,NA,NA,NA,NA,0,"empty","empty",NA,NA,NA,1.67,NA,NA,NA,",ra,"
1854-02-01 07:00:00,15,247.5,2,247.5,161.87,NA,993.57,NA,NA,NA,89,NA,1.67,NA,-17.28,-16.94,1,NA
1854-02-01 14:00:00,16.11,292.5,3,247.5,160.18,NA,992.55,NA,NA,NA,78,NA,3.89,NA,-16.39,-15.67,2,NA
1854-02-01 21:00:00,15.56,292.5,3,247.5,147.31,NA,995.94,NA,NA,NA,90,NA,-0.56,NA,-17.72,-17.44,1,NA
1854-02-02,NA,NA,NA,NA,NA,NA,NA,0,"3 pm","empty",NA,NA,NA,1.11,NA,NA,NA,",sn,"
1854-02-02 07:00:00,12.78,225,5,202.5,159.84,NA,994.92,NA,NA,NA,87,NA,2.22,NA,-16.94,-16.56,2,NA
1854-02-02 14:00:00,16.11,247.5,6,247.5,138.84,NA,996.28,NA,NA,NA,58,NA,6.11,NA,-16,-14.44,2,NA
1854-02-02 21:00:00,13.89,22.5,1,22.5,100.91,NA,1005.76,NA,NA,NA,95,NA,-5,NA,-20.67,-20.56,2,NA
1854-02-03,NA,NA,NA,NA,NA,NA,NA,17.14,"empty","10 pm",NA,NA,NA,-14.83,NA,NA,NA,",sn,"
1854-02-03 07:00:00,6.11,0,3,0,50.8,NA,1009.82,NA,NA,NA,86,NA,-12.22,NA,-24.67,-24.44,5,NA
1854-02-03 14:00:00,6.11,0,3,0,46.73,NA,1008.81,NA,NA,NA,91,NA,-14.44,NA,-25.67,-25.56,5,NA
1854-02-03 21:00:00,7.78,0,3,0,41.65,NA,1008.13,NA,NA,NA,91,NA,-17.78,NA,-27.5,-27.39,11,NA
1854-02-04,NA,NA,NA,NA,NA,NA,NA,0,"empty","empty",NA,NA,NA,-22.78,NA,NA,NA,NA
1854-02-04 07:00:00,-2.22,337.5,5,337.5,25.06,NA,1007.11,NA,NA,NA,86,NA,-21.67,NA,-29.56,-29.44,11,NA
1854-02-04 14:00:00,6.11,337.5,5,337.5,22.01,NA,1014.56,NA,NA,NA,73,NA,-21.11,NA,-29.44,-29.22,11,NA
1854-02-04 21:00:00,2.22,NA,NA,247.5,18.63,NA,1016.26,NA,NA,NA,83,NA,-25.56,NA,-31.5,-31.39,1,NA
1854-02-05,NA,NA,NA,NA,NA,NA,NA,0,"empty","empty",NA,NA,NA,-24.44,NA,NA,NA,",halo,"
1854-02-05 07:00:00,-6.11,NA,NA,247.5,14.9,NA,1020.32,NA,NA,NA,89,NA,-28.89,NA,-33.22,-33.17,1,NA
1854-02-05 14:00:00,1.11,NA,NA,22.5,20.66,NA,1021.33,NA,NA,NA,56,NA,-18.33,NA,-28.22,-27.78,2,NA
1854-02-05 21:00:00,2.78,NA,NA,180,18.29,NA,1022.69,NA,NA,NA,91,NA,-26.11,NA,-32,-31.94,1,NA
1854-02-06,NA,NA,NA,NA,NA,NA,NA,0,"empty","empty",NA,NA,NA,-20.56,NA,NA,NA,NA
1854-02-06 07:00:00,-6.11,270,2,180,18.29,NA,1020.66,NA,NA,NA,91,NA,-26.11,NA,-32,-31.94,1,NA
1854-02-06 14:00:00,0.56,22.5,4,22.5,35.56,NA,1016.93,NA,NA,NA,74,NA,-15,NA,-26.28,-25.94,11,NA
1854-02-06 21:00:00,1.11,22.5,6,22.5,30.14,NA,1015.58,NA,NA,NA,75,NA,-17.22,NA,-27.39,-27.11,16,NA
1854-02-07,NA,NA,NA,NA,NA,NA,NA,0,"empty","empty",NA,NA,NA,-19.44,NA,NA,NA,NA
1854-02-07 07:00:00,-3.89,315,6,315,23.7,NA,1014.9,NA,NA,NA,75,NA,-20.56,NA,-29.11,-28.89,16,NA
1854-02-07 14:00:00,3.33,315,6,315,32.85,NA,1016.59,NA,NA,NA,80,NA,-17.22,NA,-27.61,-27.06,16,NA
1854-02-07 21:00:00,2.22,NA,NA,315,21.33,NA,1018.96,NA,NA,NA,68,NA,-20.56,NA,-29.17,-28.89,2,NA
1854-02-08,NA,NA,NA,NA,NA,NA,NA,0,"10 pm","empty",NA,NA,NA,-14.83,NA,NA,NA,",sn,"
1854-02-08 07:00:00,-3.33,NA,NA,315,19.3,NA,1023.71,NA,NA,NA,57,NA,-21.67,NA,-29.72,-29.44,1,NA
1854-02-08 14:00:00,5,270,2,225,44.7,NA,1026.41,NA,NA,NA,74,NA,-12.22,NA,-24.72,-24.33,2,NA
1854-02-08 21:00:00,6.67,270,2,135,35.22,NA,1023.71,NA,NA,NA,50,NA,-10.56,NA,-24.28,-23.44,2,NA
1854-02-09,NA,NA,NA,NA,NA,NA,NA,29.21,"empty","5 pm",NA,NA,NA,4.06,NA,NA,NA,",ra,"
1854-02-09 07:00:00,5.56,180,6,180,182.53,NA,1001.69,NA,NA,NA,92,NA,3.33,NA,-16.11,-15.83,16,NA
1854-02-09 14:00:00,13.33,180,8,180,264.48,NA,989.5,NA,NA,NA,98,NA,8.33,NA,-13.22,-13.17,27,NA
1854-02-09 21:00:00,15.56,315,4,315,135.79,NA,1000,NA,NA,NA,81,NA,0.56,NA,-17.78,-17.22,5,NA
1854-02-10,NA,NA,NA,NA,NA,NA,NA,0,"5 pm","empty",NA,NA,NA,1.67,NA,NA,NA,",sn,"
1854-02-10 07:00:00,10.56,NA,NA,202.5,124.62,NA,1005.76,NA,NA,NA,92,NA,-1.67,NA,-18.78,-18.56,2,NA
1854-02-10 14:00:00,13.89,225,3,202.5,179.14,NA,1003.39,NA,NA,NA,63,NA,5,NA,-16.39,-14.89,5,NA
1854-02-10 21:00:00,16.11,225,3,180,163.9,NA,1002.03,NA,NA,NA,94,NA,1.67,NA,-17.11,-16.94,1,NA
1854-02-11,NA,NA,NA,NA,NA,NA,NA,3.3,"empty","1 pm",NA,NA,NA,-9.83,NA,NA,NA,",sn,"
1854-02-11 07:00:00,10.56,0,3,0,68.74,NA,1006.1,NA,NA,NA,80,NA,-7.78,NA,-22.39,-22,5,NA
1854-02-11 14:00:00,11.11,337.5,3,337.5,64.34,NA,1007.79,NA,NA,NA,85,NA,-8.89,NA,-23.06,-22.78,5,NA
1854-02-11 21:00:00,8.33,315,3,315,46.39,NA,1011.85,NA,NA,NA,81,NA,-12.78,NA,-25,-24.72,2,NA
1854-02-12,NA,NA,NA,NA,NA,NA,NA,0.89,"to","5 pm",NA,NA,NA,-13.89,NA,NA,NA,",sn,"
1854-02-12 07:00:00,0.56,315,3,315,35.22,NA,1012.53,NA,NA,NA,90,NA,-17.78,NA,-27.5,-27.39,2,NA
1854-02-12 14:00:00,6.11,292.5,3,292.5,45.72,NA,1015.58,NA,NA,NA,84,NA,-13.33,NA,-25.33,-25.11,11,NA
1854-02-12 21:00:00,8.33,0,3,0,56.55,NA,1023.03,NA,NA,NA,80,NA,-10.56,NA,-23.67,-23.33,5,NA
1854-02-13,NA,NA,NA,NA,NA,NA,NA,0,"empty","empty",NA,NA,NA,-12.06,NA,NA,NA,",halo,"
1854-02-13 07:00:00,2.22,NA,NA,0,48.09,NA,1029.46,NA,NA,NA,85,NA,-12.78,NA,-25,-24.78,2,NA
1854-02-13 14:00:00,2.78,NA,NA,22.5,52.83,NA,1029.46,NA,NA,NA,66,NA,-8.33,NA,-23,-22.33,1,NA
1854-02-13 21:00:00,8.33,315,1,135,47.07,NA,1028.11,NA,NA,NA,100,NA,-15,NA,-26.11,-26.11,1,NA
1854-02-14,NA,NA,NA,NA,NA,NA,NA,0.13,"7 am","9 am",NA,NA,NA,-3.56,NA,NA,NA,",sn,"
1854-02-14 07:00:00,5,292.5,1,157.5,77.89,NA,1022.69,NA,NA,NA,79,NA,-6.11,NA,-21.56,-21.11,2,NA
1854-02-14 14:00:00,10,135,3,135,91.09,NA,1022.01,NA,NA,NA,68,NA,-1.67,NA,-19.83,-19,2,NA
1854-02-14 21:00:00,12.22,45,2,45,110.73,NA,1025.74,NA,NA,NA,91,NA,-2.78,NA,-19.83,-19.61,2,NA
1854-02-15,NA,NA,NA,NA,NA,NA,NA,2.54,"4 pm","10 am",NA,NA,NA,-0.56,NA,NA,NA,",ra,"
1854-02-15 07:00:00,7.78,67.5,2,67.5,105.99,NA,1026.41,NA,NA,NA,87,NA,-3.33,NA,-19.89,-19.56,2,NA
1854-02-15 14:00:00,13.89,90,2,90,124.62,NA,1024.38,NA,NA,NA,69,NA,2.22,NA,-17.61,-16.67,2,NA
1854-02-15 21:00:00,12.78,135,6,135,118.52,NA,1020.32,NA,NA,NA,79,NA,-0.56,NA,-18.67,-18.06,16,NA
1854-02-16,NA,NA,NA,NA,NA,NA,NA,NA,NA,NA,NA,NA,NA,1.83,NA,NA,NA,",ra,"
1854-02-16 07:00:00,10.56,157.5,6,NA,148.66,NA,1008.47,NA,NA,NA,92,NA,0.56,NA,-17.72,-17.5,20,NA
1854-02-16 14:00:00,14.44,202.5,4,180,180.83,NA,1004.74,NA,NA,NA,90,NA,3.89,NA,-16.06,-15.72,2,NA
1854-02-16 21:00:00,13.89,135,1,135,153.74,NA,1003.39,NA,NA,NA,92,NA,1.11,NA,-17.44,-17.22,1,NA
1854-02-17,NA,NA,NA,NA,NA,NA,NA,NA,"4 pm","2 am | 5 pm",NA,NA,NA,-4.67,NA,NA,NA,",sn,"
1854-02-17 07:00:00,11.67,315,3,315,90.42,NA,1009.14,NA,NA,NA,73,NA,-4.44,NA,-20.72,-20.06,5,NA
1854-02-17 14:00:00,13.89,247.5,2,315,79.58,NA,1011.18,NA,NA,NA,67,NA,-3.33,NA,-20.56,-19.72,2,NA
1854-02-17 21:00:00,11.67,247.5,2,45,52.49,NA,1015.58,NA,NA,NA,53,NA,-6.11,NA,-22,-20.94,1,NA
1854-02-18,NA,NA,NA,NA,NA,NA,NA,0,"empty","empty",NA,NA,NA,-4.11,NA,NA,NA,NA
1854-02-18 07:00:00,6.67,NA,NA,225,58.25,NA,1017.95,NA,NA,NA,71,NA,-8.33,NA,-22.83,-22.28,2,NA
1854-02-18 14:00:00,11.11,225,2,225,79.24,NA,1014.22,NA,NA,NA,59,NA,-2.22,NA,-20,-18.89,2,NA
1854-02-18 21:00:00,12.78,225,1,225,87.37,NA,1010.16,NA,NA,NA,64,NA,-1.67,NA,-19.72,-18.72,1,NA
1854-02-19,NA,NA,NA,NA,NA,NA,NA,4.06,"2 am","4 pm",NA,NA,NA,-9.83,NA,NA,NA,",sn,"
1854-02-19 07:00:00,10,180,1,180,155.77,NA,1005.42,NA,NA,NA,100,NA,0,NA,-17.78,-17.78,1,NA
1854-02-19 14:00:00,10,315,4,315,62.31,NA,1009.48,NA,NA,NA,90,NA,-10.56,NA,-23.61,-23.44,5,NA
1854-02-19 21:00:00,6.11,NA,NA,315,32.85,NA,1015.92,NA,NA,NA,89,NA,-18.89,NA,-27.89,-27.78,1,NA
1854-02-20,NA,NA,NA,NA,NA,NA,NA,0,"empty","empty",NA,NA,NA,-21.44,NA,NA,NA,NA
1854-02-20 07:00:00,-1.11,315,2,180,22.01,NA,1021,NA,NA,NA,100,NA,-25.56,NA,-31.39,-31.39,1,NA
1854-02-20 14:00:00,2.22,315,3,315,34.54,NA,1022.35,NA,NA,NA,74,NA,-15.56,NA,-26.44,-26.11,2,NA
1854-02-20 21:00:00,3.33,NA,NA,180,23.03,NA,1025.4,NA,NA,NA,93,NA,-23.33,NA,-30.5,-30.44,1,NA
1854-02-21,NA,NA,NA,NA,NA,NA,NA,14.22,"2 pm","12 pm",NA,NA,NA,-16.11,NA,NA,NA,",sn,"
1854-02-21 07:00:00,-3.89,247.5,2,315,23.7,NA,1021,NA,NA,NA,100,NA,-24.44,NA,-30.94,-30.94,1,NA
1854-02-21 14:00:00,-3.33,45,1,45,46.39,NA,1011.51,NA,NA,NA,81,NA,-12.78,NA,-25,-24.72,1,NA
1854-02-21 21:00:00,2.22,45,1,45,57.91,NA,1003.73,NA,NA,NA,89,NA,-11.11,NA,-24.06,-23.89,11,NA
1854-02-22,NA,NA,NA,NA,NA,NA,NA,0,"empty","empty",NA,NA,NA,-10.78,NA,NA,NA,NA
1854-02-22 07:00:00,2.78,315,2,315,49.1,NA,1004.4,NA,NA,NA,85,NA,-12.78,NA,-24.89,-24.67,5,NA
1854-02-22 14:00:00,8.33,NA,NA,292.5,46.39,NA,1008.13,NA,NA,NA,51,NA,-7.22,NA,-22.67,-21.67,2,NA
1854-02-22 21:00:00,7.78,225,2,45,49.78,NA,1008.81,NA,NA,NA,85,NA,-12.22,NA,-24.83,-24.61,1,NA
1854-02-23,NA,NA,NA,NA,NA,NA,NA,16.76,"10 am","7 pm",NA,NA,NA,2.22,NA,NA,NA,",sn,"
1854-02-23 07:00:00,7.22,202.5,5,202.5,143.58,NA,1003.73,NA,NA,NA,88,NA,0,NA,-18.06,-17.72,11,NA
1854-02-23 14:00:00,12.78,157.5,5,157.5,196.41,NA,998.65,NA,NA,NA,95,NA,3.89,NA,-16.28,-15.56,2,NA
1854-02-23 21:00:00,17.22,135,3,135,182.87,NA,987.81,NA,NA,NA,95,NA,2.78,NA,-16.28,-16.67,1,NA
1854-02-24,NA,NA,NA,NA,NA,NA,NA,14.99,"10 pm","8 am",NA,NA,NA,-12.78,NA,NA,NA,",sn,"
1854-02-24 07:00:00,7.78,315,5,315,50.8,NA,997.29,NA,NA,NA,96,NA,-13.89,NA,-25.33,-25.28,16,NA
1854-02-24 14:00:00,6.67,315,4,315,41.65,NA,1003.39,NA,NA,NA,61,NA,-10.56,NA,-24,-23.33,16,NA
1854-02-24 21:00:00,6.11,315,4,315,36.57,NA,1010.84,NA,NA,NA,68,NA,-13.89,NA,-25.61,-25.17,11,NA
1854-02-25,NA,NA,NA,NA,NA,NA,NA,0,"empty","empty",NA,NA,NA,-20.17,NA,NA,NA,NA
1854-02-25 07:00:00,1.11,292.5,2,292.5,29.8,NA,1021.67,NA,NA,NA,88,NA,-20,NA,-28.61,-28.5,16,NA
1854-02-25 14:00:00,6.11,292.5,2,292.5,35.22,NA,1028.78,NA,NA,NA,90,NA,-17.78,NA,-27.5,-27.39,5,NA
1854-02-25 21:00:00,2.78,NA,NA,292.5,24.72,NA,1036.24,NA,NA,NA,93,NA,-22.78,NA,-30.11,-30.06,1,NA
1854-02-26,NA,NA,NA,NA,NA,NA,NA,0,"8 pm","empty",NA,NA,NA,7.56,NA,NA,NA,",sn,"
1854-02-26 07:00:00,-6.11,292.5,2,180,23.7,NA,1037.93,NA,NA,NA,80,NA,-21.11,NA,-29.44,-29.28,1,NA
1854-02-26 14:00:00,7.22,225,4,180,81.27,NA,1033.19,NA,NA,NA,69,NA,-3.89,NA,-20.56,-19.78,5,NA
1854-02-26 21:00:00,12.78,135,4,135,127.33,NA,1022.01,NA,NA,NA,96,NA,-2.22,NA,-19.06,-18.94,11,NA
1854-02-27,NA,NA,NA,NA,NA,NA,NA,NA,"11 am","6 am | 2 pm",NA,NA,NA,-1.89,NA,NA,NA,NA
1854-02-27 07:00:00,11.67,202.5,6,202.5,248.22,NA,989.84,NA,NA,NA,98,NA,6.67,NA,-14.06,-14,5,NA
1854-02-27 14:00:00,13.33,0,5,0,97.87,NA,1001.02,NA,NA,NA,82,NA,-3.33,NA,-20.17,-19.72,16,NA
1854-02-27 21:00:00,10.56,0,5,0,64.68,NA,1012.87,NA,NA,NA,82,NA,-8.89,NA,-22.89,-22.56,11,NA
1854-02-28,NA,NA,NA,NA,NA,NA,NA,0,"empty","empty",NA,NA,NA,-7.44,NA,NA,NA,NA
1854-02-28 07:00:00,2.78,337.5,2,337.5,46.39,NA,1026.08,NA,NA,NA,75,NA,-11.67,NA,-24.56,-24.17,5,NA
1854-02-28 14:00:00,14.44,NA,NA,270,72.13,NA,1028.78,NA,NA,NA,62,NA,-3.89,NA,-20.83,-19.89,2,NA
1854-02-28 21:00:00,12.22,225,1,180,73.48,NA,1026.08,NA,NA,NA,71,NA,-6.67,NA,-21.33,-22,1,NA
1854-03-01,NA,NA,NA,NA,NA,NA,NA,NA,NA,NA,NA,NA,NA,-0.78,NA,NA,NA,",halo,"
1854-03-01 07:00:00,7.78,225,1,180,99.9,NA,1018.63,NA,NA,NA,86,NA,-4.44,NA,-20.33,-20,2,NA
1854-03-01 14:00:00,12.78,225,1,225,97.19,NA,1014.22,NA,NA,NA,48,NA,3.33,NA,-17.5,-15.72,2,NA
1854-03-01 21:00:00,13.33,225,1,225,99.56,NA,1015.24,NA,NA,NA,69,NA,-1.11,NA,-19.22,-18.33,1,NA
1854-03-02,NA,NA,NA,NA,NA,NA,NA,NA,NA,NA,NA,NA,NA,-5.22,NA,NA,NA,NA
1854-03-02 07:00:00,3.89,270,1,315,111.41,NA,1017.61,NA,NA,NA,80,NA,-1.67,NA,-19.17,-18.61,2,NA
1854-03-02 14:00:00,10,315,2,0,75.86,NA,1021.33,NA,NA,NA,61,NA,-3.33,NA,-20.44,-19.44,2,NA
1854-03-02 21:00:00,8.89,NA,0,0,61.97,NA,1026.08,NA,NA,NA,90,NA,-10.56,NA,-23.67,-23.5,1,NA
1854-03-03,NA,NA,NA,NA,NA,NA,NA,0,"11pm","empty",NA,NA,NA,-11.5,NA,NA,NA,",sn,"
1854-03-03 07:00:00,0,NA,0,0,36.57,NA,1026.75,NA,NA,NA,74,NA,-15,NA,-26.11,-25.78,1,NA
1854-03-03 14:00:00,4.44,270,1,45,51.13,NA,1024.38,NA,NA,NA,69,NA,-9.44,NA,-23.5,-22.94,1,NA
1854-03-03 21:00:00,7.78,270,1,45,51.81,NA,1018.96,NA,NA,NA,71,NA,-10,NA,-23.67,-23.17,1,NA
1854-03-04,NA,NA,NA,NA,NA,NA,NA,3.05,"empty","10am",NA,NA,NA,-6.33,NA,NA,NA,",sn,"
1854-03-04 07:00:00,5.56,NA,NA,45,75.18,NA,1015.24,NA,NA,NA,94,NA,-8.89,NA,-22.61,-22.5,1,NA
1854-03-04 14:00:00,10,225,1,45,93.13,NA,1014.56,NA,NA,NA,86,NA,-4.44,NA,-20.72,-20.39,1,NA
1854-03-04 21:00:00,11.67,180,1,135,96.85,NA,1013.55,NA,NA,NA,92,NA,-5.56,NA,-20.83,-20.67,1,NA
1854-03-05,NA,NA,NA,NA,NA,NA,NA,0,"2pm","empty",NA,NA,NA,-1.67,NA,NA,NA,",sn,"
1854-03-05 07:00:00,8.33,67.5,1,67.5,109.38,NA,1006.77,NA,NA,NA,95,NA,-3.89,NA,-20.11,-20,1,NA
1854-03-05 14:00:00,11.67,135,1,135,123.26,NA,1003.39,NA,NA,NA,78,NA,0.56,NA,-18.06,-17.39,1,NA
1854-03-05 21:00:00,15.56,135,1,135,132.75,NA,1005.42,NA,NA,NA,96,NA,-1.67,NA,-18.78,-18.67,1,NA
1854-03-06,NA,NA,NA,NA,NA,NA,NA,13.46,"empty","4pm",NA,NA,NA,-4.44,NA,NA,NA,",sn,"
1854-03-06 07:00:00,10.56,0,1,0,123.94,NA,1005.76,NA,NA,NA,100,NA,-2.78,NA,-19.44,-19.44,1,NA
1854-03-06 14:00:00,11.11,0,2,45,113.44,NA,1006.43,NA,NA,NA,87,NA,-2.22,NA,-19.44,-19.11,2,NA
1854-03-06 21:00:00,11.11,315,1,225,74.5,NA,1015.58,NA,NA,NA,94,NA,-8.33,NA,-22.67,-22.56,1,NA
1854-03-07,NA,NA,NA,NA,NA,NA,NA,0.76,"9pm","11pm",NA,NA,NA,-5.94,NA,NA,NA,",sn,"
1854-03-07 07:00:00,4.44,247.5,1,180,47.07,NA,1017.95,NA,NA,NA,100,NA,-15.56,NA,-26.22,-26.22,1,NA
1854-03-07 14:00:00,12.78,247.5,1,225,105.66,NA,1016.59,NA,NA,NA,70,NA,-0.56,NA,-18.89,-18,2,NA
1854-03-07 21:00:00,12.78,225,1,202.5,130.38,NA,1015.24,NA,NA,NA,96,NA,-1.67,NA,-19,-18.89,1,NA
1854-03-08,NA,NA,NA,NA,NA,NA,NA,2.29,"4pm","7pm",NA,NA,NA,0,NA,NA,NA,",sn,"
1854-03-08 07:00:00,11.11,270,1,202.5,135.79,NA,1011.85,NA,NA,NA,90,NA,-0.56,NA,-23.33,-18.06,1,NA
1854-03-08 14:00:00,12.78,270,1,22.5,139.52,NA,1010.16,NA,NA,NA,85,NA,1.11,NA,-17.78,-17.33,1,NA
1854-03-08 21:00:00,15,180,2,180,128.68,NA,1006.1,NA,NA,NA,87,NA,-0.56,NA,-18.5,-18.11,1,NA
1854-03-09,NA,NA,NA,NA,NA,NA,NA,0,"8pm","empty",NA,NA,NA,-2.78,NA,NA,NA,",sn,"
1854-03-09 07:00:00,8.89,0,1,0,89.4,NA,1005.42,NA,NA,NA,94,NA,-2.22,NA,-19.22,-19.06,2,NA
1854-03-09 14:00:00,11.11,45,2,22.5,123.6,NA,1011.18,NA,NA,NA,86,NA,-1.67,NA,-19.17,-18.78,1,NA
1854-03-09 21:00:00,11.11,45,1,45,102.61,NA,1017.27,NA,NA,NA,91,NA,-4.44,NA,-20.33,-20.11,1,NA
1854-03-10,NA,NA,NA,NA,NA,NA,NA,NA,NA,NA,NA,NA,NA,-1.5,NA,NA,NA,",sn,"
1854-03-10 07:00:00,9.44,90,1,90,109.04,NA,1018.29,NA,NA,NA,98,NA,-5,NA,-20.39,-20.33,1,NA
1854-03-10 14:00:00,12.22,135,2,135,136.81,NA,1014.56,NA,NA,NA,81,NA,1.67,NA,-17.61,-17.06,2,NA
1854-03-10 21:00:00,11.67,135,1,135,136.47,NA,1005.42,NA,NA,NA,96,NA,-1.11,NA,-18.56,-18.44,1,NA
1854-03-11,NA,NA,NA,NA,NA,NA,NA,16.89,NA,"1pm",NA,NA,NA,-3.56,NA,NA,NA,",sn,"
1854-03-11 07:00:00,11.11,0,1,0,140.87,NA,991.87,NA,NA,NA,96,NA,-1.11,NA,-18.33,-18.22,1,NA
1854-03-11 14:00:00,13.33,315,4,315,125.3,NA,997.29,NA,NA,NA,85,NA,-0.56,NA,-18.61,-18.17,16,NA
1854-03-11 21:00:00,13.33,315,5,315,70.78,NA,1013.21,NA,NA,NA,88,NA,-8.89,NA,-22.67,-22.44,11,NA
1854-03-12,NA,NA,NA,NA,NA,NA,NA,NA,NA,NA,NA,NA,NA,-2.44,NA,NA,NA,",halo,"
1854-03-12 07:00:00,4.44,315,3,180,53.17,NA,1020.32,NA,NA,NA,92,NA,-12.22,NA,-24.83,-24.72,2,NA
1854-03-12 14:00:00,8.89,225,4,225,118.86,NA,1015.92,NA,NA,NA,60,NA,3.33,NA,-17.22,-15.89,11,NA
1854-03-12 21:00:00,12.22,225,1,225,136.13,NA,1012.87,NA,NA,NA,77,NA,1.67,NA,-17.5,-16.78,5,NA
1854-03-13,NA,NA,NA,NA,NA,NA,NA,0.51,"8pm","11pm",NA,NA,NA,3.11,NA,NA,NA,NA
1854-03-13 07:00:00,13.89,270,2,270,141.21,NA,1011.18,NA,NA,NA,79,NA,1.67,NA,-17.33,-16.67,2,NA
1854-03-13 14:00:00,15.56,270,2,22.5,137.83,NA,1010.16,NA,NA,NA,60,NA,6.11,NA,-16.11,-14.61,2,NA
1854-03-13 21:00:00,16.67,22.5,1,22.5,157.81,NA,1012.87,NA,NA,NA,94,NA,1.67,NA,-17.06,-16.89,1,NA
1854-03-14,NA,NA,NA,NA,NA,NA,NA,0,"8pm","empty",NA,NA,NA,-4.28,NA,NA,NA,NA
1854-03-14 07:00:00,11.11,0,2,0,85,NA,1023.03,NA,NA,NA,85,NA,-6.11,NA,-21.28,-20.94,1,NA
1854-03-14 14:00:00,11.11,270,2,45,71.79,NA,1023.71,NA,NA,NA,61,NA,-3.33,NA,-20.72,-19.72,1,NA
1854-03-14 21:00:00,12.78,225,NA,135,92.45,NA,1019.3,NA,NA,NA,76,NA,-3.33,NA,-20.17,-19.56,5,NA
1854-03-15,NA,NA,NA,NA,NA,NA,NA,6.35,"empty","8am",NA,NA,NA,-1.33,NA,NA,NA,",sn,"
1854-03-15 07:00:00,10,0,1,0,135.46,NA,1007.79,NA,NA,NA,96,NA,-1.67,NA,-18.61,-18.5,2,NA
1854-03-15 14:00:00,12.22,0,3,0,138.16,NA,1006.77,NA,NA,NA,77,NA,2.22,NA,-17.39,-16.67,1,NA
1854-03-15 21:00:00,12.22,315,1,315,110.4,NA,1009.14,NA,NA,NA,100,NA,-4.44,NA,-20.28,-20.28,1,NA
1854-03-16,NA,NA,NA,NA,NA,NA,NA,0,"10am","empty",NA,NA,NA,1.44,NA,NA,NA,NA
1854-03-16 07:00:00,9.44,NA,NA,180,132.75,NA,1002.37,NA,NA,NA,94,NA,-1.67,NA,-18.67,-18.5,5,NA
1854-03-16 14:00:00,11.67,180,5,180,169.32,NA,992.55,NA,NA,NA,94,NA,2.22,NA,-16.83,-16.67,16,NA
1854-03-16 21:00:00,13.89,225,2,225,193.36,NA,988.83,NA,NA,NA,95,NA,3.89,NA,-15.83,-15.67,2,NA
1854-03-17,NA,NA,NA,NA,NA,NA,NA,NA,"4pm","3am | 5pm",NA,NA,NA,2.22,NA,NA,NA,",sn,"
1854-03-17 07:00:00,13.33,292.5,3,225,164.92,NA,984.08,NA,NA,NA,83,NA,3.33,NA,-16.44,-15.89,5,NA
1854-03-17 14:00:00,16.11,NA,NA,225,110.06,NA,987.47,NA,NA,NA,49,NA,5.56,NA,-16.72,-14.83,16,NA
1854-03-17 21:00:00,12.78,NA,0,NA,124.96,NA,996.28,NA,NA,NA,92,NA,-2.22,NA,-19,-18.78,NA,NA
1854-03-18,NA,NA,NA,NA,NA,NA,NA,10.16,"6am","11am",NA,NA,NA,-3.17,NA,NA,NA,",sn,"
1854-03-18 07:00:00,10.56,135,4,135,140.87,NA,984.76,NA,NA,NA,98,NA,-1.67,NA,-18.67,-18.61,16,NA
1854-03-18 14:00:00,12.22,225,4,202.5,69.42,NA,971.22,NA,NA,NA,45,NA,0.56,NA,-19.17,-17.5,20,NA
1854-03-18 21:00:00,6.67,225,3,225,78.23,NA,976.63,NA,NA,NA,94,NA,-8.33,NA,-22.33,-22.22,NA,NA
1854-03-19,NA,NA,NA,NA,NA,NA,NA,NA,NA,NA,NA,NA,NA,-5.94,NA,NA,NA,NA
1854-03-19 07:00:00,5.56,270,2,270,54.86,NA,994.58,NA,NA,NA,55,NA,-5.56,NA,-21.94,-20.94,5,NA
1854-03-19 14:00:00,8.89,315,2,315,73.82,NA,998.98,NA,NA,NA,64,NA,-4.44,NA,-20.94,-20.06,2,NA
1854-03-19 21:00:00,8.33,315,2,225,80.6,NA,1004.06,NA,NA,NA,92,NA,-7.78,NA,-22,-21.83,1,NA
1854-03-20,NA,NA,NA,NA,NA,NA,NA,NA,NA,NA,NA,NA,NA,-10.22,NA,NA,NA,NA
1854-03-20 07:00:00,5.56,225,1,NA,50.12,NA,1006.1,NA,NA,NA,68,NA,-10,NA,-23.67,-23.11,NA,NA
1854-03-20 14:00:00,6.67,270,2,NA,54.52,NA,1006.43,NA,NA,NA,62,NA,-7.22,NA,-22.56,-21.78,NA,NA
1854-03-20 21:00:00,7.78,NA,0,225,47.75,NA,1010.84,NA,NA,NA,88,NA,-13.33,NA,-25.28,-25.11,2,NA
1854-03-21,NA,NA,NA,NA,NA,NA,NA,0.13,"8am","12am",NA,NA,NA,-13.89,NA,NA,NA,",sn,"
1854-03-21 07:00:00,1.67,315,3,315,46.39,NA,1011.18,NA,NA,NA,85,NA,-13.33,NA,-25.22,-25,1,NA
1854-03-21 14:00:00,6.67,315,3,315,49.78,NA,1012.19,NA,NA,NA,83,NA,-11.67,NA,-24.56,-24.28,5,NA
1854-03-21 21:00:00,6.11,315,3,315,39.28,NA,1014.22,NA,NA,NA,91,NA,-16.67,NA,-26.78,-26.67,1,NA
1854-03-22,NA,NA,NA,NA,NA,NA,NA,NA,NA,NA,NA,NA,NA,-10.22,NA,NA,NA,NA
1854-03-22 07:00:00,-0.56,270,1,270,39.28,NA,1013.21,NA,NA,NA,69,NA,-13.33,NA,-25.28,-24.83,2,NA
1854-03-22 14:00:00,4.44,NA,0,0,64.34,NA,1012.19,NA,NA,NA,67,NA,-6.11,NA,-21.89,-21.17,2,NA
1854-03-22 21:00:00,8.89,NA,0,0,55.2,NA,1013.55,NA,NA,NA,83,NA,-11.11,NA,-24,-23.72,1,NA
1854-03-23,NA,NA,NA,NA,NA,NA,NA,NA,NA,NA,NA,NA,NA,-3.89,NA,NA,NA,",halo,"
1854-03-23 07:00:00,1.11,270,1,180,53.84,NA,1011.85,NA,NA,NA,89,NA,-12.22,NA,-24.61,-24.44,1,NA
1854-03-23 14:00:00,10,270,1,157.5,51.13,NA,1009.14,NA,NA,NA,23,NA,5,NA,-17.61,-15.06,2,NA
1854-03-23 21:00:00,12.78,NA,0,180,86.01,NA,1006.77,NA,NA,NA,77,NA,-4.44,NA,-20.72,-15.39,1,NA
1854-03-24,NA,NA,NA,NA,NA,NA,NA,13.46,"4pm","11pm",NA,NA,NA,-1.11,NA,NA,NA,",sn,"
1854-03-24 07:00:00,6.67,270,NA,22.5,93.13,NA,997.29,NA,NA,NA,92,NA,-5,NA,-20.83,-20.67,0,NA
1854-03-24 14:00:00,11.11,180,4,90,79.24,NA,988.83,NA,NA,NA,39,NA,3.33,NA,-17.61,-15.83,2,NA
1854-03-24 21:00:00,14.44,45,4,45,133.76,NA,984.76,NA,NA,NA,96,NA,-1.67,NA,-18.72,-18.61,2,NA
1854-03-25,NA,NA,NA,NA,NA,NA,NA,NA,NA,NA,NA,NA,NA,-0.39,NA,NA,NA,NA
1854-03-25 07:00:00,10,202.5,4,202.5,145.61,NA,981.71,NA,NA,NA,90,NA,0,NA,-18.11,-17.83,16,NA
1854-03-25 14:00:00,13.89,202.5,4,202.5,139.52,NA,984.42,NA,NA,NA,85,NA,1.11,NA,-17.5,-17.06,16,NA
1854-03-25 21:00:00,13.33,202.5,NA,202.5,102.27,NA,985.44,NA,NA,NA,79,NA,-2.22,NA,-19.67,-19.11,16,NA
1854-03-26,NA,NA,NA,NA,NA,NA,NA,0.13,"12am","4pm",NA,NA,NA,-3.56,NA,NA,NA,",sn,"
1854-03-26 07:00:00,7.78,225,2,202.5,95.16,NA,983.41,NA,NA,NA,80,NA,-3.33,NA,-20.22,-19.72,11,NA
1854-03-26 14:00:00,11.11,225,2,225,96.51,NA,984.42,NA,NA,NA,74,NA,-2.22,NA,-19.83,-19.17,16,NA
1854-03-26 21:00:00,10,225,2,225,93.8,NA,988.83,NA,NA,NA,86,NA,-5,NA,-20.67,-20.33,5,NA
1854-03-27,NA,NA,NA,NA,NA,NA,NA,NA,NA,NA,NA,NA,NA,-3.17,NA,NA,NA,",sn,"
1854-03-27 07:00:00,6.11,225,1,225,83.64,NA,989.5,NA,NA,NA,80,NA,-5.56,NA,-21.11,-20.67,5,NA
1854-03-27 14:00:00,10.56,NA,NA,315,109.38,NA,990.86,NA,NA,NA,79,NA,-1.11,NA,-19.28,-18.33,11,NA
1854-03-27 21:00:00,12.22,270,1,225,93.8,NA,995.94,NA,NA,NA,78,NA,-2.78,NA,-19.83,-19.28,2,NA
1854-03-28,NA,NA,NA,NA,NA,NA,NA,NA,NA,NA,NA,NA,NA,-1.67,NA,NA,NA,",sn,"
1854-03-28 07:00:00,8.89,315,3,315,117.51,NA,999.66,NA,NA,NA,87,NA,-2.22,NA,-19.22,-18.89,11,NA
1854-03-28 14:00:00,12.22,0,2,22.5,135.79,NA,1003.39,NA,NA,NA,81,NA,1.11,NA,-18.06,-17.5,11,NA
1854-03-28 21:00:00,12.78,22.5,2,22.5,98.88,NA,1009.48,NA,NA,NA,82,NA,-3.89,NA,-20.11,-19.67,5,NA
1854-03-29,NA,NA,NA,NA,NA,NA,NA,NA,NA,NA,NA,NA,NA,-3.89,NA,NA,NA,",sn,"
1854-03-29 07:00:00,8.33,337.5,2,337.5,81.95,NA,1012.19,NA,NA,NA,84,NA,-6.11,NA,-21.5,-21.17,1,NA
1854-03-29 14:00:00,11.67,337.5,2,0,86.01,NA,1012.87,NA,NA,NA,58,NA,-0.56,NA,-19.39,-18.17,11,NA
1854-03-29 21:00:00,13.33,0,2,0,74.84,NA,1017.95,NA,NA,NA,71,NA,-5,NA,-21.22,-18.06,5,NA
1854-03-30,NA,NA,NA,NA,NA,NA,NA,NA,NA,NA,NA,NA,NA,-7.06,NA,NA,NA,NA
1854-03-30 07:00:00,7.22,292.5,1,270,77.89,NA,1021.67,NA,NA,NA,84,NA,-6.67,NA,-21.78,-21.44,2,NA
1854-03-30 14:00:00,9.44,315,2,0,69.76,NA,1022.69,NA,NA,NA,63,NA,-3.33,NA,-21.11,-20.22,11,NA
1854-03-30 21:00:00,10.56,NA,0,180,65.02,NA,1027.77,NA,NA,NA,100,NA,-11.11,NA,-24,-24,1,NA
1854-03-31,NA,NA,NA,NA,NA,NA,NA,NA,NA,NA,NA,NA,NA,-6.33,NA,NA,NA,NA
1854-03-31 07:00:00,3.33,NA,0,202.5,46.05,NA,1031.49,NA,NA,NA,85,NA,-13.89,NA,-25.33,-25.11,1,NA
1854-03-31 14:00:00,13.33,247.5,2,67.5,74.16,NA,1033.53,NA,NA,NA,55,NA,-1.67,NA,-20.11,-18.89,2,NA
1854-03-31 21:00:00,10.56,247.5,2,180,103.96,NA,1032.51,NA,NA,NA,87,NA,-3.33,NA,-20,-19.67,5,NA
